0;35
1;35
2;35
3;35
4;35
5;68
6;68
7;168
8;168
9;168
10;168
11;168
12;168
13;197
14;197
15;197
16;197
17;197
18;225
19;225
20;225
21;225
22;225
23;225
24;225
25;225
26;225
27;225
28;225
29;225
30;225
31;287
32;287
33;287
34;287
35;287
36;287
37;287
38;287
39;287
40;287
41;287
42;287
43;287
44;287
45;287
46;287
47;287
48;287
49;287
50;287
51;287
52;287
53;287
54;287
55;287
56;287
57;287
58;287
59;287
60;287
61;287
62;287
63;287
64;287
65;287
66;287
67;287
68;287
69;287
70;287
71;287
72;287
73;287
74;287
75;287
76;287
77;287
78;287
79;287
80;287
81;287
82;287
83;287
84;287
85;287
86;287
87;287
88;287
89;287
90;287
91;287
92;287
93;287
94;287
95;287
96;287
97;287
98;287
99;287
100;287
101;287
102;287
103;287
104;287
105;287
106;287
107;287
108;287
109;287
110;287
111;287
112;287
113;287
114;287
115;287
116;287
117;287
118;287
119;287
120;287
121;287
122;287
123;287
124;287
125;287
126;287
127;287
128;287
129;287
130;287
131;287
132;287
133;287
134;287
135;287
136;287
137;287
138;287
139;287
140;287
141;287
142;287
143;287
144;287
145;287
146;287
147;287
148;287
149;287
150;287
151;337
152;337
153;337
154;337
155;337
156;337
157;337
158;337
159;337
160;337
161;337
162;337
163;337
164;337
165;337
166;337
167;337
168;337
169;337
170;337
171;337
172;337
173;337
174;337
175;337
176;337
177;337
178;337
179;337
180;337
181;337
182;337
183;337
184;337
185;337
186;337
187;337
188;337
189;337
190;337
191;337
192;337
193;337
194;337
195;337
196;337
197;337
198;337
199;337
200;337
201;337
202;337
203;337
204;337
205;337
206;337
207;337
208;337
209;337
210;337
211;337
212;337
213;337
214;337
215;337
216;337
217;337
218;337
219;337
220;337
221;337
222;337
223;337
224;337
225;337
226;337
227;337
228;337
229;337
230;337
231;337
232;337
233;337
234;337
235;337
236;337
237;337
238;337
239;337
240;337
241;337
242;337
243;337
244;337
245;337
246;337
247;337
248;337
249;337
250;337
251;337
252;337
253;337
254;337
255;337
256;337
257;337
258;337
259;337
260;337
261;337
262;337
263;337
264;337
265;337
266;337
267;337
268;337
269;337
270;337
271;337
272;337
273;337
274;337
275;337
276;337
277;337
278;337
279;337
280;337
281;337
282;337
283;337
284;337
285;337
286;337
287;337
288;337
289;337
290;337
291;337
292;337
293;337
294;337
295;337
296;337
297;337
298;337
299;337
300;337
301;337
302;337
303;337
304;337
305;337
306;337
307;337
308;337
309;337
310;337
311;337
312;337
313;337
314;337
315;337
316;337
317;337
318;337
319;337
320;337
321;337
322;337
323;337
324;337
325;337
326;337
327;337
328;337
329;337
330;337
331;337
332;337
333;337
334;337
335;337
336;337
337;337
338;337
339;337
340;337
341;337
342;337
343;337
344;337
345;337
346;337
347;337
348;337
349;337
350;337
351;337
352;337
353;337
354;337
355;337
356;337
357;337
358;337
359;337
360;337
361;337
362;337
363;337
364;337
365;337
366;337
367;337
368;337
369;337
370;337
371;337
372;337
373;337
374;337
375;337
376;337
377;337
378;337
379;337
380;337
381;337
382;337
383;337
384;337
385;337
386;337
387;337
388;337
389;337
390;337
391;337
392;337
393;337
394;337
395;337
396;337
397;337
398;337
399;337
400;337
401;337
402;337
403;337
404;337
405;337
406;337
407;337
408;337
409;337
410;337
411;337
412;337
413;337
414;337
415;337
416;337
417;337
418;337
419;337
420;337
421;337
422;337
423;337
424;337
425;337
426;337
427;337
428;337
429;337
430;337
431;337
432;337
433;337
434;337
435;337
436;337
437;337
438;337
439;337
440;337
441;337
442;337
443;337
444;337
445;337
446;337
447;337
448;337
449;337
450;337
451;337
452;337
453;337
454;337
455;337
456;337
457;337
458;337
459;337
460;337
461;337
462;337
463;337
464;337
465;337
466;337
467;337
468;337
469;337
470;337
471;337
472;337
473;337
474;337
475;337
476;337
477;337
478;337
479;337
480;337
481;337
482;337
483;337
484;337
485;337
486;337
487;337
488;337
489;337
490;337
491;337
492;337
493;337
494;337
495;337
496;337
497;337
498;337
499;337
500;337
501;337
502;337
503;337
504;337
505;337
506;337
507;337
508;337
509;337
510;337
511;337
512;337
513;337
514;337
515;337
516;337
517;337
518;337
519;337
520;337
521;337
522;337
523;337
524;337
525;337
526;337
527;337
528;337
529;337
530;337
531;337
532;337
533;337
534;337
535;337
536;337
537;337
538;337
539;337
540;337
541;337
542;337
543;337
544;337
545;337
546;337
547;337
548;337
549;337
550;337
551;337
552;337
553;337
554;337
555;337
556;337
557;337
558;337
559;337
560;337
561;337
562;337
563;337
564;337
565;337
566;337
567;337
568;337
569;337
570;337
571;337
572;337
573;337
574;337
575;337
576;337
577;337
578;337
579;337
580;337
581;337
582;337
583;337
584;337
585;337
586;337
587;337
588;337
589;337
590;337
591;337
592;337
593;337
594;337
595;337
596;337
597;337
598;337
599;337
600;337
601;337
602;337
603;337
604;337
605;337
606;337
607;337
608;337
609;337
610;337
611;337
612;337
613;337
614;337
615;337
616;337
617;337
618;337
619;337
620;337
621;337
622;337
623;337
624;337
625;337
626;337
627;337
628;337
629;337
630;337
631;337
632;337
633;337
634;337
635;337
636;337
637;337
638;337
639;337
640;337
641;337
642;337
643;337
644;337
645;337
646;337
647;337
648;337
649;337
650;337
651;337
652;337
653;337
654;337
655;337
656;337
657;337
658;337
659;337
660;337
661;337
662;337
663;337
664;337
665;337
666;337
667;337
668;337
669;337
670;337
671;337
672;337
673;337
674;337
675;337
676;337
677;337
678;337
679;337
680;337
681;337
682;337
683;337
684;337
685;337
686;337
687;337
688;337
689;337
690;337
691;337
692;337
693;337
694;337
695;337
696;337
697;337
698;337
699;337
700;337
701;337
702;337
703;337
704;337
705;337
706;337
707;337
708;337
709;337
710;337
711;337
712;337
713;337
714;337
715;337
716;337
717;337
718;337
719;337
720;337
721;337
722;337
723;337
724;337
725;337
726;337
727;337
728;337
729;337
730;337
731;337
732;337
733;337
734;337
735;337
736;337
737;337
738;337
739;337
740;337
741;337
742;337
743;337
744;337
745;337
746;337
747;337
748;337
749;337
750;337
751;337
752;337
753;337
754;337
755;337
756;337
757;337
758;337
759;337
760;337
761;337
762;337
763;337
764;337
765;337
766;337
767;337
768;337
769;337
770;337
771;337
772;337
773;337
774;337
775;337
776;337
777;337
778;337
779;337
780;337
781;337
782;337
783;337
784;337
785;337
786;337
787;337
788;337
789;337
790;337
791;337
792;337
793;337
794;337
795;337
796;337
797;337
798;337
799;337
800;337
801;337
802;337
803;337
804;337
805;337
806;337
807;337
808;337
809;337
810;337
811;337
812;337
813;337
814;337
815;337
816;337
817;337
818;337
819;337
820;337
821;337
822;337
823;337
824;337
825;337
826;337
827;337
828;337
829;337
830;337
831;337
832;337
833;337
834;337
835;337
836;337
837;337
838;337
839;337
840;337
841;337
842;337
843;337
844;337
845;337
846;337
847;337
848;337
849;337
850;337
851;337
852;337
853;337
854;337
855;337
856;337
857;337
858;337
859;337
860;337
861;337
862;337
863;337
864;337
865;337
866;337
867;337
868;337
869;337
870;337
871;337
872;337
873;337
874;337
875;337
876;337
877;337
878;337
879;337
880;337
881;337
882;337
883;337
884;337
885;337
886;337
887;337
888;337
889;337
890;337
891;337
892;337
893;337
894;337
895;337
896;337
897;337
898;337
899;337
900;337
901;337
902;337
903;337
904;337
905;337
906;337
907;337
908;337
909;337
910;337
911;337
912;337
913;337
914;337
915;337
916;337
917;337
918;337
919;337
920;337
921;337
922;337
923;337
924;337
925;337
926;337
927;337
928;337
929;337
930;337
931;337
932;337
933;337
934;337
935;337
936;337
937;337
938;337
939;337
940;337
941;337
942;337
943;337
944;337
945;337
946;337
947;337
948;337
949;337
950;337
951;337
952;337
953;337
954;337
955;337
956;337
957;337
958;337
959;337
960;337
961;337
962;337
963;337
964;337
965;337
966;337
967;337
968;337
969;337
970;337
971;337
972;337
973;337
974;337
975;337
976;337
977;337
978;337
979;337
980;337
981;337
982;337
983;337
984;337
985;337
986;337
987;337
988;337
989;337
990;337
991;337
992;337
993;337
994;337
995;337
996;337
997;337
998;337
999;337
1000;337
1001;337
1002;337
1003;337
1004;337
1005;337
1006;337
1007;337
1008;337
1009;337
1010;337
1011;337
1012;337
1013;337
1014;337
1015;337
1016;337
1017;337
1018;337
1019;337
1020;337
1021;337
1022;337
1023;337
1024;337
1025;337
1026;337
1027;337
1028;337
1029;337
1030;337
1031;337
1032;337
1033;337
1034;337
1035;337
1036;337
1037;337
1038;337
1039;337
1040;337
1041;337
1042;337
1043;337
1044;337
1045;337
1046;337
1047;337
1048;337
1049;337
1050;337
1051;337
1052;337
1053;337
1054;337
1055;337
1056;337
1057;337
1058;337
1059;337
1060;337
1061;337
1062;337
1063;337
1064;337
1065;337
1066;337
1067;337
1068;337
1069;337
1070;337
1071;337
1072;337
1073;337
1074;337
1075;337
1076;337
1077;337
1078;337
1079;337
1080;337
1081;337
1082;337
1083;337
1084;337
1085;337
1086;337
1087;337
1088;337
1089;337
1090;337
1091;337
1092;337
1093;337
1094;337
1095;337
1096;337
1097;337
1098;337
1099;337
1100;337
1101;337
1102;337
1103;337
1104;337
1105;337
1106;337
1107;337
1108;337
1109;337
1110;337
1111;337
1112;337
1113;337
1114;337
1115;337
1116;337
1117;337
1118;337
1119;337
1120;337
1121;337
1122;337
1123;337
1124;337
1125;337
1126;337
1127;337
1128;337
1129;337
1130;337
1131;337
1132;337
1133;337
1134;337
1135;337
1136;337
1137;337
1138;337
1139;337
1140;337
1141;337
1142;337
1143;337
1144;337
1145;337
1146;337
1147;337
1148;337
1149;337
1150;337
1151;337
1152;337
1153;337
1154;337
1155;337
1156;337
1157;337
1158;337
1159;337
1160;337
1161;337
1162;337
1163;337
1164;337
1165;337
1166;337
1167;337
1168;337
1169;337
1170;337
1171;337
1172;337
1173;337
1174;337
1175;337
1176;337
1177;337
1178;337
1179;337
1180;337
1181;337
1182;337
1183;337
1184;337
1185;337
1186;337
1187;337
1188;337
1189;337
1190;337
1191;337
1192;337
1193;337
1194;337
1195;337
1196;337
1197;337
1198;337
1199;337
1200;337
1201;337
1202;337
1203;337
1204;337
1205;337
1206;337
1207;337
1208;337
1209;337
1210;337
1211;337
1212;337
1213;337
1214;337
1215;337
1216;337
1217;337
1218;337
1219;337
1220;337
1221;337
1222;337
1223;337
1224;337
1225;337
1226;337
1227;337
1228;337
1229;337
1230;337
1231;337
1232;337
1233;337
1234;337
1235;337
1236;337
1237;337
1238;337
1239;337
1240;337
1241;337
1242;337
1243;337
1244;337
1245;337
1246;337
1247;337
1248;337
1249;337
1250;337
1251;337
1252;337
1253;337
1254;337
1255;337
1256;337
1257;337
1258;337
1259;337
1260;337
1261;337
1262;337
1263;337
1264;337
1265;337
1266;337
1267;337
1268;337
1269;337
1270;337
1271;337
1272;337
1273;337
1274;337
1275;337
1276;337
1277;337
1278;337
1279;337
1280;337
1281;337
1282;337
1283;337
1284;337
1285;337
1286;337
1287;337
1288;337
1289;337
1290;337
1291;337
1292;337
1293;337
1294;337
1295;337
1296;337
1297;337
1298;337
1299;337
1300;337
1301;337
1302;337
1303;337
1304;337
1305;337
1306;337
1307;337
1308;337
1309;337
1310;337
1311;337
1312;337
1313;337
1314;337
1315;337
1316;337
1317;337
1318;337
1319;337
1320;337
1321;337
1322;337
1323;337
1324;337
1325;337
1326;337
1327;337
1328;337
1329;337
1330;337
1331;337
1332;337
1333;337
1334;337
1335;337
1336;337
1337;337
1338;337
1339;337
1340;337
1341;337
1342;337
1343;337
1344;337
1345;337
1346;337
1347;337
1348;337
1349;337
1350;337
1351;337
1352;337
1353;337
1354;337
1355;337
1356;337
1357;337
1358;337
1359;337
1360;337
1361;337
1362;337
1363;337
1364;337
1365;337
1366;337
1367;337
1368;337
1369;337
1370;337
1371;337
1372;337
1373;337
1374;337
1375;337
1376;337
1377;337
1378;337
1379;337
1380;337
1381;337
1382;337
1383;337
1384;337
1385;337
1386;337
1387;337
1388;337
1389;337
1390;337
1391;337
1392;337
1393;337
1394;337
1395;337
1396;337
1397;337
1398;337
1399;337
1400;337
1401;337
1402;337
1403;337
1404;337
1405;337
1406;337
1407;337
1408;337
1409;337
1410;337
1411;337
1412;337
1413;337
1414;337
1415;337
1416;337
1417;337
1418;337
1419;337
1420;337
1421;337
1422;337
1423;337
1424;337
1425;337
1426;337
1427;337
1428;337
1429;337
1430;337
1431;337
1432;337
1433;337
1434;337
1435;337
1436;337
1437;337
1438;337
1439;337
1440;337
1441;337
1442;337
1443;337
1444;337
1445;337
1446;337
1447;337
1448;337
1449;337
1450;337
1451;337
1452;337
1453;337
1454;337
1455;337
1456;337
1457;337
1458;337
1459;337
1460;337
1461;337
1462;337
1463;337
1464;337
1465;337
1466;337
1467;337
1468;337
1469;337
1470;337
1471;337
1472;337
1473;337
1474;337
1475;337
1476;337
1477;337
1478;337
1479;337
1480;337
1481;337
1482;337
1483;337
1484;337
1485;337
1486;337
1487;337
1488;337
1489;337
1490;337
1491;337
1492;337
1493;337
1494;337
1495;337
1496;337
1497;337
1498;337
1499;337
1500;337
1501;337
1502;337
1503;337
1504;337
1505;337
1506;337
1507;337
1508;337
1509;337
1510;337
1511;337
1512;337
1513;337
1514;337
1515;337
1516;337
1517;337
1518;337
1519;337
1520;337
1521;337
1522;337
1523;337
1524;337
1525;337
1526;337
1527;337
1528;337
1529;337
1530;337
1531;337
1532;337
1533;337
1534;337
1535;337
1536;337
1537;337
1538;337
1539;337
1540;337
1541;337
1542;337
1543;337
1544;337
1545;337
1546;337
1547;337
1548;337
1549;337
1550;337
1551;337
1552;337
1553;337
1554;337
1555;337
1556;337
1557;337
1558;337
1559;337
1560;337
1561;337
1562;337
1563;337
1564;337
1565;337
1566;337
1567;337
1568;337
1569;337
1570;337
1571;337
1572;337
1573;337
1574;337
1575;337
1576;337
1577;337
1578;337
1579;337
1580;337
1581;337
1582;337
1583;337
1584;337
1585;337
1586;337
1587;337
1588;337
1589;337
1590;337
1591;337
1592;337
1593;337
1594;337
1595;337
1596;337
1597;337
1598;337
1599;337
1600;337
1601;337
1602;337
1603;337
1604;337
1605;337
1606;337
1607;337
1608;337
1609;337
1610;337
1611;337
1612;337
1613;337
1614;337
1615;337
1616;337
1617;337
1618;337
1619;337
1620;337
1621;337
1622;337
1623;337
1624;337
1625;337
1626;337
1627;337
1628;337
1629;337
1630;337
1631;337
1632;337
1633;337
1634;337
1635;337
1636;337
1637;337
1638;337
1639;337
1640;337
1641;337
1642;337
1643;337
1644;337
1645;337
1646;337
1647;337
1648;337
1649;337
1650;337
1651;337
1652;337
1653;337
1654;337
1655;337
1656;337
1657;337
1658;337
1659;337
1660;337
1661;337
1662;337
1663;337
1664;337
1665;337
1666;337
1667;337
1668;337
1669;337
1670;337
1671;337
1672;337
1673;337
1674;337
1675;337
1676;337
1677;337
1678;337
1679;337
1680;337
1681;337
1682;337
1683;337
1684;337
1685;337
1686;337
1687;337
1688;337
1689;337
1690;337
1691;337
1692;337
1693;337
1694;337
1695;337
1696;337
1697;337
1698;337
1699;337
1700;337
1701;337
1702;337
1703;337
1704;337
1705;337
1706;337
1707;337
1708;337
1709;337
1710;337
1711;337
1712;337
1713;337
1714;337
1715;337
1716;337
1717;337
1718;337
1719;337
1720;337
1721;337
1722;337
1723;337
1724;337
1725;337
1726;337
1727;337
1728;337
1729;337
1730;337
1731;337
1732;337
1733;337
1734;337
1735;337
1736;337
1737;337
1738;337
1739;337
1740;337
1741;337
1742;337
1743;337
1744;337
1745;337
1746;337
1747;337
1748;337
1749;337
1750;337
1751;337
1752;337
1753;337
1754;337
1755;337
1756;337
1757;337
1758;337
1759;337
1760;337
1761;337
1762;337
1763;337
1764;337
1765;337
1766;337
1767;337
1768;337
1769;337
1770;337
1771;337
1772;337
1773;337
1774;337
1775;337
1776;337
1777;337
1778;337
1779;337
1780;337
1781;337
1782;337
1783;337
1784;337
1785;337
1786;337
1787;337
1788;337
1789;337
1790;337
1791;337
1792;337
1793;337
1794;337
1795;337
1796;337
1797;337
1798;337
1799;337
1800;337
1801;337
1802;337
1803;337
1804;337
1805;337
1806;337
1807;337
1808;337
1809;337
1810;337
1811;337
1812;337
1813;337
1814;337
1815;337
1816;337
1817;337
1818;337
1819;337
1820;337
1821;337
1822;337
1823;337
1824;337
1825;337
1826;337
1827;337
1828;337
1829;337
1830;337
1831;337
1832;337
1833;337
1834;337
1835;337
1836;337
1837;337
1838;337
1839;337
1840;337
1841;337
1842;337
1843;337
1844;337
1845;337
1846;337
1847;337
1848;337
1849;337
1850;337
1851;337
1852;337
1853;337
1854;337
1855;337
1856;337
1857;337
1858;337
1859;337
1860;337
1861;337
1862;337
1863;337
1864;337
1865;337
1866;337
1867;337
1868;337
1869;337
1870;337
1871;337
1872;337
1873;337
1874;337
1875;337
1876;337
1877;337
1878;337
1879;337
1880;337
1881;337
1882;337
1883;337
1884;337
1885;337
1886;337
1887;337
1888;337
1889;337
1890;337
1891;337
1892;337
1893;337
1894;337
1895;337
1896;337
1897;337
1898;337
1899;337
1900;337
1901;337
1902;337
1903;337
1904;337
1905;337
1906;337
1907;337
1908;337
1909;337
1910;337
1911;337
1912;337
1913;337
1914;337
1915;337
1916;337
1917;337
1918;337
1919;337
1920;337
1921;337
1922;337
1923;337
1924;337
1925;337
1926;337
1927;337
1928;337
1929;337
1930;337
1931;337
1932;337
1933;337
1934;337
1935;337
1936;337
1937;337
1938;337
1939;337
1940;337
1941;337
1942;337
1943;337
1944;337
1945;337
1946;337
1947;337
1948;337
1949;337
1950;337
1951;337
1952;337
1953;337
1954;337
1955;337
1956;337
1957;337
1958;337
1959;337
1960;337
1961;337
1962;337
1963;337
1964;337
1965;337
1966;337
1967;337
1968;337
1969;337
1970;337
1971;337
1972;337
1973;337
1974;337
1975;337
1976;337
1977;337
1978;337
1979;337
1980;337
1981;337
1982;337
1983;337
1984;337
1985;337
1986;337
1987;337
1988;337
1989;337
1990;337
1991;337
1992;337
1993;337
1994;337
1995;337
1996;337
1997;337
1998;337
1999;337
2000;337
2001;337
2002;337
2003;337
2004;337
2005;337
2006;337
2007;337
2008;337
2009;337
2010;337
2011;337
2012;337
2013;337
2014;337
2015;337
2016;337
2017;337
2018;337
2019;337
2020;337
2021;337
2022;337
2023;337
2024;337
2025;337
2026;337
2027;337
2028;337
2029;337
2030;337
2031;337
2032;337
2033;337
2034;337
2035;337
2036;337
2037;337
2038;337
2039;337
2040;337
2041;337
2042;337
2043;337
2044;337
2045;337
2046;337
2047;337
2048;337
2049;337
2050;337
2051;337
2052;337
2053;337
2054;337
2055;337
2056;337
2057;337
2058;337
2059;337
2060;337
2061;337
2062;337
2063;337
2064;337
2065;337
2066;337
2067;337
2068;337
2069;337
2070;337
2071;337
2072;337
2073;337
2074;337
2075;337
2076;337
2077;337
2078;337
2079;337
2080;337
2081;337
2082;337
2083;337
2084;337
2085;337
2086;337
2087;337
2088;337
2089;337
2090;337
2091;337
2092;337
2093;337
2094;337
2095;337
2096;337
2097;337
2098;337
2099;337
2100;337
2101;337
2102;337
2103;337
2104;337
2105;337
2106;337
2107;337
2108;337
2109;337
2110;337
2111;337
2112;337
2113;337
2114;337
2115;337
2116;337
2117;337
2118;337
2119;337
2120;337
2121;337
2122;337
2123;337
2124;337
2125;337
2126;337
2127;337
2128;337
2129;337
2130;337
2131;337
2132;337
2133;337
2134;337
2135;337
2136;337
2137;337
2138;337
2139;337
2140;337
2141;337
2142;337
2143;337
2144;337
2145;337
2146;337
2147;337
2148;337
2149;337
2150;337
2151;337
2152;337
2153;337
2154;337
2155;337
2156;337
2157;337
2158;337
2159;337
2160;337
2161;337
2162;337
2163;337
2164;337
2165;337
2166;337
2167;337
2168;337
2169;337
2170;337
2171;337
2172;337
2173;337
2174;337
2175;337
2176;337
2177;337
2178;337
2179;337
2180;337
2181;337
2182;337
2183;337
2184;337
2185;337
2186;337
2187;337
2188;337
2189;337
2190;337
2191;337
2192;337
2193;337
2194;337
2195;337
2196;337
2197;337
2198;337
2199;337
2200;337
2201;337
2202;337
2203;337
2204;337
2205;337
2206;337
2207;337
2208;337
2209;337
2210;337
2211;337
2212;337
2213;337
2214;337
2215;337
2216;337
2217;337
2218;337
2219;337
2220;337
2221;337
2222;337
2223;337
2224;337
2225;337
2226;337
2227;337
2228;337
2229;337
2230;337
2231;337
2232;337
2233;337
2234;337
2235;337
2236;337
2237;337
2238;337
2239;337
2240;337
2241;337
2242;337
2243;337
2244;337
2245;337
2246;337
2247;337
2248;337
2249;337
2250;337
2251;337
2252;337
2253;337
2254;337
2255;337
2256;337
2257;337
2258;337
2259;337
2260;337
2261;337
2262;337
2263;337
2264;337
2265;337
2266;337
2267;337
2268;337
2269;337
2270;337
2271;337
2272;337
2273;337
2274;337
2275;337
2276;337
2277;337
2278;337
2279;337
2280;337
2281;337
2282;337
2283;337
2284;337
2285;337
2286;337
2287;337
2288;337
2289;337
2290;337
2291;337
2292;337
2293;337
2294;337
2295;337
2296;337
2297;337
2298;337
2299;337
2300;337
2301;337
2302;337
2303;337
2304;337
2305;337
2306;337
2307;337
2308;337
2309;337
2310;337
2311;337
2312;337
2313;337
2314;337
2315;337
2316;337
2317;337
2318;337
2319;337
2320;337
2321;337
2322;337
2323;337
2324;337
2325;337
2326;337
2327;337
2328;337
2329;337
2330;337
2331;337
2332;337
2333;337
2334;337
2335;337
2336;337
2337;337
2338;337
2339;337
2340;337
2341;337
2342;337
2343;337
2344;337
2345;337
2346;337
2347;337
2348;337
2349;337
2350;337
2351;337
2352;337
2353;337
2354;337
2355;337
2356;337
2357;337
2358;337
2359;337
2360;337
2361;337
2362;337
2363;337
2364;337
2365;337
2366;337
2367;337
2368;337
2369;337
2370;337
2371;337
2372;337
2373;337
2374;337
2375;337
2376;337
2377;337
2378;337
2379;337
2380;337
2381;337
2382;337
2383;337
2384;337
2385;337
2386;337
2387;337
2388;337
2389;337
2390;337
2391;337
2392;337
2393;337
2394;337
2395;337
2396;337
2397;337
2398;337
2399;337
2400;337
2401;337
2402;337
2403;337
2404;337
2405;337
2406;337
2407;337
2408;337
2409;337
2410;337
2411;337
2412;337
2413;337
2414;337
2415;337
2416;337
2417;337
2418;337
2419;337
2420;337
2421;337
2422;337
2423;337
2424;337
2425;337
2426;337
2427;337
2428;337
2429;337
2430;337
2431;337
2432;337
2433;337
2434;337
2435;337
2436;337
2437;337
2438;337
2439;337
2440;337
2441;337
2442;337
2443;337
2444;337
2445;337
2446;337
2447;337
2448;337
2449;337
2450;337
2451;337
2452;337
2453;337
2454;337
2455;337
2456;337
2457;337
2458;337
2459;337
2460;337
2461;337
2462;337
2463;337
2464;337
2465;337
2466;337
2467;337
2468;337
2469;337
2470;337
2471;337
2472;337
2473;337
2474;337
2475;337
2476;337
2477;337
2478;337
2479;337
2480;337
2481;337
2482;337
2483;337
2484;337
2485;337
2486;337
2487;337
2488;337
2489;337
2490;337
2491;337
2492;337
2493;337
2494;337
2495;337
2496;337
2497;337
2498;337
2499;337
2500;337
2501;337
2502;337
2503;337
2504;337
2505;337
2506;337
2507;337
2508;337
2509;337
2510;337
2511;337
2512;337
2513;337
2514;337
2515;337
2516;337
2517;337
2518;337
2519;337
2520;337
2521;337
2522;337
2523;337
2524;337
2525;337
2526;337
2527;337
2528;337
2529;337
2530;337
2531;337
2532;337
2533;337
2534;337
2535;337
2536;337
2537;337
2538;337
2539;337
2540;337
2541;337
2542;337
2543;337
2544;337
2545;337
2546;337
2547;337
2548;337
2549;337
2550;337
2551;337
2552;337
2553;337
2554;337
2555;337
2556;337
2557;337
2558;337
2559;337
2560;337
2561;337
2562;337
2563;337
2564;337
2565;337
2566;337
2567;337
2568;337
2569;337
2570;337
2571;337
2572;337
2573;337
2574;337
2575;337
2576;337
2577;337
2578;337
2579;337
2580;337
2581;337
2582;337
2583;337
2584;337
2585;337
2586;337
2587;337
2588;337
2589;337
2590;337
2591;337
2592;337
2593;337
2594;337
2595;337
2596;337
2597;337
2598;337
2599;337
2600;337
2601;337
2602;337
2603;337
2604;337
2605;337
2606;337
2607;337
2608;337
2609;337
2610;337
2611;337
2612;337
2613;337
2614;337
2615;337
2616;337
2617;337
2618;337
2619;337
2620;337
2621;337
2622;337
2623;337
2624;337
2625;337
2626;337
2627;337
2628;337
2629;337
2630;337
2631;337
2632;337
2633;337
2634;337
2635;337
2636;337
2637;337
2638;337
2639;337
2640;337
2641;337
2642;337
2643;337
2644;337
2645;337
2646;337
2647;337
2648;337
2649;337
2650;337
2651;337
2652;337
2653;337
2654;337
2655;337
2656;337
2657;337
2658;337
2659;337
2660;337
2661;337
2662;337
2663;337
2664;337
2665;337
2666;337
2667;337
2668;337
2669;337
2670;337
2671;337
2672;337
2673;337
2674;337
2675;337
2676;337
2677;337
2678;337
2679;337
2680;337
2681;337
2682;337
2683;337
2684;337
2685;337
2686;337
2687;337
2688;337
2689;337
2690;337
2691;337
2692;337
2693;337
2694;337
2695;337
2696;337
2697;337
2698;337
2699;337
2700;337
2701;337
2702;337
2703;337
2704;337
2705;337
2706;337
2707;337
2708;337
2709;337
2710;337
2711;337
2712;337
2713;337
2714;337
2715;337
2716;337
2717;337
2718;337
2719;337
2720;337
2721;337
2722;337
2723;337
2724;337
2725;337
2726;337
2727;337
2728;337
2729;337
2730;337
2731;337
2732;337
2733;337
2734;337
2735;337
2736;337
2737;337
2738;337
2739;337
2740;337
2741;337
2742;337
2743;337
2744;337
2745;337
2746;337
2747;337
2748;337
2749;337
2750;337
2751;337
2752;337
2753;337
2754;337
2755;337
2756;337
2757;337
2758;337
2759;337
2760;337
2761;337
2762;337
2763;337
2764;337
2765;337
2766;337
2767;337
2768;337
2769;337
2770;337
2771;337
2772;337
2773;337
2774;337
2775;337
2776;337
2777;337
2778;337
2779;337
2780;337
2781;337
2782;337
2783;337
2784;337
2785;337
2786;337
2787;337
2788;337
2789;337
2790;337
2791;337
2792;337
2793;337
2794;337
2795;337
2796;337
2797;337
2798;337
2799;337
2800;337
2801;337
2802;337
2803;337
2804;337
2805;337
2806;337
2807;337
2808;337
2809;337
2810;337
2811;337
2812;337
2813;337
2814;337
2815;337
2816;337
2817;337
2818;337
2819;337
2820;337
2821;337
2822;337
2823;337
2824;337
2825;337
2826;337
2827;337
2828;337
2829;337
2830;337
2831;337
2832;337
2833;337
2834;337
2835;337
2836;337
2837;337
2838;337
2839;337
2840;337
2841;337
2842;337
2843;337
2844;337
2845;337
2846;337
2847;337
2848;337
2849;337
2850;337
2851;337
2852;337
2853;337
2854;337
2855;337
2856;337
2857;337
2858;337
2859;337
2860;337
2861;337
2862;337
2863;337
2864;337
2865;337
2866;337
2867;337
2868;337
2869;337
2870;337
2871;337
2872;337
2873;337
2874;337
2875;337
2876;337
2877;337
2878;337
2879;337
2880;337
2881;337
2882;337
2883;337
2884;337
2885;337
2886;337
2887;337
2888;337
2889;337
2890;337
2891;337
2892;337
2893;337
2894;337
2895;337
2896;337
2897;337
2898;337
2899;337
2900;337
2901;337
2902;337
2903;337
2904;337
2905;337
2906;337
2907;337
2908;337
2909;337
2910;337
2911;337
2912;337
2913;337
2914;337
2915;337
2916;337
2917;337
2918;337
2919;337
2920;337
2921;337
2922;337
2923;337
2924;337
2925;337
2926;337
2927;337
2928;337
2929;337
2930;337
2931;337
2932;337
2933;337
2934;337
2935;337
2936;337
2937;337
2938;337
2939;337
2940;337
2941;337
2942;337
2943;337
2944;337
2945;337
2946;337
2947;337
2948;337
2949;337
2950;337
2951;337
2952;337
2953;337
2954;337
2955;337
2956;337
2957;337
2958;337
2959;337
2960;337
2961;337
2962;337
2963;337
2964;337
2965;337
2966;337
2967;337
2968;337
2969;337
2970;337
2971;337
2972;337
2973;337
2974;337
2975;337
2976;337
2977;337
2978;337
2979;337
2980;337
2981;337
2982;337
2983;337
2984;337
2985;337
2986;337
2987;337
2988;337
2989;337
2990;337
2991;337
2992;337
2993;337
2994;337
2995;337
2996;337
2997;337
2998;337
2999;337
3000;337
3001;337
3002;337
3003;337
3004;337
3005;337
3006;337
3007;337
3008;337
3009;337
3010;337
3011;337
3012;337
3013;337
3014;337
3015;337
3016;337
3017;337
3018;337
3019;337
3020;337
3021;337
3022;337
3023;337
3024;337
3025;337
3026;337
3027;337
3028;337
3029;337
3030;337
3031;337
3032;337
3033;337
3034;337
3035;337
3036;337
3037;337
3038;337
3039;337
3040;337
3041;337
3042;337
3043;337
3044;337
3045;337
3046;337
3047;337
3048;337
3049;337
3050;337
3051;337
3052;337
3053;337
3054;337
3055;337
3056;337
3057;337
3058;337
3059;337
3060;337
3061;337
3062;337
3063;337
3064;337
3065;337
3066;337
3067;337
3068;337
3069;337
3070;337
3071;337
3072;337
3073;337
3074;337
3075;337
3076;337
3077;337
3078;337
3079;337
3080;337
3081;337
3082;337
3083;337
3084;337
3085;337
3086;337
3087;337
3088;337
3089;337
3090;337
3091;337
3092;337
3093;337
3094;337
3095;337
3096;337
3097;337
3098;337
3099;337
3100;337
3101;337
3102;337
3103;337
3104;337
3105;337
3106;337
3107;337
3108;337
3109;337
3110;337
3111;337
3112;337
3113;337
3114;337
3115;337
3116;337
3117;337
3118;337
3119;337
3120;337
3121;337
3122;337
3123;337
3124;337
3125;337
3126;337
3127;337
3128;337
3129;337
3130;337
3131;337
3132;337
3133;337
3134;337
3135;337
3136;337
3137;337
3138;337
3139;337
3140;337
3141;337
3142;337
3143;337
3144;337
3145;337
3146;337
3147;337
3148;337
3149;337
3150;337
3151;337
3152;337
3153;337
3154;337
3155;337
3156;337
3157;337
3158;337
3159;337
3160;337
3161;337
3162;337
3163;337
3164;337
3165;337
3166;337
3167;337
3168;337
3169;337
3170;337
3171;337
3172;337
3173;337
3174;337
3175;337
3176;337
3177;337
3178;337
3179;337
3180;337
3181;337
3182;337
3183;337
3184;337
3185;337
3186;337
3187;337
3188;337
3189;337
3190;337
3191;337
3192;337
3193;337
3194;337
3195;337
3196;337
3197;337
3198;337
3199;337
3200;337
3201;337
3202;337
3203;337
3204;337
3205;337
3206;337
3207;337
3208;337
3209;337
3210;337
3211;337
3212;337
3213;337
3214;337
3215;337
3216;337
3217;337
3218;337
3219;337
3220;337
3221;337
3222;337
3223;337
3224;337
3225;337
3226;337
3227;337
3228;337
3229;337
3230;337
3231;337
3232;337
3233;337
3234;337
3235;337
3236;337
3237;337
3238;337
3239;337
3240;337
3241;337
3242;337
3243;337
3244;337
3245;337
3246;337
3247;337
3248;337
3249;337
3250;337
3251;337
3252;337
3253;337
3254;337
3255;337
3256;337
3257;337
3258;337
3259;337
3260;337
3261;337
3262;337
3263;337
3264;337
3265;337
3266;337
3267;337
3268;337
3269;337
3270;337
3271;337
3272;337
3273;337
3274;337
3275;337
3276;337
3277;337
3278;337
3279;337
3280;337
3281;337
3282;337
3283;337
3284;337
3285;337
3286;337
3287;337
3288;337
3289;337
3290;337
3291;337
3292;337
3293;337
3294;337
3295;337
3296;337
3297;337
3298;337
3299;337
3300;337
3301;337
3302;337
3303;337
3304;337
3305;337
3306;337
3307;337
3308;337
3309;337
3310;337
3311;337
3312;337
3313;337
3314;337
3315;337
3316;337
3317;337
3318;337
3319;337
3320;337
3321;337
3322;337
3323;337
3324;337
3325;337
3326;337
3327;337
3328;337
3329;337
3330;337
3331;337
3332;337
3333;337
3334;337
3335;337
3336;337
3337;337
3338;337
3339;337
3340;337
3341;337
3342;337
3343;337
3344;337
3345;337
3346;337
3347;337
3348;337
3349;337
3350;337
3351;337
3352;337
3353;337
3354;337
3355;337
3356;337
3357;337
3358;337
3359;337
3360;337
3361;337
3362;337
3363;337
3364;337
3365;337
3366;337
3367;337
3368;337
3369;337
3370;337
3371;337
3372;337
3373;337
3374;337
3375;337
3376;337
3377;337
3378;337
3379;337
3380;337
3381;337
3382;337
3383;337
3384;337
3385;337
3386;337
3387;337
3388;337
3389;337
3390;337
3391;337
3392;337
3393;337
3394;337
3395;337
3396;337
3397;337
3398;337
3399;337
3400;337
3401;337
3402;337
3403;337
3404;337
3405;337
3406;337
3407;337
3408;337
3409;337
3410;337
3411;337
3412;337
3413;337
3414;337
3415;337
3416;337
3417;337
3418;337
3419;337
3420;337
3421;337
3422;337
3423;337
3424;337
3425;337
3426;337
3427;337
3428;337
3429;337
3430;337
3431;337
3432;337
3433;337
3434;337
3435;337
3436;337
3437;337
3438;337
3439;337
3440;337
3441;337
3442;337
3443;337
3444;337
3445;337
3446;337
3447;337
3448;337
3449;337
3450;337
3451;337
3452;337
3453;337
3454;337
3455;337
3456;337
3457;337
3458;337
3459;337
3460;337
3461;337
3462;337
3463;337
3464;337
3465;337
3466;337
3467;337
3468;337
3469;337
3470;337
3471;337
3472;337
3473;337
3474;337
3475;337
3476;337
3477;337
3478;337
3479;337
3480;337
3481;337
3482;337
3483;337
3484;337
3485;337
3486;337
3487;337
3488;337
3489;337
3490;337
3491;337
3492;337
3493;337
3494;337
3495;337
3496;337
3497;337
3498;337
3499;337
3500;337
3501;337
3502;337
3503;337
3504;337
3505;337
3506;337
3507;337
3508;337
3509;337
3510;337
3511;337
3512;337
3513;337
3514;337
3515;337
3516;337
3517;337
3518;337
3519;337
3520;337
3521;337
3522;337
3523;337
3524;337
3525;337
3526;337
3527;337
3528;337
3529;337
3530;337
3531;337
3532;337
3533;337
3534;337
3535;337
3536;337
3537;337
3538;337
3539;337
3540;337
3541;337
3542;337
3543;337
3544;337
3545;337
3546;337
3547;337
3548;337
3549;337
3550;337
3551;337
3552;337
3553;337
3554;337
3555;337
3556;337
3557;337
3558;337
3559;337
3560;337
3561;337
3562;337
3563;337
3564;337
3565;337
3566;337
3567;337
3568;337
3569;337
3570;337
3571;337
3572;337
3573;337
3574;337
3575;337
3576;337
3577;337
3578;337
3579;337
3580;337
3581;337
3582;337
3583;337
3584;337
3585;337
3586;337
3587;337
3588;337
3589;337
3590;337
3591;337
3592;337
3593;337
3594;337
3595;337
3596;337
3597;337
3598;337
3599;337
3600;337
3601;337
3602;337
3603;337
3604;337
3605;337
3606;337
3607;337
3608;337
3609;337
3610;337
3611;337
3612;337
3613;337
3614;337
3615;337
3616;337
3617;337
3618;337
3619;337
3620;337
3621;337
3622;337
3623;337
3624;337
3625;337
3626;337
3627;337
3628;337
3629;337
3630;337
3631;337
3632;337
3633;337
3634;337
3635;337
3636;337
3637;337
3638;337
3639;337
3640;337
3641;337
3642;337
3643;337
3644;337
3645;337
3646;337
3647;337
3648;337
3649;337
3650;337
3651;337
3652;337
3653;337
3654;337
3655;337
3656;337
3657;337
3658;337
3659;337
3660;337
3661;337
3662;337
3663;337
3664;337
3665;337
3666;337
3667;337
3668;337
3669;337
3670;337
3671;337
3672;337
3673;337
3674;337
3675;337
3676;337
3677;337
3678;337
3679;337
3680;337
3681;337
3682;337
3683;337
3684;337
3685;337
3686;337
3687;337
3688;337
3689;337
3690;337
3691;337
3692;337
3693;337
3694;337
3695;337
3696;337
3697;337
3698;337
3699;337
3700;337
3701;337
3702;337
3703;337
3704;337
3705;337
3706;337
3707;337
3708;337
3709;337
3710;337
3711;337
3712;337
3713;337
3714;337
3715;337
3716;337
3717;337
3718;337
3719;337
3720;337
3721;337
3722;337
3723;337
3724;337
3725;337
3726;337
3727;337
3728;337
3729;337
3730;337
3731;337
3732;337
3733;337
3734;337
3735;337
3736;337
3737;337
3738;337
3739;337
3740;337
3741;337
3742;337
3743;337
3744;337
3745;337
3746;337
3747;337
3748;337
3749;337
3750;337
3751;337
3752;337
3753;337
3754;337
3755;337
3756;337
3757;337
3758;337
3759;337
3760;337
3761;337
3762;337
3763;337
3764;337
3765;337
3766;337
3767;337
3768;337
3769;337
3770;337
3771;337
3772;337
3773;337
3774;337
3775;337
3776;337
3777;337
3778;337
3779;337
3780;337
3781;337
3782;337
3783;337
3784;337
3785;337
3786;337
3787;337
3788;337
3789;337
3790;337
3791;337
3792;337
3793;337
3794;337
3795;337
3796;337
3797;337
3798;337
3799;337
3800;337
3801;337
3802;337
3803;337
3804;337
3805;337
3806;337
3807;337
3808;337
3809;337
3810;337
3811;337
3812;337
3813;337
3814;337
3815;337
3816;337
3817;337
3818;337
3819;337
3820;337
3821;337
3822;337
3823;337
3824;337
3825;337
3826;337
3827;337
3828;337
3829;337
3830;337
3831;337
3832;337
3833;337
3834;337
3835;337
3836;337
3837;337
3838;337
3839;337
3840;337
3841;337
3842;337
3843;337
3844;337
3845;337
3846;337
3847;337
3848;337
3849;337
3850;337
3851;337
3852;337
3853;337
3854;337
3855;337
3856;337
3857;337
3858;337
3859;337
3860;337
3861;337
3862;337
3863;337
3864;337
3865;337
3866;337
3867;337
3868;337
3869;337
3870;337
3871;337
3872;337
3873;337
3874;337
3875;337
3876;337
3877;337
3878;337
3879;337
3880;337
3881;337
3882;337
3883;337
3884;337
3885;337
3886;337
3887;337
3888;337
3889;337
3890;337
3891;337
3892;337
3893;337
3894;337
3895;337
3896;337
3897;337
3898;337
3899;337
3900;337
3901;337
3902;337
3903;337
3904;337
3905;337
3906;337
3907;337
3908;337
3909;337
3910;337
3911;337
3912;337
3913;337
3914;337
3915;337
3916;337
3917;337
3918;337
3919;337
3920;337
3921;337
3922;337
3923;337
3924;337
3925;337
3926;337
3927;337
3928;337
3929;337
3930;337
3931;337
3932;337
3933;337
3934;337
3935;337
3936;337
3937;337
3938;337
3939;337
3940;337
3941;337
3942;337
3943;337
3944;337
3945;337
3946;337
3947;337
3948;337
3949;337
3950;337
3951;337
3952;337
3953;337
3954;337
3955;337
3956;337
3957;337
3958;337
3959;337
3960;337
3961;337
3962;337
3963;337
3964;337
3965;337
3966;337
3967;337
3968;337
3969;337
3970;337
3971;337
3972;337
3973;337
3974;337
3975;337
3976;337
3977;337
3978;337
3979;337
3980;337
3981;337
3982;337
3983;337
3984;337
3985;337
3986;337
3987;337
3988;337
3989;337
3990;337
3991;337
3992;337
3993;337
3994;337
3995;337
3996;337
3997;337
3998;337
3999;337
4000;337
4001;337
4002;337
4003;337
4004;337
4005;337
4006;337
4007;337
4008;337
4009;337
4010;337
4011;337
4012;337
4013;337
4014;337
4015;337
4016;337
4017;337
4018;337
4019;337
4020;337
4021;337
4022;337
4023;337
4024;337
4025;337
4026;337
4027;337
4028;337
4029;337
4030;337
4031;337
4032;337
4033;337
4034;337
4035;337
4036;337
4037;337
4038;337
4039;337
4040;337
4041;337
4042;337
4043;337
4044;337
4045;337
4046;337
4047;337
4048;337
4049;337
4050;337
4051;337
4052;337
4053;337
4054;337
4055;337
4056;337
4057;337
4058;337
4059;337
4060;337
4061;337
4062;337
4063;337
4064;337
4065;337
4066;337
4067;337
4068;337
4069;337
4070;337
4071;337
4072;337
4073;337
4074;337
4075;337
4076;337
4077;337
4078;337
4079;337
4080;337
4081;337
4082;337
4083;337
4084;337
4085;337
4086;337
4087;337
4088;337
4089;337
4090;337
4091;337
4092;337
4093;337
4094;337
4095;337
4096;337
4097;337
4098;337
4099;337
4100;337
4101;337
4102;337
4103;337
4104;337
4105;337
4106;337
4107;337
4108;337
4109;337
4110;337
4111;337
4112;337
4113;337
4114;337
4115;337
4116;337
4117;337
4118;337
4119;337
4120;337
4121;337
4122;337
4123;337
4124;337
4125;337
4126;337
4127;337
4128;337
4129;337
4130;337
4131;337
4132;337
4133;337
4134;337
4135;337
4136;337
4137;337
4138;337
4139;337
4140;337
4141;337
4142;337
4143;337
4144;337
4145;337
4146;337
4147;337
4148;337
4149;337
4150;337
4151;337
4152;337
4153;337
4154;337
4155;337
4156;337
4157;337
4158;337
4159;337
4160;337
4161;337
4162;337
4163;337
4164;337
4165;337
4166;337
4167;337
4168;337
4169;337
4170;337
4171;337
4172;337
4173;337
4174;337
4175;337
4176;337
4177;337
4178;337
4179;337
4180;337
4181;337
4182;337
4183;337
4184;337
4185;337
4186;337
4187;337
4188;337
4189;337
4190;337
4191;337
4192;337
4193;337
4194;337
4195;337
4196;337
4197;337
4198;337
4199;337
4200;337
4201;337
4202;337
4203;337
4204;337
4205;337
4206;337
4207;337
4208;337
4209;337
4210;337
4211;337
4212;337
4213;337
4214;337
4215;337
4216;337
4217;337
4218;337
4219;337
4220;337
4221;337
4222;337
4223;337
4224;337
4225;337
4226;337
4227;337
4228;337
4229;337
4230;337
4231;337
4232;337
4233;337
4234;337
4235;337
4236;337
4237;337
4238;337
4239;337
4240;337
4241;337
4242;337
4243;337
4244;337
4245;337
4246;337
4247;337
4248;337
4249;337
4250;337
4251;337
4252;337
4253;337
4254;337
4255;337
4256;337
4257;337
4258;337
4259;337
4260;337
4261;337
4262;337
4263;337
4264;337
4265;337
4266;337
4267;337
4268;337
4269;337
4270;337
4271;337
4272;337
4273;337
4274;337
4275;337
4276;337
4277;337
4278;337
4279;337
4280;337
4281;337
4282;337
4283;337
4284;337
4285;337
4286;337
4287;337
4288;337
4289;337
4290;337
4291;337
4292;337
4293;337
4294;337
4295;337
4296;337
4297;337
4298;337
4299;337
4300;337
4301;337
4302;337
4303;337
4304;337
4305;337
4306;337
4307;337
4308;337
4309;337
4310;337
4311;337
4312;337
4313;337
4314;337
4315;337
4316;337
4317;337
4318;337
4319;337
4320;337
4321;337
4322;337
4323;337
4324;337
4325;337
4326;337
4327;337
4328;337
4329;337
4330;337
4331;337
4332;337
4333;337
4334;337
4335;337
4336;337
4337;337
4338;337
4339;337
4340;337
4341;337
4342;337
4343;337
4344;337
4345;337
4346;337
4347;337
4348;337
4349;337
4350;337
4351;337
4352;337
4353;337
4354;337
4355;337
4356;337
4357;337
4358;337
4359;337
4360;337
4361;337
4362;337
4363;337
4364;337
4365;337
4366;337
4367;337
4368;337
4369;337
4370;337
4371;337
4372;337
4373;337
4374;337
4375;337
4376;337
4377;337
4378;337
4379;337
4380;337
4381;337
4382;337
4383;337
4384;337
4385;337
4386;337
4387;337
4388;337
4389;337
4390;337
4391;337
4392;337
4393;337
4394;337
4395;337
4396;337
4397;337
4398;337
4399;337
4400;337
4401;337
4402;337
4403;337
4404;337
4405;337
4406;337
4407;337
4408;337
4409;337
4410;337
4411;337
4412;337
4413;337
4414;337
4415;337
4416;337
4417;337
4418;337
4419;337
4420;337
4421;337
4422;337
4423;337
4424;337
4425;337
4426;337
4427;337
4428;337
4429;337
4430;337
4431;337
4432;337
4433;337
4434;337
4435;337
4436;337
4437;337
4438;337
4439;337
4440;337
4441;337
4442;337
4443;337
4444;337
4445;337
4446;337
4447;337
4448;337
4449;337
4450;337
4451;337
4452;337
4453;337
4454;337
4455;337
4456;337
4457;337
4458;337
4459;337
4460;337
4461;337
4462;337
4463;337
4464;337
4465;337
4466;337
4467;337
4468;337
4469;337
4470;337
4471;337
4472;337
4473;337
4474;337
4475;337
4476;337
4477;337
4478;337
4479;337
4480;337
4481;337
4482;337
4483;337
4484;337
4485;337
4486;337
4487;337
4488;337
4489;337
4490;337
4491;337
4492;337
4493;337
4494;337
4495;337
4496;337
4497;337
4498;337
4499;337
4500;337
4501;337
4502;337
4503;337
4504;337
4505;337
4506;337
4507;337
4508;337
4509;337
4510;337
4511;337
4512;337
4513;337
4514;337
4515;337
4516;337
4517;337
4518;337
4519;337
4520;337
4521;337
4522;337
4523;337
4524;337
4525;337
4526;337
4527;337
4528;337
4529;337
4530;337
4531;337
4532;337
4533;337
4534;337
4535;337
4536;337
4537;337
4538;337
4539;337
4540;337
4541;337
4542;337
4543;337
4544;337
4545;337
4546;337
4547;337
4548;337
4549;337
4550;337
4551;337
4552;337
4553;337
4554;337
4555;337
4556;337
4557;337
4558;337
4559;337
4560;337
4561;337
4562;337
4563;337
4564;337
4565;337
4566;337
4567;337
4568;337
4569;337
4570;337
4571;337
4572;337
4573;337
4574;337
4575;337
4576;337
4577;337
4578;337
4579;337
4580;337
4581;337
4582;337
4583;337
4584;337
4585;337
4586;337
4587;337
4588;337
4589;337
4590;337
4591;337
4592;337
4593;337
4594;337
4595;337
4596;337
4597;337
4598;337
4599;337
4600;337
4601;337
4602;337
4603;337
4604;337
4605;337
4606;337
4607;337
4608;337
4609;337
4610;337
4611;337
4612;337
4613;337
4614;337
4615;337
4616;337
4617;337
4618;337
4619;337
4620;337
4621;337
4622;337
4623;337
4624;337
4625;337
4626;337
4627;337
4628;337
4629;337
4630;337
4631;337
4632;337
4633;337
4634;337
4635;337
4636;337
4637;337
4638;337
4639;337
4640;337
4641;337
4642;337
4643;337
4644;337
4645;337
4646;337
4647;337
4648;337
4649;337
4650;337
4651;337
4652;337
4653;337
4654;337
4655;337
4656;337
4657;337
4658;337
4659;337
4660;337
4661;337
4662;337
4663;337
4664;337
4665;337
4666;337
4667;337
4668;337
4669;337
4670;337
4671;337
4672;337
4673;337
4674;337
4675;337
4676;337
4677;337
4678;337
4679;337
4680;337
4681;337
4682;337
4683;337
4684;337
4685;337
4686;337
4687;337
4688;337
4689;337
4690;337
4691;337
4692;337
4693;337
4694;337
4695;337
4696;337
4697;337
4698;337
4699;337
4700;337
4701;337
4702;337
4703;337
4704;337
4705;337
4706;337
4707;337
4708;337
4709;337
4710;337
4711;337
4712;337
4713;337
4714;337
4715;337
4716;337
4717;337
4718;337
4719;337
4720;337
4721;337
4722;337
4723;337
4724;337
4725;337
4726;337
4727;337
4728;337
4729;337
4730;337
4731;337
4732;337
4733;337
4734;337
4735;337
4736;337
4737;337
4738;337
4739;337
4740;337
4741;337
4742;337
4743;337
4744;337
4745;337
4746;337
4747;337
4748;337
4749;337
4750;337
4751;337
4752;337
4753;337
4754;337
4755;337
4756;337
4757;337
4758;337
4759;337
4760;337
4761;337
4762;337
4763;337
4764;337
4765;337
4766;337
4767;337
4768;337
4769;337
4770;337
4771;337
4772;337
4773;337
4774;337
4775;337
4776;337
4777;337
4778;337
4779;337
4780;337
4781;337
4782;337
4783;337
4784;337
4785;337
4786;337
4787;337
4788;337
4789;337
4790;337
4791;337
4792;337
4793;337
4794;337
4795;337
4796;337
4797;337
4798;337
4799;337
4800;337
4801;337
4802;337
4803;337
4804;337
4805;337
4806;337
4807;337
4808;337
4809;337
4810;337
4811;337
4812;337
4813;337
4814;337
4815;337
4816;337
4817;337
4818;337
4819;337
4820;337
4821;337
4822;337
4823;337
4824;337
4825;337
4826;337
4827;337
4828;337
4829;337
4830;337
4831;337
4832;337
4833;337
4834;337
4835;337
4836;337
4837;337
4838;337
4839;337
4840;337
4841;337
4842;337
4843;337
4844;337
4845;337
4846;337
4847;337
4848;337
4849;337
4850;337
4851;337
4852;337
4853;337
4854;337
4855;337
4856;337
4857;337
4858;337
4859;337
4860;337
4861;337
4862;337
4863;337
4864;337
4865;337
4866;337
4867;337
4868;337
4869;337
4870;337
4871;337
4872;337
4873;337
4874;337
4875;337
4876;337
4877;337
4878;337
4879;337
4880;337
4881;337
4882;337
4883;337
4884;337
4885;337
4886;337
4887;337
4888;337
4889;337
4890;337
4891;337
4892;337
4893;337
4894;337
4895;337
4896;337
4897;337
4898;337
4899;337
4900;337
4901;337
4902;337
4903;337
4904;337
4905;337
4906;337
4907;337
4908;337
4909;337
4910;337
4911;337
4912;337
4913;337
4914;337
4915;337
4916;337
4917;337
4918;337
4919;337
4920;337
4921;337
4922;337
4923;337
4924;337
4925;337
4926;337
4927;337
4928;337
4929;337
4930;337
4931;337
4932;337
4933;337
4934;337
4935;337
4936;337
4937;337
4938;337
4939;337
4940;337
4941;337
4942;337
4943;337
4944;337
4945;337
4946;337
4947;337
4948;337
4949;337
4950;337
4951;337
4952;337
4953;337
4954;337
4955;337
4956;337
4957;337
4958;337
4959;337
4960;337
4961;337
4962;337
4963;337
4964;337
4965;337
4966;337
4967;337
4968;337
4969;337
4970;337
4971;337
4972;337
4973;337
4974;337
4975;337
4976;337
4977;337
4978;337
4979;337
4980;337
4981;337
4982;337
4983;337
4984;337
4985;337
4986;337
4987;337
4988;337
4989;337
4990;337
4991;337
4992;337
4993;337
4994;337
4995;337
4996;337
4997;337
4998;337
4999;337
5000;337
5001;337
5002;337
5003;337
5004;337
5005;337
5006;337
5007;337
5008;337
5009;337
5010;337
5011;337
5012;337
5013;337
5014;337
5015;337
5016;337
5017;337
5018;337
5019;337
5020;337
5021;337
5022;337
5023;337
5024;337
5025;337
5026;337
5027;337
5028;337
5029;337
5030;337
5031;337
5032;337
5033;337
5034;337
5035;337
5036;337
5037;337
5038;337
5039;337
5040;337
5041;337
5042;337
5043;337
5044;337
5045;337
5046;337
5047;337
5048;337
5049;337
5050;337
5051;337
5052;337
5053;337
5054;337
5055;337
5056;337
5057;337
5058;337
5059;337
5060;337
5061;337
5062;337
5063;337
5064;337
5065;337
5066;337
5067;337
5068;337
5069;337
5070;337
5071;337
5072;337
5073;337
5074;337
5075;337
5076;337
5077;337
5078;337
5079;337
5080;337
5081;337
5082;337
5083;337
5084;337
5085;337
5086;337
5087;337
5088;337
5089;337
5090;337
5091;337
5092;337
5093;337
5094;337
5095;337
5096;337
5097;337
5098;337
5099;337
5100;337
5101;337
5102;337
5103;337
5104;337
5105;337
5106;337
5107;337
5108;337
5109;337
5110;337
5111;337
5112;337
5113;337
5114;337
5115;337
5116;337
5117;337
5118;337
5119;337
5120;337
5121;337
5122;337
5123;337
5124;337
5125;337
5126;337
5127;337
5128;337
5129;337
5130;337
5131;337
5132;337
5133;337
5134;337
5135;337
5136;337
5137;337
5138;337
5139;337
5140;337
5141;337
5142;337
5143;337
5144;337
5145;337
5146;337
5147;337
5148;337
5149;337
5150;337
5151;337
5152;337
5153;337
5154;337
5155;337
5156;337
5157;337
5158;337
5159;337
5160;337
5161;337
5162;337
5163;337
5164;337
5165;337
5166;337
5167;337
5168;337
5169;337
5170;337
5171;337
5172;337
5173;337
5174;337
5175;337
5176;337
5177;337
5178;337
5179;337
5180;337
5181;337
5182;337
5183;337
5184;337
5185;337
5186;337
5187;337
5188;337
5189;337
5190;337
5191;337
5192;337
5193;337
5194;337
5195;337
5196;337
5197;337
5198;337
5199;337
5200;337
5201;337
5202;337
5203;337
5204;337
5205;337
5206;337
5207;337
5208;337
5209;337
5210;337
5211;337
5212;337
5213;337
5214;337
5215;337
5216;337
5217;337
5218;337
5219;337
5220;337
5221;337
5222;337
5223;337
5224;337
5225;337
5226;337
5227;337
5228;337
5229;337
5230;337
5231;337
5232;337
5233;337
5234;337
5235;337
5236;337
5237;337
5238;337
5239;337
5240;337
5241;337
5242;337
5243;337
5244;337
5245;337
5246;337
5247;337
5248;337
5249;337
5250;337
5251;337
5252;337
5253;337
5254;337
5255;337
5256;337
5257;337
5258;337
5259;337
5260;337
5261;337
5262;337
5263;337
5264;337
5265;337
5266;337
5267;337
5268;337
5269;337
5270;337
5271;337
5272;337
5273;337
5274;337
5275;337
5276;337
5277;337
5278;337
5279;337
5280;337
5281;337
5282;337
5283;337
5284;337
5285;337
5286;337
5287;337
5288;337
5289;337
5290;337
5291;337
5292;337
5293;337
5294;337
5295;337
5296;337
5297;337
5298;337
5299;337
5300;337
5301;337
5302;337
5303;337
5304;337
5305;337
5306;337
5307;337
5308;337
5309;337
5310;337
5311;337
5312;337
5313;337
5314;337
5315;337
5316;337
5317;337
5318;337
5319;337
5320;337
5321;337
5322;337
5323;337
5324;337
5325;337
5326;337
5327;337
5328;337
5329;337
5330;337
5331;337
5332;337
5333;337
5334;337
5335;337
5336;337
5337;337
5338;337
5339;337
5340;337
5341;337
5342;337
5343;337
5344;337
5345;337
5346;337
5347;337
5348;337
5349;337
5350;337
5351;337
5352;337
5353;337
5354;337
5355;337
5356;337
5357;337
5358;337
5359;337
5360;337
5361;337
5362;337
5363;337
5364;337
5365;337
5366;337
5367;337
5368;337
5369;337
5370;337
5371;337
5372;337
5373;337
5374;337
5375;337
5376;337
5377;337
5378;337
5379;337
5380;337
5381;337
5382;337
5383;337
5384;337
5385;337
5386;337
5387;337
5388;337
5389;337
5390;337
5391;337
5392;337
5393;337
5394;337
5395;337
5396;337
5397;337
5398;337
5399;337
5400;337
5401;337
5402;337
5403;337
5404;337
5405;337
5406;337
5407;337
5408;337
5409;337
5410;337
5411;337
5412;337
5413;337
5414;337
5415;337
5416;337
5417;337
5418;337
5419;337
5420;337
5421;337
5422;337
5423;337
5424;337
5425;341
5426;341
5427;341
5428;341
5429;341
5430;341
5431;341
5432;341
5433;341
5434;341
5435;341
5436;341
5437;341
5438;341
5439;341
5440;341
5441;341
5442;341
5443;341
5444;341
5445;341
5446;341
5447;341
5448;341
5449;341
5450;341
5451;341
5452;341
5453;341
5454;341
5455;341
5456;341
5457;341
5458;341
5459;341
5460;341
5461;341
5462;341
5463;341
5464;341
5465;341
5466;341
5467;341
5468;341
5469;341
5470;341
5471;341
5472;341
5473;341
5474;341
5475;341
5476;341
5477;341
5478;341
5479;341
5480;341
5481;341
5482;341
5483;341
5484;341
5485;341
5486;341
5487;341
5488;341
5489;341
5490;341
5491;341
5492;341
5493;341
5494;341
5495;341
5496;341
5497;341
5498;341
5499;341
5500;341
5501;341
5502;341
5503;341
5504;341
5505;341
5506;341
5507;341
5508;341
5509;341
5510;341
5511;341
5512;341
5513;341
5514;341
5515;341
5516;341
5517;341
5518;341
5519;341
5520;341
5521;341
5522;341
5523;341
5524;341
5525;341
5526;341
5527;341
5528;341
5529;341
5530;341
5531;341
5532;341
5533;341
5534;341
5535;341
5536;341
5537;341
5538;341
5539;341
5540;341
5541;341
5542;341
5543;341
5544;341
5545;341
5546;341
5547;341
5548;341
5549;341
5550;341
5551;341
5552;341
5553;341
5554;341
5555;341
5556;341
5557;341
5558;341
5559;341
5560;341
5561;341
5562;341
5563;341
5564;341
5565;341
5566;341
5567;341
5568;341
5569;341
5570;341
5571;341
5572;341
5573;341
5574;341
5575;341
5576;341
5577;341
5578;341
5579;341
5580;341
5581;341
5582;341
5583;341
5584;341
5585;341
5586;341
5587;341
5588;341
5589;341
5590;341
5591;341
5592;341
5593;341
5594;341
5595;341
5596;341
5597;341
5598;341
5599;341
5600;341
5601;341
5602;341
5603;341
5604;341
5605;341
5606;341
5607;341
5608;341
5609;341
5610;341
5611;341
5612;341
5613;341
5614;341
5615;341
5616;341
5617;341
5618;341
5619;341
5620;341
5621;341
5622;341
5623;341
5624;341
5625;341
5626;341
5627;341
5628;341
5629;341
5630;341
5631;341
5632;341
5633;341
5634;341
5635;341
5636;341
5637;341
5638;341
5639;341
5640;341
5641;341
5642;341
5643;341
5644;341
5645;341
5646;341
5647;341
5648;341
5649;341
5650;341
5651;341
5652;341
5653;341
5654;341
5655;341
5656;341
5657;341
5658;341
5659;341
5660;341
5661;341
5662;341
5663;341
5664;341
5665;341
5666;341
5667;341
5668;341
5669;341
5670;341
5671;341
5672;341
5673;341
5674;341
5675;341
5676;341
5677;341
5678;341
5679;341
5680;341
5681;341
5682;341
5683;341
5684;341
5685;341
5686;341
5687;341
5688;341
5689;341
5690;341
5691;341
5692;341
5693;341
5694;341
5695;341
5696;341
5697;341
5698;341
5699;341
5700;341
5701;341
5702;341
5703;341
5704;341
5705;341
5706;341
5707;341
5708;341
5709;341
5710;341
5711;341
5712;341
5713;341
5714;341
5715;341
5716;341
5717;341
5718;341
5719;341
5720;341
5721;341
5722;341
5723;341
5724;341
5725;341
5726;341
5727;341
5728;341
5729;341
5730;341
5731;341
5732;341
5733;341
5734;341
5735;341
5736;341
5737;341
5738;341
5739;341
5740;341
5741;341
5742;341
5743;341
5744;341
5745;341
5746;341
5747;341
5748;341
5749;341
5750;341
5751;341
5752;341
5753;341
5754;341
5755;341
5756;341
5757;341
5758;341
5759;341
5760;341
5761;341
5762;341
5763;341
5764;341
5765;341
5766;341
5767;341
5768;341
5769;341
5770;341
5771;341
5772;341
5773;341
5774;341
5775;341
5776;341
5777;341
5778;341
5779;341
5780;341
5781;341
5782;341
5783;341
5784;341
5785;341
5786;341
5787;341
5788;341
5789;341
5790;341
5791;341
5792;341
5793;341
5794;341
5795;341
5796;341
5797;341
5798;341
5799;341
5800;341
5801;341
5802;341
5803;341
5804;341
5805;341
5806;341
5807;341
5808;341
5809;341
5810;341
5811;341
5812;341
5813;341
5814;341
5815;341
5816;341
5817;341
5818;341
5819;341
5820;341
5821;341
5822;341
5823;341
5824;341
5825;341
5826;341
5827;341
5828;341
5829;341
5830;341
5831;341
5832;341
5833;341
5834;341
5835;341
5836;341
5837;341
5838;341
5839;341
5840;341
5841;341
5842;341
5843;341
5844;341
5845;341
5846;341
5847;341
5848;341
5849;341
5850;341
5851;341
5852;341
5853;341
5854;341
5855;341
5856;341
5857;341
5858;341
5859;341
5860;341
5861;341
5862;341
5863;341
5864;341
5865;341
5866;341
5867;341
5868;341
5869;341
5870;341
5871;341
5872;341
5873;341
5874;341
5875;341
5876;341
5877;341
5878;341
5879;341
5880;341
5881;341
5882;341
5883;341
5884;341
5885;341
5886;341
5887;341
5888;341
5889;341
5890;341
5891;341
5892;341
5893;341
5894;341
5895;341
5896;341
5897;341
5898;341
5899;341
5900;341
5901;341
5902;341
5903;341
5904;341
5905;341
5906;341
5907;341
5908;341
5909;341
5910;341
5911;341
5912;341
5913;341
5914;341
5915;341
5916;341
5917;341
5918;341
5919;341
5920;341
5921;341
5922;341
5923;341
5924;341
5925;341
5926;341
5927;341
5928;341
5929;341
5930;341
5931;341
5932;341
5933;341
5934;341
5935;341
5936;341
5937;341
5938;341
5939;341
5940;341
5941;341
5942;341
5943;341
5944;341
5945;341
5946;341
5947;341
5948;341
5949;341
5950;341
5951;341
5952;341
5953;341
5954;341
5955;341
5956;341
5957;341
5958;341
5959;341
5960;341
5961;341
5962;341
5963;341
5964;341
5965;341
5966;341
5967;341
5968;341
5969;341
5970;341
5971;341
5972;341
5973;341
5974;341
5975;341
5976;341
5977;341
5978;341
5979;341
5980;341
5981;341
5982;341
5983;341
5984;341
5985;341
5986;341
5987;341
5988;341
5989;341
5990;341
5991;341
5992;341
5993;341
5994;341
5995;341
5996;341
5997;341
5998;341
5999;341
6000;341
6001;341
6002;341
6003;341
6004;341
6005;341
6006;341
6007;341
6008;341
6009;341
6010;341
6011;341
6012;341
6013;341
6014;341
6015;341
6016;341
6017;341
6018;341
6019;341
6020;341
6021;341
6022;341
6023;341
6024;341
6025;341
6026;341
6027;341
6028;341
6029;341
6030;341
6031;341
6032;341
6033;341
6034;341
6035;341
6036;341
6037;341
6038;341
6039;341
6040;341
6041;341
6042;341
6043;341
6044;341
6045;341
6046;341
6047;341
6048;341
6049;341
6050;341
6051;341
6052;341
6053;341
6054;341
6055;341
6056;341
6057;341
6058;341
6059;341
6060;341
6061;341
6062;341
6063;341
6064;341
6065;341
6066;341
6067;341
6068;341
6069;341
6070;341
6071;341
6072;341
6073;341
6074;341
6075;341
6076;341
6077;341
6078;341
6079;341
6080;341
6081;341
6082;341
6083;341
6084;341
6085;341
6086;341
6087;341
6088;341
6089;341
6090;341
6091;341
6092;341
6093;341
6094;341
6095;341
6096;341
6097;341
6098;341
6099;341
6100;341
6101;341
6102;341
6103;341
6104;341
6105;341
6106;341
6107;341
6108;341
6109;341
6110;341
6111;341
6112;341
6113;341
6114;341
6115;341
6116;341
6117;341
6118;341
6119;341
6120;341
6121;341
6122;341
6123;341
6124;341
6125;341
6126;341
6127;341
6128;341
6129;341
6130;341
6131;341
6132;341
6133;341
6134;341
6135;341
6136;341
6137;341
6138;341
6139;341
6140;341
6141;341
6142;341
6143;341
6144;341
6145;341
6146;341
6147;341
6148;341
6149;341
6150;341
6151;341
6152;341
6153;341
6154;341
6155;341
6156;341
6157;341
6158;341
6159;341
6160;341
6161;341
6162;341
6163;341
6164;341
6165;341
6166;341
6167;341
6168;341
6169;341
6170;341
6171;341
6172;341
6173;341
6174;341
6175;341
6176;341
6177;341
6178;341
6179;341
6180;341
6181;341
6182;341
6183;341
6184;341
6185;341
6186;341
6187;341
6188;341
6189;341
6190;341
6191;341
6192;341
6193;341
6194;341
6195;341
6196;341
6197;341
6198;341
6199;341
6200;341
6201;341
6202;341
6203;341
6204;341
6205;341
6206;341
6207;341
6208;341
6209;341
6210;341
6211;341
6212;341
6213;341
6214;341
6215;341
6216;341
6217;341
6218;341
6219;341
6220;341
6221;341
6222;341
6223;341
6224;341
6225;341
6226;341
6227;341
6228;341
6229;341
6230;341
6231;341
6232;341
6233;341
6234;341
6235;341
6236;341
6237;341
6238;341
6239;341
6240;341
6241;341
6242;341
6243;341
6244;341
6245;341
6246;341
6247;341
6248;341
6249;341
6250;341
6251;341
6252;341
6253;341
6254;341
6255;341
6256;341
6257;341
6258;341
6259;341
6260;341
6261;341
6262;341
6263;341
6264;341
6265;341
6266;341
6267;341
6268;341
6269;341
6270;341
6271;341
6272;341
6273;341
6274;341
6275;341
6276;341
6277;341
6278;341
6279;341
6280;341
6281;341
6282;341
6283;341
6284;341
6285;341
6286;341
6287;341
6288;341
6289;341
6290;341
6291;341
6292;341
6293;341
6294;341
6295;341
6296;341
6297;341
6298;341
6299;341
6300;341
6301;341
6302;341
6303;341
6304;341
6305;341
6306;341
6307;341
6308;341
6309;341
6310;341
6311;341
6312;341
6313;341
6314;341
6315;341
6316;341
6317;341
6318;341
6319;341
6320;341
6321;341
6322;341
6323;341
6324;341
6325;341
6326;341
6327;341
6328;341
6329;341
6330;341
6331;341
6332;341
6333;341
6334;341
6335;341
6336;341
6337;341
6338;341
6339;341
6340;341
6341;341
6342;341
6343;341
6344;341
6345;341
6346;341
6347;341
6348;341
6349;341
6350;341
6351;341
6352;341
6353;341
6354;341
6355;341
6356;341
6357;341
6358;341
6359;341
6360;341
6361;341
6362;341
6363;341
6364;341
6365;341
6366;341
6367;341
6368;341
6369;341
6370;341
6371;341
6372;341
6373;341
6374;341
6375;341
6376;341
6377;341
6378;341
6379;341
6380;341
6381;341
6382;341
6383;341
6384;341
6385;341
6386;341
6387;341
6388;341
6389;341
6390;341
6391;341
6392;341
6393;341
6394;341
6395;341
6396;341
6397;341
6398;341
6399;341
6400;341
6401;341
6402;341
6403;341
6404;341
6405;341
6406;341
6407;341
6408;341
6409;341
6410;341
6411;341
6412;341
6413;341
6414;341
6415;341
6416;341
6417;341
6418;341
6419;341
6420;341
6421;341
6422;341
6423;341
6424;341
6425;341
6426;341
6427;341
6428;341
6429;341
6430;341
6431;341
6432;341
6433;341
6434;341
6435;341
6436;341
6437;341
6438;341
6439;341
6440;341
6441;341
6442;341
6443;341
6444;341
6445;341
6446;341
6447;341
6448;341
6449;341
6450;341
6451;341
6452;341
6453;341
6454;341
6455;341
6456;341
6457;341
6458;341
6459;341
6460;341
6461;341
6462;341
6463;341
6464;341
6465;341
6466;341
6467;341
6468;341
6469;341
6470;341
6471;341
6472;341
6473;341
6474;341
6475;341
6476;341
6477;341
6478;341
6479;341
6480;341
6481;341
6482;341
6483;341
6484;341
6485;341
6486;341
6487;341
6488;341
6489;341
6490;341
6491;341
6492;341
6493;341
6494;341
6495;341
6496;341
6497;341
6498;341
6499;341
6500;341
6501;341
6502;341
6503;341
6504;341
6505;341
6506;341
6507;341
6508;341
6509;341
6510;341
6511;341
6512;341
6513;341
6514;341
6515;341
6516;341
6517;341
6518;341
6519;341
6520;341
6521;341
6522;341
6523;341
6524;341
6525;341
6526;341
6527;341
6528;341
6529;341
6530;341
6531;341
6532;341
6533;341
6534;341
6535;341
6536;341
6537;341
6538;341
6539;341
6540;341
6541;341
6542;341
6543;341
6544;341
6545;341
6546;341
6547;341
6548;341
6549;341
6550;341
6551;341
6552;341
6553;341
6554;341
6555;341
6556;341
6557;341
6558;341
6559;341
6560;341
6561;341
6562;341
6563;341
6564;341
6565;341
6566;341
6567;341
6568;341
6569;341
6570;341
6571;341
6572;341
6573;341
6574;341
6575;341
6576;341
6577;341
6578;341
6579;341
6580;341
6581;341
6582;341
6583;341
6584;341
6585;341
6586;341
6587;341
6588;341
6589;341
6590;341
6591;341
6592;341
6593;341
6594;341
6595;341
6596;341
6597;341
6598;341
6599;341
6600;341
6601;341
6602;341
6603;341
6604;341
6605;341
6606;341
6607;341
6608;341
6609;341
6610;341
6611;341
6612;341
6613;341
6614;341
6615;341
6616;341
6617;341
6618;341
6619;341
6620;341
6621;341
6622;341
6623;341
6624;341
6625;341
6626;341
6627;341
6628;341
6629;341
6630;341
6631;341
6632;341
6633;341
6634;341
6635;341
6636;341
6637;341
6638;341
6639;341
6640;341
6641;341
6642;341
6643;341
6644;341
6645;341
6646;341
6647;341
6648;341
6649;341
6650;341
6651;341
6652;341
6653;341
6654;341
6655;341
6656;341
6657;341
6658;341
6659;341
6660;341
6661;341
6662;341
6663;341
6664;341
6665;341
6666;341
6667;341
6668;341
6669;341
6670;341
6671;341
6672;341
6673;341
6674;341
6675;341
6676;341
6677;341
6678;341
6679;341
6680;341
6681;341
6682;341
6683;341
6684;341
6685;341
6686;341
6687;341
6688;341
6689;341
6690;341
6691;341
6692;341
6693;341
6694;341
6695;341
6696;341
6697;341
6698;341
6699;341
6700;341
6701;341
6702;341
6703;341
6704;341
6705;341
6706;341
6707;341
6708;341
6709;341
6710;341
6711;341
6712;341
6713;341
6714;341
6715;341
6716;341
6717;341
6718;341
6719;341
6720;341
6721;341
6722;341
6723;341
6724;341
6725;341
6726;341
6727;341
6728;341
6729;341
6730;341
6731;341
6732;341
6733;341
6734;341
6735;341
6736;341
6737;341
6738;341
6739;341
6740;341
6741;341
6742;341
6743;341
6744;341
6745;341
6746;341
6747;341
6748;341
6749;341
6750;341
6751;341
6752;341
6753;341
6754;341
6755;341
6756;341
6757;341
6758;341
6759;341
6760;341
6761;341
6762;341
6763;341
6764;341
6765;341
6766;341
6767;341
6768;341
6769;341
6770;341
6771;341
6772;341
6773;341
6774;341
6775;341
6776;341
6777;341
6778;341
6779;341
6780;341
6781;341
6782;341
6783;341
6784;341
6785;341
6786;341
6787;341
6788;341
6789;341
6790;341
6791;341
6792;341
6793;341
6794;341
6795;341
6796;341
6797;341
6798;341
6799;341
6800;341
6801;341
6802;341
6803;341
6804;341
6805;341
6806;341
6807;341
6808;341
6809;341
6810;341
6811;341
6812;341
6813;341
6814;341
6815;341
6816;341
6817;341
6818;341
6819;341
6820;341
6821;341
6822;341
6823;341
6824;341
6825;341
6826;341
6827;341
6828;341
6829;341
6830;341
6831;341
6832;341
6833;341
6834;341
6835;341
6836;341
6837;341
6838;341
6839;341
6840;341
6841;341
6842;341
6843;341
6844;341
6845;341
6846;341
6847;341
6848;341
6849;341
6850;341
6851;341
6852;341
6853;341
6854;341
6855;341
6856;341
6857;341
6858;341
6859;341
6860;341
6861;341
6862;341
6863;341
6864;341
6865;341
6866;341
6867;341
6868;341
6869;344
6870;344
6871;344
6872;344
6873;344
6874;344
6875;344
6876;344
6877;344
6878;344
6879;344
6880;344
6881;344
6882;344
6883;344
6884;344
6885;344
6886;344
6887;344
6888;344
6889;344
6890;344
6891;344
6892;344
6893;344
6894;344
6895;344
6896;344
6897;344
6898;344
6899;344
6900;344
6901;344
6902;344
6903;344
6904;344
6905;344
6906;344
6907;344
6908;344
6909;344
6910;344
6911;344
6912;344
6913;344
6914;344
6915;344
6916;344
6917;344
6918;344
6919;344
6920;344
6921;344
6922;344
6923;344
6924;344
6925;344
6926;344
6927;344
6928;344
6929;344
6930;344
6931;344
6932;344
6933;344
6934;344
6935;344
6936;344
6937;344
6938;344
6939;344
6940;344
6941;344
6942;344
6943;344
6944;344
6945;344
6946;344
6947;344
6948;344
6949;344
6950;344
6951;344
6952;344
6953;344
6954;344
6955;344
6956;344
6957;344
6958;344
6959;344
6960;344
6961;344
6962;344
6963;344
6964;344
6965;344
6966;344
6967;344
6968;344
6969;344
6970;344
6971;344
6972;344
6973;344
6974;344
6975;344
6976;344
6977;344
6978;344
6979;344
6980;344
6981;344
6982;344
6983;344
6984;344
6985;344
6986;344
6987;344
6988;344
6989;344
6990;344
6991;344
6992;344
6993;344
6994;344
6995;344
6996;344
6997;344
6998;344
6999;344
7000;344
7001;344
7002;344
7003;344
7004;344
7005;344
7006;344
7007;344
7008;344
7009;344
7010;344
7011;344
7012;344
7013;344
7014;344
7015;344
7016;344
7017;344
7018;344
7019;344
7020;344
7021;344
7022;344
7023;344
7024;344
7025;344
7026;344
7027;344
7028;344
7029;344
7030;344
7031;344
7032;344
7033;344
7034;344
7035;344
7036;344
7037;344
7038;344
7039;344
7040;344
7041;344
7042;344
7043;344
7044;344
7045;344
7046;344
7047;344
7048;344
7049;344
7050;344
7051;344
7052;344
7053;344
7054;344
7055;344
7056;344
7057;344
7058;344
7059;344
7060;344
7061;344
7062;344
7063;344
7064;344
7065;344
7066;344
7067;344
7068;344
7069;344
7070;344
7071;344
7072;344
7073;344
7074;344
7075;344
7076;344
7077;344
7078;344
7079;344
7080;344
7081;344
7082;344
7083;344
7084;344
7085;344
7086;344
7087;344
7088;344
7089;344
7090;344
7091;344
7092;344
7093;344
7094;344
7095;344
7096;344
7097;344
7098;344
7099;344
7100;344
7101;344
7102;344
7103;344
7104;344
7105;344
7106;344
7107;344
7108;344
7109;344
7110;344
7111;344
7112;344
7113;344
7114;344
7115;344
7116;344
7117;344
7118;344
7119;344
7120;344
7121;344
7122;344
7123;344
7124;344
7125;344
7126;344
7127;344
7128;344
7129;344
7130;344
7131;344
7132;344
7133;344
7134;344
7135;344
7136;344
7137;344
7138;344
7139;344
7140;344
7141;344
7142;344
7143;344
7144;344
7145;344
7146;344
7147;344
7148;344
7149;344
7150;344
7151;344
7152;344
7153;344
7154;344
7155;344
7156;344
7157;344
7158;344
7159;344
7160;344
7161;344
7162;344
7163;344
7164;344
7165;344
7166;344
7167;344
7168;344
7169;344
7170;344
7171;344
7172;344
7173;344
7174;344
7175;344
7176;344
7177;344
7178;344
7179;344
7180;344
7181;344
7182;344
7183;344
7184;344
7185;344
7186;344
7187;344
7188;344
7189;344
7190;344
7191;344
7192;344
7193;344
7194;344
7195;344
7196;344
7197;344
7198;344
7199;344
7200;344
7201;344
7202;344
7203;344
7204;344
7205;344
7206;344
7207;344
7208;344
7209;344
7210;344
7211;344
7212;344
7213;344
7214;344
7215;344
7216;344
7217;344
7218;344
7219;344
7220;344
7221;344
7222;344
7223;344
7224;344
7225;344
7226;344
7227;344
7228;344
7229;344
7230;344
7231;344
7232;344
7233;344
7234;344
7235;344
7236;344
7237;344
7238;344
7239;344
7240;344
7241;344
7242;344
7243;344
7244;344
7245;344
7246;344
7247;344
7248;344
7249;344
7250;344
7251;344
7252;344
7253;344
7254;344
7255;344
7256;344
7257;344
7258;344
7259;344
7260;344
7261;344
7262;344
7263;344
7264;344
7265;344
7266;344
7267;344
7268;344
7269;344
7270;344
7271;344
7272;344
7273;344
7274;344
7275;344
7276;344
7277;344
7278;344
7279;344
7280;344
7281;344
7282;344
7283;344
7284;344
7285;344
7286;344
7287;344
7288;344
7289;344
7290;344
7291;344
7292;344
7293;344
7294;344
7295;344
7296;344
7297;344
7298;344
7299;344
7300;344
7301;344
7302;344
7303;344
7304;344
7305;344
7306;344
7307;344
7308;344
7309;344
7310;344
7311;344
7312;344
7313;344
7314;344
7315;344
7316;344
7317;344
7318;344
7319;344
7320;344
7321;344
7322;344
7323;344
7324;344
7325;344
7326;344
7327;344
7328;344
7329;344
7330;344
7331;344
7332;344
7333;344
7334;344
7335;344
7336;344
7337;344
7338;344
7339;344
7340;344
7341;344
7342;344
7343;344
7344;344
7345;344
7346;344
7347;344
7348;344
7349;344
7350;344
7351;344
7352;344
7353;344
7354;344
7355;344
7356;344
7357;344
7358;344
7359;344
7360;344
7361;344
7362;344
7363;344
7364;344
7365;344
7366;344
7367;344
7368;344
7369;344
7370;344
7371;344
7372;344
7373;344
7374;344
7375;344
7376;344
7377;344
7378;344
7379;344
7380;344
7381;344
7382;344
7383;344
7384;344
7385;344
7386;344
7387;344
7388;344
7389;344
7390;344
7391;344
7392;344
7393;344
7394;344
7395;344
7396;344
7397;344
7398;344
7399;344
7400;344
7401;344
7402;344
7403;344
7404;344
7405;344
7406;344
7407;344
7408;344
7409;344
7410;344
7411;344
7412;344
7413;344
7414;344
7415;344
7416;344
7417;344
7418;344
7419;344
7420;344
7421;344
7422;344
7423;344
7424;344
7425;344
7426;344
7427;344
7428;344
7429;344
7430;344
7431;344
7432;344
7433;344
7434;344
7435;344
7436;344
7437;344
7438;344
7439;344
7440;344
7441;344
7442;344
7443;344
7444;344
7445;344
7446;344
7447;344
7448;344
7449;344
7450;344
7451;344
7452;344
7453;344
7454;344
7455;344
7456;344
7457;344
7458;344
7459;344
7460;344
7461;344
7462;344
7463;344
7464;344
7465;344
7466;344
7467;344
7468;344
7469;344
7470;344
7471;344
7472;344
7473;344
7474;344
7475;344
7476;344
7477;344
7478;344
7479;344
7480;344
7481;344
7482;344
7483;344
7484;344
7485;344
7486;344
7487;344
7488;344
7489;344
7490;344
7491;344
7492;344
7493;344
7494;344
7495;344
7496;344
7497;344
7498;344
7499;344
7500;344
7501;344
7502;344
7503;344
7504;344
7505;344
7506;344
7507;344
7508;344
7509;344
7510;344
7511;344
7512;344
7513;344
7514;344
7515;344
7516;344
7517;344
7518;344
7519;344
7520;344
7521;344
7522;344
7523;344
7524;344
7525;344
7526;344
7527;344
7528;344
7529;344
7530;344
7531;344
7532;344
7533;344
7534;344
7535;344
7536;344
7537;344
7538;344
7539;344
7540;344
7541;344
7542;344
7543;344
7544;344
7545;344
7546;344
7547;344
7548;344
7549;344
7550;344
7551;344
7552;344
7553;344
7554;344
7555;344
7556;344
7557;344
7558;344
7559;344
7560;344
7561;344
7562;344
7563;344
7564;344
7565;344
7566;344
7567;344
7568;344
7569;344
7570;344
7571;344
7572;344
7573;344
7574;344
7575;344
7576;344
7577;344
7578;344
7579;344
7580;344
7581;344
7582;344
7583;344
7584;344
7585;344
7586;344
7587;344
7588;344
7589;344
7590;344
7591;344
7592;344
7593;344
7594;344
7595;344
7596;344
7597;344
7598;344
7599;344
7600;344
7601;344
7602;344
7603;344
7604;344
7605;344
7606;344
7607;344
7608;344
7609;344
7610;344
7611;344
7612;344
7613;344
7614;344
7615;344
7616;344
7617;344
7618;344
7619;344
7620;344
7621;344
7622;344
7623;344
7624;344
7625;344
7626;344
7627;344
7628;344
7629;344
7630;344
7631;344
7632;344
7633;344
7634;344
7635;344
7636;344
7637;344
7638;344
7639;344
7640;344
7641;344
7642;344
7643;344
7644;344
7645;344
7646;344
7647;344
7648;344
7649;344
7650;344
7651;344
7652;344
7653;344
7654;344
7655;344
7656;344
7657;344
7658;344
7659;344
7660;344
7661;344
7662;344
7663;344
7664;344
7665;344
7666;344
7667;344
7668;344
7669;344
7670;344
7671;344
7672;344
7673;344
7674;344
7675;344
7676;344
7677;344
7678;344
7679;344
7680;344
7681;344
7682;344
7683;344
7684;344
7685;344
7686;344
7687;344
7688;344
7689;344
7690;344
7691;344
7692;344
7693;344
7694;344
7695;344
7696;344
7697;344
7698;344
7699;344
7700;344
7701;344
7702;344
7703;344
7704;344
7705;344
7706;344
7707;344
7708;344
7709;344
7710;344
7711;344
7712;344
7713;344
7714;344
7715;344
7716;344
7717;344
7718;344
7719;344
7720;344
7721;344
7722;344
7723;344
7724;344
7725;344
7726;344
7727;344
7728;344
7729;344
7730;344
7731;344
7732;344
7733;344
7734;344
7735;344
7736;344
7737;344
7738;344
7739;344
7740;344
7741;344
7742;344
7743;344
7744;344
7745;344
7746;344
7747;344
7748;344
7749;344
7750;344
7751;344
7752;344
7753;344
7754;344
7755;344
7756;344
7757;344
7758;344
7759;344
7760;344
7761;344
7762;344
7763;344
7764;344
7765;344
7766;344
7767;344
7768;344
7769;344
7770;344
7771;344
7772;344
7773;344
7774;344
7775;344
7776;344
7777;344
7778;344
7779;344
7780;344
7781;344
7782;344
7783;344
7784;344
7785;344
7786;344
7787;344
7788;344
7789;344
7790;344
7791;344
7792;344
7793;344
7794;344
7795;344
7796;344
7797;344
7798;344
7799;344
7800;344
7801;344
7802;344
7803;344
7804;344
7805;344
7806;344
7807;344
7808;344
7809;344
7810;344
7811;344
7812;344
7813;344
7814;344
7815;344
7816;344
7817;344
7818;344
7819;344
7820;344
7821;344
7822;344
7823;344
7824;344
7825;344
7826;344
7827;344
7828;344
7829;344
7830;344
7831;344
7832;344
7833;344
7834;344
7835;344
7836;344
7837;344
7838;344
7839;344
7840;344
7841;344
7842;344
7843;344
7844;344
7845;344
7846;344
7847;344
7848;344
7849;344
7850;344
7851;344
7852;344
7853;344
7854;344
7855;344
7856;344
7857;344
7858;344
7859;344
7860;344
7861;344
7862;344
7863;344
7864;344
7865;344
7866;344
7867;344
7868;344
7869;344
7870;344
7871;344
7872;344
7873;344
7874;344
7875;344
7876;344
7877;344
7878;344
7879;344
7880;344
7881;344
7882;344
7883;344
7884;344
7885;344
7886;344
7887;344
7888;344
7889;344
7890;344
7891;344
7892;344
7893;344
7894;344
7895;344
7896;344
7897;344
7898;344
7899;344
7900;344
7901;344
7902;344
7903;344
7904;344
7905;344
7906;344
7907;344
7908;344
7909;344
7910;344
7911;344
7912;344
7913;344
7914;344
7915;344
7916;344
7917;344
7918;344
7919;344
7920;344
7921;344
7922;344
7923;344
7924;344
7925;344
7926;344
7927;344
7928;344
7929;344
7930;344
7931;344
7932;344
7933;344
7934;344
7935;344
7936;344
7937;344
7938;344
7939;344
7940;344
7941;344
7942;344
7943;344
7944;344
7945;344
7946;344
7947;344
7948;344
7949;344
7950;344
7951;344
7952;344
7953;344
7954;344
7955;344
7956;344
7957;344
7958;344
7959;344
7960;344
7961;344
7962;344
7963;344
7964;344
7965;344
7966;344
7967;344
7968;344
7969;344
7970;344
7971;344
7972;344
7973;344
7974;344
7975;344
7976;344
7977;344
7978;344
7979;344
7980;344
7981;344
7982;344
7983;344
7984;344
7985;344
7986;344
7987;344
7988;344
7989;344
7990;344
7991;344
7992;344
7993;344
7994;344
7995;344
7996;344
7997;344
7998;344
7999;344
8000;344
8001;344
8002;344
8003;344
8004;344
8005;344
8006;344
8007;344
8008;344
8009;344
8010;344
8011;344
8012;344
8013;344
8014;344
8015;344
8016;344
8017;344
8018;344
8019;344
8020;344
8021;344
8022;344
8023;344
8024;344
8025;344
8026;344
8027;344
8028;344
8029;344
8030;344
8031;344
8032;344
8033;344
8034;344
8035;344
8036;344
8037;344
8038;344
8039;344
8040;344
8041;344
8042;344
8043;344
8044;344
8045;344
8046;344
8047;344
8048;344
8049;344
8050;344
8051;344
8052;344
8053;344
8054;344
8055;344
8056;344
8057;344
8058;344
8059;344
8060;344
8061;344
8062;344
8063;344
8064;344
8065;344
8066;344
8067;344
8068;344
8069;344
8070;344
8071;344
8072;344
8073;344
8074;344
8075;344
8076;344
8077;344
8078;344
8079;344
8080;344
8081;344
8082;344
8083;344
8084;344
8085;344
8086;344
8087;344
8088;344
8089;344
8090;344
8091;344
8092;344
8093;344
8094;344
8095;344
8096;344
8097;344
8098;344
8099;344
8100;344
8101;344
8102;344
8103;344
8104;344
8105;344
8106;344
8107;344
8108;344
8109;344
8110;344
8111;344
8112;344
8113;344
8114;344
8115;344
8116;344
8117;344
8118;344
8119;344
8120;344
8121;344
8122;344
8123;344
8124;344
8125;344
8126;344
8127;344
8128;344
8129;344
8130;344
8131;344
8132;344
8133;344
8134;344
8135;344
8136;344
8137;344
8138;344
8139;344
8140;344
8141;344
8142;344
8143;344
8144;344
8145;344
8146;344
8147;344
8148;344
8149;344
8150;344
8151;344
8152;344
8153;344
8154;344
8155;344
8156;344
8157;344
8158;344
8159;344
8160;344
8161;344
8162;344
8163;344
8164;344
8165;344
8166;344
8167;344
8168;344
8169;344
8170;344
8171;344
8172;344
8173;344
8174;344
8175;344
8176;344
8177;344
8178;344
8179;344
8180;344
8181;344
8182;344
8183;344
8184;344
8185;344
8186;344
8187;344
8188;344
8189;344
8190;344
8191;344
8192;344
8193;344
8194;344
8195;344
8196;344
8197;344
8198;344
8199;344
8200;344
8201;344
8202;344
8203;344
8204;344
8205;344
8206;344
8207;344
8208;344
8209;344
8210;344
8211;344
8212;344
8213;344
8214;344
8215;344
8216;344
8217;344
8218;344
8219;344
8220;344
8221;344
8222;344
8223;344
8224;344
8225;344
8226;344
8227;344
8228;344
8229;344
8230;344
8231;344
8232;344
8233;344
8234;344
8235;344
8236;344
8237;344
8238;344
8239;344
8240;344
8241;344
8242;344
8243;344
8244;344
8245;344
8246;344
8247;344
8248;344
8249;344
8250;344
8251;344
8252;344
8253;344
8254;344
8255;344
8256;344
8257;344
8258;344
8259;344
8260;344
8261;344
8262;344
8263;344
8264;344
8265;344
8266;344
8267;344
8268;344
8269;344
8270;344
8271;344
8272;344
8273;344
8274;344
8275;344
8276;344
8277;344
8278;344
8279;344
8280;344
8281;344
8282;344
8283;344
8284;344
8285;344
8286;344
8287;344
8288;344
8289;344
8290;344
8291;344
8292;344
8293;344
8294;344
8295;344
8296;344
8297;344
8298;344
8299;344
8300;344
8301;344
8302;344
8303;344
8304;344
8305;344
8306;344
8307;344
8308;344
8309;344
8310;344
8311;344
8312;344
8313;344
8314;344
8315;344
8316;344
8317;344
8318;344
8319;344
8320;344
8321;344
8322;344
8323;344
8324;344
8325;344
8326;344
8327;344
8328;344
8329;344
8330;344
8331;344
8332;344
8333;344
8334;344
8335;344
8336;344
8337;344
8338;344
8339;344
8340;344
8341;344
8342;344
8343;344
8344;344
8345;344
8346;344
8347;344
8348;344
8349;344
8350;344
8351;344
8352;344
8353;344
8354;344
8355;344
8356;344
8357;344
8358;344
8359;344
8360;344
8361;344
8362;344
8363;344
8364;344
8365;344
8366;344
8367;344
8368;344
8369;344
8370;344
8371;344
8372;344
8373;344
8374;344
8375;344
8376;344
8377;344
8378;344
8379;344
8380;344
8381;344
8382;344
8383;344
8384;344
8385;344
8386;344
8387;344
8388;344
8389;344
8390;344
8391;344
8392;344
8393;344
8394;344
8395;344
8396;344
8397;344
8398;344
8399;344
8400;344
8401;344
8402;344
8403;344
8404;344
8405;344
8406;344
8407;344
8408;344
8409;344
8410;344
8411;344
8412;344
8413;344
8414;344
8415;344
8416;344
8417;344
8418;344
8419;344
8420;344
8421;344
8422;344
8423;344
8424;344
8425;344
8426;344
8427;344
8428;344
8429;344
8430;344
8431;344
8432;344
8433;344
8434;344
8435;344
8436;344
8437;344
8438;344
8439;344
8440;344
8441;344
8442;344
8443;344
8444;344
8445;344
8446;344
8447;344
8448;344
8449;344
8450;344
8451;344
8452;344
8453;344
8454;344
8455;344
8456;344
8457;344
8458;344
8459;344
8460;344
8461;344
8462;344
8463;344
8464;344
8465;344
8466;344
8467;344
8468;344
8469;344
8470;344
8471;344
8472;344
8473;344
8474;344
8475;344
8476;344
8477;344
8478;344
8479;344
8480;344
8481;344
8482;344
8483;344
8484;344
8485;344
8486;344
8487;344
8488;344
8489;344
8490;344
8491;344
8492;344
8493;344
8494;344
8495;344
8496;344
8497;344
8498;344
8499;344
8500;344
8501;344
8502;344
8503;344
8504;344
8505;344
8506;344
8507;344
8508;344
8509;344
8510;344
8511;344
8512;344
8513;344
8514;344
8515;344
8516;344
8517;344
8518;344
8519;344
8520;344
8521;344
8522;344
8523;344
8524;344
8525;344
8526;344
8527;344
8528;344
8529;344
8530;344
8531;344
8532;344
8533;344
8534;344
8535;344
8536;344
8537;344
8538;344
8539;344
8540;344
8541;344
8542;344
8543;344
8544;344
8545;344
8546;344
8547;344
8548;344
8549;344
8550;344
8551;344
8552;344
8553;344
8554;344
8555;344
8556;344
8557;344
8558;344
8559;344
8560;344
8561;344
8562;344
8563;344
8564;344
8565;344
8566;344
8567;344
8568;344
8569;344
8570;344
8571;344
8572;344
8573;344
8574;344
8575;344
8576;344
8577;344
8578;344
8579;344
8580;344
8581;344
8582;344
8583;344
8584;344
8585;344
8586;344
8587;344
8588;344
8589;344
8590;344
8591;344
8592;344
8593;344
8594;344
8595;344
8596;344
8597;344
8598;344
8599;344
8600;344
8601;344
8602;344
8603;344
8604;344
8605;344
8606;344
8607;344
8608;344
8609;344
8610;344
8611;344
8612;344
8613;344
8614;344
8615;344
8616;344
8617;344
8618;344
8619;344
8620;344
8621;344
8622;344
8623;344
8624;344
8625;344
8626;344
8627;344
8628;344
8629;344
8630;344
8631;344
8632;344
8633;344
8634;344
8635;344
8636;344
8637;344
8638;344
8639;344
8640;344
8641;344
8642;344
8643;344
8644;344
8645;344
8646;344
8647;344
8648;344
8649;344
8650;344
8651;344
8652;344
8653;344
8654;344
8655;344
8656;344
8657;344
8658;344
8659;344
8660;344
8661;344
8662;344
8663;344
8664;344
8665;344
8666;344
8667;344
8668;344
8669;344
8670;344
8671;344
8672;344
8673;344
8674;344
8675;344
8676;344
8677;344
8678;344
8679;344
8680;344
8681;344
8682;344
8683;344
8684;344
8685;344
8686;344
8687;344
8688;344
8689;344
8690;344
8691;344
8692;344
8693;344
8694;344
8695;344
8696;344
8697;344
8698;344
8699;344
8700;344
8701;344
8702;344
8703;344
8704;344
8705;344
8706;344
8707;344
8708;344
8709;344
8710;344
8711;344
8712;344
8713;344
8714;344
8715;344
8716;344
8717;344
8718;344
8719;344
8720;344
8721;344
8722;344
8723;344
8724;344
8725;344
8726;344
8727;344
8728;344
8729;344
8730;344
8731;344
8732;344
8733;344
8734;344
8735;344
8736;344
8737;344
8738;344
8739;344
8740;344
8741;344
8742;344
8743;344
8744;344
8745;344
8746;344
8747;344
8748;344
8749;344
8750;344
8751;344
8752;344
8753;344
8754;344
8755;344
8756;344
8757;344
8758;344
8759;344
8760;344
8761;344
8762;344
8763;344
8764;344
8765;344
8766;344
8767;344
8768;344
8769;344
8770;344
8771;344
8772;344
8773;344
8774;344
8775;344
8776;344
8777;344
8778;344
8779;344
8780;344
8781;344
8782;344
8783;344
8784;344
8785;344
8786;344
8787;344
8788;344
8789;344
8790;344
8791;344
8792;344
8793;344
8794;344
8795;344
8796;344
8797;344
8798;344
8799;344
8800;344
8801;344
8802;344
8803;344
8804;344
8805;344
8806;344
8807;344
8808;344
8809;344
8810;344
8811;344
8812;344
8813;344
8814;344
8815;344
8816;344
8817;344
8818;344
8819;344
8820;344
8821;344
8822;344
8823;344
8824;344
8825;344
8826;344
8827;344
8828;344
8829;344
8830;344
8831;344
8832;344
8833;344
8834;344
8835;344
8836;344
8837;344
8838;344
8839;344
8840;344
8841;344
8842;344
8843;344
8844;344
8845;344
8846;344
8847;344
8848;344
8849;344
8850;344
8851;344
8852;344
8853;344
8854;344
8855;344
8856;344
8857;344
8858;344
8859;344
8860;344
8861;344
8862;344
8863;344
8864;344
8865;344
8866;344
8867;344
8868;344
8869;344
8870;344
8871;344
8872;344
8873;344
8874;344
8875;344
8876;344
8877;344
8878;344
8879;344
8880;344
8881;344
8882;344
8883;344
8884;344
8885;344
8886;344
8887;344
8888;344
8889;344
8890;344
8891;344
8892;344
8893;344
8894;344
8895;344
8896;344
8897;344
8898;344
8899;344
8900;344
8901;344
8902;344
8903;344
8904;344
8905;344
8906;344
8907;344
8908;344
8909;344
8910;344
8911;344
8912;344
8913;344
8914;344
8915;344
8916;344
8917;344
8918;344
8919;344
8920;344
8921;344
8922;344
8923;344
8924;344
8925;344
8926;344
8927;344
8928;344
8929;344
8930;344
8931;344
8932;344
8933;344
8934;344
8935;344
8936;344
8937;344
8938;344
8939;344
8940;344
8941;344
8942;344
8943;344
8944;344
8945;344
8946;344
8947;344
8948;344
8949;344
8950;344
8951;344
8952;344
8953;344
8954;344
8955;344
8956;344
8957;344
8958;344
8959;344
8960;344
8961;344
8962;344
8963;344
8964;344
8965;344
8966;344
8967;344
8968;344
8969;344
8970;344
8971;344
8972;344
8973;344
8974;344
8975;344
8976;344
8977;344
8978;344
8979;344
8980;344
8981;344
8982;344
8983;344
8984;344
8985;344
8986;344
8987;344
8988;344
8989;344
8990;344
8991;344
8992;344
8993;344
8994;344
8995;344
8996;344
8997;344
8998;344
8999;344
9000;344
9001;344
9002;344
9003;344
9004;344
9005;344
9006;344
9007;344
9008;344
9009;344
9010;344
9011;344
9012;344
9013;344
9014;344
9015;344
9016;344
9017;344
9018;344
9019;344
9020;344
9021;344
9022;344
9023;344
9024;344
9025;344
9026;344
9027;344
9028;344
9029;344
9030;344
9031;344
9032;344
9033;344
9034;344
9035;344
9036;344
9037;344
9038;344
9039;344
9040;344
9041;344
9042;344
9043;344
9044;344
9045;344
9046;344
9047;344
9048;344
9049;344
9050;344
9051;344
9052;344
9053;344
9054;344
9055;344
9056;344
9057;344
9058;344
9059;344
9060;344
9061;344
9062;344
9063;344
9064;344
9065;344
9066;344
9067;344
9068;344
9069;344
9070;344
9071;344
9072;344
9073;344
9074;344
9075;344
9076;344
9077;344
9078;344
9079;344
9080;344
9081;344
9082;344
9083;344
9084;344
9085;344
9086;344
9087;344
9088;344
9089;344
9090;344
9091;344
9092;344
9093;344
9094;344
9095;344
9096;344
9097;344
9098;344
9099;344
9100;344
9101;344
9102;344
9103;344
9104;344
9105;344
9106;344
9107;344
9108;344
9109;344
9110;344
9111;344
9112;344
9113;344
9114;344
9115;344
9116;344
9117;344
9118;344
9119;344
9120;344
9121;344
9122;344
9123;344
9124;344
9125;344
9126;344
9127;344
9128;344
9129;344
9130;344
9131;344
9132;344
9133;344
9134;344
9135;344
9136;344
9137;344
9138;344
9139;344
9140;344
9141;344
9142;344
9143;344
9144;344
9145;344
9146;344
9147;344
9148;344
9149;344
9150;344
9151;344
9152;344
9153;344
9154;344
9155;344
9156;344
9157;344
9158;344
9159;344
9160;344
9161;344
9162;344
9163;344
9164;344
9165;344
9166;344
9167;344
9168;344
9169;344
9170;344
9171;344
9172;344
9173;344
9174;344
9175;344
9176;344
9177;344
9178;344
9179;344
9180;344
9181;344
9182;344
9183;344
9184;344
9185;344
9186;344
9187;344
9188;344
9189;344
9190;344
9191;344
9192;344
9193;344
9194;344
9195;344
9196;344
9197;344
9198;344
9199;344
9200;344
9201;344
9202;344
9203;344
9204;344
9205;344
9206;344
9207;344
9208;344
9209;344
9210;344
9211;344
9212;344
9213;344
9214;344
9215;344
9216;344
9217;344
9218;344
9219;344
9220;344
9221;344
9222;344
9223;344
9224;344
9225;344
9226;344
9227;344
9228;344
9229;344
9230;344
9231;344
9232;344
9233;344
9234;344
9235;344
9236;344
9237;344
9238;344
9239;344
9240;344
9241;344
9242;344
9243;344
9244;344
9245;344
9246;344
9247;344
9248;344
9249;344
9250;344
9251;344
9252;344
9253;344
9254;344
9255;344
9256;344
9257;344
9258;344
9259;344
9260;344
9261;344
9262;344
9263;344
9264;344
9265;344
9266;344
9267;344
9268;344
9269;344
9270;344
9271;344
9272;344
9273;344
9274;344
9275;344
9276;344
9277;344
9278;344
9279;344
9280;344
9281;344
9282;344
9283;344
9284;344
9285;344
9286;344
9287;344
9288;344
9289;344
9290;344
9291;344
9292;344
9293;344
9294;344
9295;344
9296;344
9297;344
9298;344
9299;344
9300;344
9301;344
9302;344
9303;344
9304;344
9305;344
9306;344
9307;344
9308;344
9309;344
9310;344
9311;344
9312;344
9313;344
9314;344
9315;344
9316;344
9317;344
9318;344
9319;344
9320;344
9321;344
9322;344
9323;344
9324;344
9325;344
9326;344
9327;344
9328;344
9329;344
9330;344
9331;344
9332;344
9333;344
9334;344
9335;344
9336;344
9337;344
9338;344
9339;344
9340;344
9341;344
9342;344
9343;344
9344;344
9345;344
9346;344
9347;344
9348;344
9349;344
9350;344
9351;344
9352;344
9353;344
9354;344
9355;344
9356;344
9357;344
9358;344
9359;344
9360;344
9361;344
9362;344
9363;344
9364;344
9365;344
9366;344
9367;344
9368;344
9369;344
9370;344
9371;344
9372;344
9373;344
9374;344
9375;344
9376;344
9377;344
9378;344
9379;344
9380;344
9381;344
9382;344
9383;344
9384;344
9385;344
9386;344
9387;344
9388;344
9389;344
9390;344
9391;344
9392;344
9393;344
9394;344
9395;344
9396;344
9397;344
9398;344
9399;344
9400;344
9401;344
9402;344
9403;344
9404;344
9405;344
9406;344
9407;344
9408;344
9409;344
9410;344
9411;344
9412;344
9413;344
9414;344
9415;344
9416;344
9417;344
9418;344
9419;344
9420;344
9421;344
9422;344
9423;344
9424;344
9425;344
9426;344
9427;344
9428;344
9429;344
9430;344
9431;344
9432;344
9433;344
9434;344
9435;344
9436;344
9437;344
9438;344
9439;344
9440;344
9441;344
9442;344
9443;344
9444;344
9445;344
9446;344
9447;344
9448;344
9449;344
9450;344
9451;344
9452;344
9453;344
9454;344
9455;344
9456;344
9457;344
9458;344
9459;344
9460;344
9461;344
9462;344
9463;344
9464;344
9465;344
9466;344
9467;344
9468;344
9469;344
9470;344
9471;344
9472;344
9473;344
9474;344
9475;344
9476;344
9477;344
9478;344
9479;344
9480;344
9481;344
9482;344
9483;344
9484;344
9485;344
9486;344
9487;344
9488;344
9489;344
9490;344
9491;344
9492;344
9493;344
9494;344
9495;344
9496;344
9497;344
9498;344
9499;344
9500;344
9501;344
9502;344
9503;344
9504;344
9505;344
9506;344
9507;344
9508;344
9509;344
9510;344
9511;344
9512;344
9513;344
9514;344
9515;344
9516;344
9517;344
9518;344
9519;344
9520;344
9521;344
9522;344
9523;344
9524;344
9525;344
9526;344
9527;344
9528;344
9529;344
9530;344
9531;344
9532;344
9533;344
9534;344
9535;344
9536;344
9537;344
9538;344
9539;344
9540;344
9541;344
9542;344
9543;344
9544;344
9545;344
9546;344
9547;344
9548;344
9549;344
9550;344
9551;344
9552;344
9553;344
9554;344
9555;344
9556;344
9557;344
9558;344
9559;344
9560;344
9561;344
9562;344
9563;344
9564;344
9565;344
9566;344
9567;344
9568;344
9569;344
9570;344
9571;344
9572;344
9573;344
9574;344
9575;344
9576;344
9577;344
9578;344
9579;344
9580;344
9581;344
9582;344
9583;344
9584;344
9585;344
9586;344
9587;344
9588;344
9589;344
9590;344
9591;344
9592;344
9593;344
9594;344
9595;344
9596;344
9597;344
9598;344
9599;344
9600;344
9601;344
9602;344
9603;344
9604;344
9605;344
9606;344
9607;344
9608;344
9609;344
9610;344
9611;344
9612;344
9613;344
9614;344
9615;344
9616;344
9617;344
9618;344
9619;344
9620;344
9621;344
9622;344
9623;344
9624;344
9625;344
9626;344
9627;344
9628;344
9629;344
9630;344
9631;344
9632;344
9633;344
9634;344
9635;344
9636;344
9637;344
9638;344
9639;344
9640;344
9641;344
9642;344
9643;344
9644;344
9645;344
9646;344
9647;344
9648;344
9649;344
9650;344
9651;344
9652;344
9653;344
9654;344
9655;344
9656;344
9657;344
9658;344
9659;344
9660;344
9661;344
9662;344
9663;344
9664;344
9665;344
9666;344
9667;344
9668;344
9669;344
9670;344
9671;344
9672;344
9673;344
9674;344
9675;344
9676;344
9677;344
9678;344
9679;344
9680;344
9681;344
9682;344
9683;344
9684;344
9685;344
9686;344
9687;344
9688;344
9689;344
9690;344
9691;344
9692;344
9693;344
9694;344
9695;344
9696;344
9697;344
9698;344
9699;344
9700;344
9701;344
9702;344
9703;344
9704;344
9705;344
9706;344
9707;344
9708;344
9709;344
9710;344
9711;344
9712;344
9713;344
9714;344
9715;344
9716;344
9717;344
9718;344
9719;344
9720;344
9721;344
9722;344
9723;344
9724;344
9725;344
9726;344
9727;344
9728;344
9729;344
9730;344
9731;344
9732;344
9733;344
9734;344
9735;344
9736;344
9737;344
9738;344
9739;344
9740;344
9741;344
9742;344
9743;344
9744;344
9745;344
9746;344
9747;344
9748;344
9749;344
9750;344
9751;344
9752;344
9753;344
9754;344
9755;344
9756;344
9757;344
9758;344
9759;344
9760;344
9761;344
9762;344
9763;344
9764;344
9765;344
9766;344
9767;344
9768;344
9769;344
9770;344
9771;344
9772;344
9773;344
9774;344
9775;344
9776;344
9777;344
9778;344
9779;344
9780;344
9781;344
9782;344
9783;344
9784;344
9785;344
9786;344
9787;344
9788;344
9789;344
9790;344
9791;344
9792;344
9793;344
9794;344
9795;344
9796;344
9797;344
9798;344
9799;344
9800;344
9801;344
9802;344
9803;344
9804;344
9805;344
9806;344
9807;344
9808;344
9809;344
9810;344
9811;344
9812;344
9813;344
9814;344
9815;344
9816;344
9817;344
9818;344
9819;344
9820;344
9821;344
9822;344
9823;344
9824;344
9825;344
9826;344
9827;344
9828;344
9829;344
9830;344
9831;344
9832;344
9833;344
9834;344
9835;344
9836;344
9837;344
9838;344
9839;344
9840;344
9841;344
9842;344
9843;344
9844;344
9845;344
9846;344
9847;344
9848;344
9849;344
9850;344
9851;344
9852;344
9853;344
9854;344
9855;344
9856;344
9857;344
9858;344
9859;344
9860;344
9861;344
9862;344
9863;344
9864;344
9865;344
9866;344
9867;344
9868;344
9869;344
9870;344
9871;344
9872;344
9873;344
9874;344
9875;344
9876;344
9877;344
9878;344
9879;344
9880;344
9881;344
9882;344
9883;344
9884;344
9885;344
9886;344
9887;344
9888;344
9889;344
9890;344
9891;344
9892;344
9893;344
9894;344
9895;344
9896;344
9897;344
9898;344
9899;344
9900;344
9901;344
9902;344
9903;344
9904;344
9905;344
9906;344
9907;344
9908;344
9909;344
9910;344
9911;344
9912;344
9913;344
9914;344
9915;344
9916;344
9917;344
9918;344
9919;344
9920;344
9921;344
9922;344
9923;344
9924;344
9925;344
9926;344
9927;344
9928;344
9929;344
9930;344
9931;344
9932;344
9933;344
9934;344
9935;344
9936;344
9937;344
9938;344
9939;344
9940;344
9941;344
9942;344
9943;344
9944;344
9945;344
9946;344
9947;344
9948;344
9949;344
9950;344
9951;344
9952;344
9953;344
9954;344
9955;344
9956;344
9957;344
9958;344
9959;344
9960;344
9961;344
9962;344
9963;344
9964;344
9965;344
9966;344
9967;344
9968;344
9969;344
9970;344
9971;344
9972;344
9973;344
9974;344
9975;344
9976;344
9977;344
9978;344
9979;344
9980;344
9981;344
9982;344
9983;344
9984;344
9985;344
9986;344
9987;344
9988;344
9989;344
9990;344
9991;344
9992;344
9993;344
9994;344
9995;344
9996;344
9997;344
9998;344
9999;344