0;8
1;43
2;43
3;43
4;47
5;47
6;47
7;47
8;47
9;47
10;47
11;47
12;47
13;47
14;47
15;47
16;47
17;47
18;47
19;47
20;47
21;47
22;47
23;47
24;47
25;47
26;47
27;47
28;47
29;47
30;47
31;47
32;47
33;47
34;47
35;47
36;47
37;47
38;47
39;47
40;47
41;47
42;47
43;47
44;47
45;47
46;47
47;47
48;47
49;47
50;47
51;47
52;47
53;47
54;47
55;47
56;47
57;47
58;47
59;47
60;47
61;47
62;47
63;47
64;47
65;47
66;47
67;47
68;47
69;47
70;47
71;47
72;47
73;47
74;47
75;47
76;47
77;47
78;47
79;47
80;47
81;47
82;47
83;47
84;47
85;47
86;47
87;47
88;47
89;47
90;47
91;47
92;47
93;47
94;47
95;47
96;47
97;47
98;47
99;47
100;47
101;47
102;56
103;56
104;56
105;56
106;56
107;56
108;56
109;56
110;56
111;56
112;56
113;56
114;56
115;56
116;56
117;56
118;56
119;56
120;56
121;56
122;56
123;56
124;56
125;56
126;56
127;56
128;56
129;56
130;56
131;56
132;56
133;56
134;56
135;56
136;56
137;56
138;56
139;56
140;56
141;56
142;56
143;56
144;56
145;56
146;56
147;56
148;56
149;56
150;56
151;56
152;56
153;56
154;56
155;56
156;56
157;56
158;56
159;56
160;56
161;56
162;56
163;56
164;56
165;56
166;56
167;56
168;56
169;56
170;56
171;56
172;56
173;56
174;56
175;56
176;56
177;56
178;56
179;56
180;56
181;56
182;56
183;56
184;56
185;56
186;56
187;56
188;56
189;56
190;56
191;56
192;56
193;56
194;56
195;56
196;56
197;56
198;56
199;56
200;56
201;56
202;56
203;56
204;56
205;56
206;56
207;56
208;56
209;56
210;56
211;56
212;56
213;56
214;56
215;56
216;56
217;56
218;56
219;56
220;56
221;56
222;56
223;56
224;56
225;56
226;56
227;56
228;56
229;56
230;56
231;56
232;56
233;56
234;56
235;56
236;56
237;56
238;56
239;56
240;56
241;56
242;56
243;56
244;56
245;56
246;56
247;56
248;56
249;56
250;56
251;56
252;56
253;56
254;56
255;56
256;56
257;64
258;64
259;64
260;64
261;64
262;64
263;64
264;64
265;64
266;64
267;64
268;64
269;64
270;64
271;64
272;64
273;64
274;64
275;64
276;64
277;64
278;64
279;64
280;64
281;64
282;64
283;64
284;64
285;64
286;64
287;64
288;64
289;64
290;64
291;64
292;64
293;64
294;64
295;64
296;64
297;64
298;64
299;64
300;64
301;64
302;64
303;64
304;64
305;64
306;64
307;64
308;64
309;64
310;64
311;64
312;64
313;64
314;65
315;65
316;65
317;65
318;65
319;65
320;65
321;65
322;65
323;65
324;65
325;65
326;65
327;65
328;65
329;65
330;65
331;65
332;65
333;65
334;65
335;65
336;65
337;65
338;65
339;65
340;65
341;65
342;65
343;65
344;65
345;65
346;65
347;65
348;65
349;65
350;65
351;65
352;65
353;65
354;65
355;65
356;65
357;65
358;65
359;65
360;65
361;65
362;65
363;65
364;65
365;65
366;65
367;65
368;65
369;65
370;65
371;65
372;65
373;65
374;65
375;65
376;65
377;65
378;65
379;65
380;65
381;65
382;65
383;65
384;65
385;65
386;65
387;65
388;65
389;65
390;65
391;65
392;65
393;65
394;65
395;65
396;65
397;65
398;65
399;65
400;65
401;65
402;65
403;65
404;65
405;65
406;65
407;65
408;65
409;65
410;65
411;65
412;65
413;65
414;65
415;65
416;65
417;65
418;65
419;65
420;76
421;76
422;76
423;76
424;76
425;76
426;76
427;76
428;76
429;76
430;76
431;76
432;76
433;76
434;76
435;76
436;76
437;76
438;76
439;76
440;76
441;76
442;76
443;76
444;76
445;76
446;76
447;76
448;76
449;76
450;76
451;76
452;76
453;76
454;76
455;76
456;76
457;76
458;76
459;76
460;76
461;76
462;76
463;76
464;76
465;76
466;76
467;76
468;76
469;76
470;76
471;76
472;76
473;76
474;76
475;76
476;76
477;76
478;76
479;76
480;76
481;76
482;76
483;76
484;76
485;76
486;76
487;76
488;76
489;76
490;76
491;76
492;76
493;76
494;76
495;76
496;76
497;76
498;76
499;76
500;76
501;76
502;76
503;76
504;76
505;76
506;76
507;76
508;76
509;76
510;76
511;76
512;76
513;76
514;76
515;76
516;76
517;76
518;76
519;76
520;76
521;76
522;76
523;76
524;76
525;76
526;76
527;76
528;76
529;76
530;76
531;76
532;76
533;76
534;76
535;76
536;76
537;76
538;76
539;76
540;76
541;76
542;76
543;76
544;76
545;76
546;76
547;76
548;76
549;76
550;76
551;76
552;76
553;76
554;76
555;76
556;76
557;76
558;76
559;76
560;76
561;76
562;76
563;76
564;76
565;76
566;76
567;76
568;76
569;76
570;76
571;76
572;76
573;76
574;76
575;76
576;76
577;76
578;76
579;76
580;76
581;76
582;76
583;76
584;76
585;76
586;76
587;76
588;76
589;76
590;76
591;76
592;76
593;76
594;76
595;76
596;76
597;76
598;76
599;76
600;76
601;76
602;76
603;76
604;76
605;76
606;76
607;76
608;76
609;76
610;76
611;76
612;76
613;76
614;76
615;76
616;76
617;76
618;76
619;76
620;76
621;76
622;76
623;76
624;76
625;76
626;76
627;76
628;76
629;76
630;76
631;76
632;76
633;76
634;76
635;76
636;76
637;76
638;76
639;76
640;76
641;76
642;76
643;76
644;76
645;76
646;76
647;76
648;76
649;76
650;76
651;76
652;76
653;76
654;76
655;76
656;76
657;76
658;76
659;76
660;76
661;76
662;76
663;76
664;76
665;76
666;76
667;76
668;76
669;76
670;76
671;76
672;76
673;76
674;76
675;76
676;76
677;76
678;76
679;76
680;76
681;76
682;76
683;76
684;76
685;76
686;76
687;76
688;76
689;76
690;76
691;76
692;76
693;76
694;76
695;76
696;76
697;76
698;76
699;76
700;76
701;76
702;76
703;76
704;76
705;76
706;76
707;76
708;76
709;76
710;76
711;76
712;76
713;76
714;76
715;76
716;76
717;76
718;76
719;76
720;76
721;76
722;76
723;76
724;76
725;76
726;76
727;76
728;76
729;76
730;76
731;76
732;76
733;76
734;76
735;76
736;76
737;76
738;76
739;76
740;76
741;76
742;76
743;76
744;76
745;76
746;76
747;76
748;76
749;76
750;76
751;76
752;76
753;76
754;76
755;76
756;76
757;76
758;76
759;76
760;76
761;76
762;76
763;76
764;76
765;76
766;76
767;76
768;76
769;76
770;76
771;76
772;76
773;76
774;76
775;76
776;76
777;76
778;76
779;76
780;76
781;76
782;76
783;76
784;76
785;76
786;76
787;76
788;76
789;76
790;76
791;76
792;76
793;76
794;76
795;76
796;76
797;76
798;76
799;76
800;76
801;76
802;76
803;76
804;76
805;76
806;76
807;76
808;76
809;76
810;76
811;76
812;76
813;76
814;76
815;76
816;76
817;76
818;76
819;76
820;76
821;76
822;76
823;76
824;76
825;76
826;76
827;76
828;76
829;76
830;76
831;76
832;76
833;76
834;76
835;76
836;76
837;76
838;76
839;76
840;76
841;76
842;76
843;76
844;76
845;76
846;76
847;76
848;76
849;76
850;76
851;76
852;76
853;76
854;76
855;76
856;76
857;76
858;76
859;76
860;76
861;76
862;76
863;76
864;76
865;76
866;76
867;76
868;76
869;76
870;76
871;76
872;76
873;76
874;76
875;76
876;76
877;76
878;76
879;76
880;76
881;76
882;76
883;76
884;76
885;76
886;76
887;76
888;76
889;76
890;76
891;76
892;76
893;76
894;76
895;76
896;76
897;76
898;76
899;76
900;76
901;76
902;76
903;76
904;76
905;76
906;76
907;76
908;76
909;76
910;76
911;76
912;76
913;76
914;76
915;76
916;76
917;76
918;76
919;76
920;76
921;76
922;76
923;76
924;76
925;76
926;76
927;76
928;76
929;76
930;76
931;76
932;76
933;76
934;76
935;76
936;76
937;76
938;76
939;76
940;76
941;76
942;76
943;76
944;76
945;76
946;76
947;76
948;76
949;76
950;76
951;76
952;76
953;76
954;76
955;76
956;76
957;76
958;76
959;76
960;76
961;76
962;76
963;76
964;76
965;76
966;76
967;76
968;76
969;76
970;76
971;76
972;76
973;76
974;76
975;76
976;76
977;76
978;76
979;76
980;76
981;76
982;76
983;76
984;76
985;76
986;76
987;76
988;76
989;76
990;76
991;76
992;76
993;76
994;76
995;76
996;76
997;76
998;76
999;76
1000;76
1001;76
1002;76
1003;76
1004;76
1005;76
1006;76
1007;76
1008;76
1009;76
1010;76
1011;76
1012;76
1013;76
1014;76
1015;76
1016;76
1017;76
1018;76
1019;76
1020;76
1021;76
1022;76
1023;76
1024;76
1025;76
1026;76
1027;76
1028;76
1029;76
1030;76
1031;76
1032;76
1033;76
1034;76
1035;76
1036;76
1037;76
1038;76
1039;76
1040;76
1041;76
1042;76
1043;76
1044;76
1045;76
1046;76
1047;76
1048;76
1049;76
1050;76
1051;76
1052;76
1053;76
1054;76
1055;76
1056;76
1057;76
1058;76
1059;76
1060;76
1061;76
1062;76
1063;76
1064;76
1065;76
1066;76
1067;76
1068;76
1069;76
1070;76
1071;76
1072;76
1073;76
1074;76
1075;76
1076;76
1077;76
1078;76
1079;76
1080;76
1081;76
1082;76
1083;76
1084;76
1085;76
1086;76
1087;76
1088;76
1089;76
1090;76
1091;76
1092;76
1093;76
1094;76
1095;76
1096;76
1097;76
1098;76
1099;76
1100;76
1101;76
1102;76
1103;76
1104;76
1105;76
1106;76
1107;76
1108;76
1109;76
1110;76
1111;76
1112;76
1113;76
1114;76
1115;76
1116;76
1117;76
1118;76
1119;76
1120;76
1121;76
1122;76
1123;76
1124;76
1125;76
1126;76
1127;76
1128;76
1129;76
1130;76
1131;76
1132;76
1133;76
1134;76
1135;76
1136;76
1137;76
1138;76
1139;76
1140;76
1141;76
1142;76
1143;76
1144;76
1145;76
1146;76
1147;76
1148;76
1149;76
1150;76
1151;76
1152;76
1153;76
1154;76
1155;76
1156;76
1157;76
1158;76
1159;76
1160;76
1161;76
1162;76
1163;76
1164;76
1165;76
1166;76
1167;76
1168;76
1169;76
1170;76
1171;76
1172;76
1173;76
1174;76
1175;76
1176;76
1177;76
1178;76
1179;76
1180;76
1181;76
1182;76
1183;76
1184;76
1185;76
1186;76
1187;76
1188;76
1189;76
1190;76
1191;76
1192;76
1193;76
1194;76
1195;76
1196;76
1197;76
1198;76
1199;76
1200;76
1201;76
1202;76
1203;76
1204;76
1205;76
1206;76
1207;76
1208;76
1209;76
1210;76
1211;76
1212;76
1213;76
1214;76
1215;76
1216;76
1217;76
1218;76
1219;76
1220;76
1221;76
1222;76
1223;76
1224;76
1225;76
1226;76
1227;76
1228;76
1229;76
1230;76
1231;76
1232;76
1233;76
1234;76
1235;76
1236;76
1237;76
1238;76
1239;76
1240;76
1241;76
1242;76
1243;76
1244;76
1245;76
1246;76
1247;76
1248;76
1249;76
1250;76
1251;76
1252;76
1253;76
1254;76
1255;76
1256;76
1257;76
1258;76
1259;76
1260;76
1261;76
1262;76
1263;76
1264;76
1265;76
1266;76
1267;76
1268;76
1269;76
1270;76
1271;76
1272;76
1273;76
1274;76
1275;76
1276;76
1277;76
1278;76
1279;76
1280;76
1281;76
1282;76
1283;76
1284;76
1285;76
1286;76
1287;76
1288;76
1289;76
1290;76
1291;76
1292;76
1293;76
1294;76
1295;76
1296;76
1297;76
1298;76
1299;76
1300;76
1301;76
1302;76
1303;76
1304;76
1305;76
1306;76
1307;76
1308;76
1309;76
1310;76
1311;76
1312;76
1313;76
1314;76
1315;76
1316;76
1317;76
1318;76
1319;76
1320;76
1321;76
1322;76
1323;76
1324;76
1325;76
1326;76
1327;76
1328;76
1329;76
1330;76
1331;76
1332;76
1333;76
1334;76
1335;76
1336;76
1337;76
1338;76
1339;76
1340;76
1341;76
1342;76
1343;76
1344;76
1345;76
1346;76
1347;76
1348;76
1349;76
1350;76
1351;76
1352;76
1353;76
1354;76
1355;76
1356;76
1357;76
1358;76
1359;76
1360;76
1361;76
1362;76
1363;76
1364;76
1365;76
1366;76
1367;76
1368;76
1369;76
1370;76
1371;76
1372;76
1373;76
1374;76
1375;76
1376;76
1377;76
1378;76
1379;76
1380;76
1381;76
1382;76
1383;76
1384;76
1385;76
1386;76
1387;76
1388;76
1389;76
1390;76
1391;76
1392;76
1393;76
1394;76
1395;76
1396;76
1397;76
1398;76
1399;76
1400;76
1401;76
1402;76
1403;76
1404;76
1405;76
1406;76
1407;76
1408;76
1409;76
1410;76
1411;76
1412;76
1413;76
1414;76
1415;76
1416;76
1417;76
1418;76
1419;76
1420;76
1421;76
1422;76
1423;76
1424;76
1425;76
1426;76
1427;76
1428;76
1429;76
1430;76
1431;76
1432;76
1433;76
1434;76
1435;76
1436;76
1437;76
1438;76
1439;76
1440;76
1441;76
1442;76
1443;76
1444;76
1445;76
1446;76
1447;76
1448;76
1449;76
1450;76
1451;76
1452;76
1453;76
1454;76
1455;76
1456;76
1457;76
1458;76
1459;76
1460;76
1461;76
1462;76
1463;76
1464;76
1465;76
1466;76
1467;76
1468;76
1469;76
1470;76
1471;76
1472;76
1473;76
1474;76
1475;76
1476;76
1477;76
1478;76
1479;76
1480;76
1481;76
1482;76
1483;76
1484;76
1485;76
1486;76
1487;76
1488;76
1489;76
1490;76
1491;76
1492;76
1493;76
1494;76
1495;76
1496;76
1497;76
1498;76
1499;76
1500;76
1501;76
1502;76
1503;76
1504;76
1505;76
1506;76
1507;76
1508;76
1509;76
1510;76
1511;76
1512;76
1513;76
1514;76
1515;76
1516;76
1517;76
1518;76
1519;76
1520;76
1521;76
1522;76
1523;76
1524;76
1525;76
1526;76
1527;76
1528;76
1529;76
1530;76
1531;76
1532;76
1533;76
1534;76
1535;76
1536;76
1537;76
1538;76
1539;76
1540;76
1541;76
1542;76
1543;76
1544;76
1545;76
1546;76
1547;76
1548;76
1549;76
1550;76
1551;76
1552;76
1553;76
1554;76
1555;76
1556;76
1557;76
1558;76
1559;76
1560;76
1561;76
1562;76
1563;76
1564;76
1565;76
1566;76
1567;76
1568;76
1569;76
1570;76
1571;76
1572;76
1573;76
1574;76
1575;76
1576;76
1577;76
1578;76
1579;76
1580;76
1581;76
1582;76
1583;76
1584;76
1585;76
1586;76
1587;76
1588;76
1589;76
1590;76
1591;76
1592;76
1593;76
1594;76
1595;76
1596;76
1597;76
1598;76
1599;76
1600;76
1601;76
1602;76
1603;76
1604;76
1605;76
1606;76
1607;76
1608;76
1609;76
1610;76
1611;76
1612;76
1613;76
1614;76
1615;76
1616;76
1617;76
1618;76
1619;76
1620;76
1621;76
1622;76
1623;76
1624;76
1625;76
1626;76
1627;76
1628;76
1629;76
1630;76
1631;76
1632;76
1633;76
1634;76
1635;76
1636;76
1637;76
1638;76
1639;76
1640;76
1641;76
1642;76
1643;76
1644;76
1645;76
1646;76
1647;76
1648;76
1649;76
1650;76
1651;76
1652;76
1653;76
1654;76
1655;76
1656;76
1657;76
1658;76
1659;76
1660;76
1661;76
1662;76
1663;76
1664;76
1665;76
1666;76
1667;76
1668;76
1669;76
1670;76
1671;76
1672;76
1673;76
1674;76
1675;76
1676;76
1677;76
1678;76
1679;76
1680;76
1681;76
1682;76
1683;76
1684;76
1685;76
1686;76
1687;76
1688;76
1689;76
1690;76
1691;76
1692;76
1693;76
1694;76
1695;76
1696;76
1697;76
1698;76
1699;76
1700;76
1701;76
1702;76
1703;76
1704;76
1705;76
1706;76
1707;76
1708;76
1709;76
1710;76
1711;76
1712;76
1713;76
1714;76
1715;76
1716;76
1717;76
1718;76
1719;76
1720;76
1721;76
1722;76
1723;76
1724;76
1725;76
1726;76
1727;76
1728;76
1729;76
1730;76
1731;76
1732;76
1733;76
1734;76
1735;76
1736;76
1737;76
1738;76
1739;76
1740;76
1741;76
1742;76
1743;76
1744;76
1745;76
1746;76
1747;76
1748;76
1749;76
1750;76
1751;76
1752;76
1753;76
1754;76
1755;76
1756;76
1757;76
1758;76
1759;76
1760;76
1761;76
1762;76
1763;76
1764;76
1765;76
1766;76
1767;76
1768;76
1769;76
1770;76
1771;76
1772;76
1773;76
1774;76
1775;76
1776;76
1777;76
1778;76
1779;76
1780;76
1781;76
1782;76
1783;76
1784;76
1785;76
1786;76
1787;76
1788;76
1789;76
1790;76
1791;76
1792;76
1793;76
1794;76
1795;76
1796;76
1797;76
1798;76
1799;76
1800;76
1801;76
1802;76
1803;76
1804;76
1805;76
1806;76
1807;76
1808;76
1809;76
1810;76
1811;76
1812;76
1813;76
1814;76
1815;76
1816;76
1817;76
1818;76
1819;76
1820;76
1821;76
1822;76
1823;76
1824;76
1825;76
1826;76
1827;76
1828;76
1829;76
1830;76
1831;76
1832;76
1833;76
1834;76
1835;76
1836;76
1837;76
1838;76
1839;76
1840;76
1841;76
1842;76
1843;76
1844;76
1845;76
1846;76
1847;76
1848;76
1849;76
1850;76
1851;76
1852;76
1853;76
1854;76
1855;76
1856;76
1857;76
1858;76
1859;76
1860;76
1861;76
1862;76
1863;76
1864;76
1865;76
1866;76
1867;76
1868;76
1869;76
1870;76
1871;76
1872;76
1873;76
1874;76
1875;76
1876;76
1877;76
1878;76
1879;76
1880;76
1881;76
1882;76
1883;76
1884;76
1885;76
1886;76
1887;76
1888;76
1889;76
1890;76
1891;76
1892;76
1893;76
1894;76
1895;76
1896;76
1897;76
1898;76
1899;76
1900;76
1901;76
1902;76
1903;76
1904;76
1905;76
1906;76
1907;76
1908;76
1909;76
1910;76
1911;76
1912;76
1913;76
1914;76
1915;76
1916;76
1917;76
1918;76
1919;76
1920;76
1921;76
1922;76
1923;76
1924;76
1925;76
1926;76
1927;76
1928;76
1929;76
1930;76
1931;76
1932;76
1933;76
1934;76
1935;76
1936;76
1937;76
1938;76
1939;76
1940;76
1941;76
1942;76
1943;76
1944;76
1945;76
1946;76
1947;76
1948;76
1949;76
1950;76
1951;76
1952;76
1953;76
1954;76
1955;76
1956;76
1957;76
1958;76
1959;76
1960;76
1961;76
1962;76
1963;76
1964;76
1965;76
1966;76
1967;76
1968;76
1969;76
1970;76
1971;76
1972;76
1973;76
1974;76
1975;76
1976;76
1977;76
1978;76
1979;76
1980;76
1981;76
1982;76
1983;76
1984;76
1985;76
1986;76
1987;76
1988;76
1989;76
1990;76
1991;76
1992;76
1993;76
1994;76
1995;76
1996;76
1997;76
1998;76
1999;76
2000;76
2001;76
2002;76
2003;76
2004;76
2005;76
2006;76
2007;76
2008;76
2009;76
2010;76
2011;76
2012;76
2013;76
2014;76
2015;76
2016;76
2017;76
2018;76
2019;76
2020;76
2021;76
2022;76
2023;76
2024;76
2025;76
2026;76
2027;76
2028;76
2029;76
2030;76
2031;76
2032;76
2033;76
2034;76
2035;76
2036;76
2037;76
2038;76
2039;76
2040;76
2041;76
2042;76
2043;76
2044;76
2045;76
2046;76
2047;76
2048;76
2049;76
2050;76
2051;76
2052;76
2053;76
2054;76
2055;76
2056;76
2057;76
2058;76
2059;76
2060;76
2061;76
2062;76
2063;76
2064;76
2065;76
2066;76
2067;76
2068;76
2069;76
2070;76
2071;76
2072;76
2073;76
2074;76
2075;76
2076;76
2077;76
2078;76
2079;76
2080;76
2081;76
2082;76
2083;76
2084;76
2085;76
2086;76
2087;76
2088;76
2089;76
2090;76
2091;76
2092;76
2093;76
2094;76
2095;76
2096;76
2097;76
2098;76
2099;76
2100;76
2101;76
2102;76
2103;76
2104;76
2105;76
2106;76
2107;76
2108;76
2109;76
2110;76
2111;76
2112;76
2113;76
2114;76
2115;76
2116;76
2117;76
2118;76
2119;76
2120;76
2121;76
2122;76
2123;76
2124;76
2125;76
2126;76
2127;76
2128;76
2129;76
2130;76
2131;76
2132;76
2133;76
2134;76
2135;76
2136;76
2137;76
2138;76
2139;76
2140;76
2141;76
2142;76
2143;76
2144;76
2145;76
2146;76
2147;76
2148;76
2149;76
2150;76
2151;76
2152;76
2153;76
2154;76
2155;76
2156;76
2157;76
2158;76
2159;76
2160;76
2161;76
2162;76
2163;76
2164;76
2165;76
2166;76
2167;76
2168;76
2169;76
2170;76
2171;76
2172;76
2173;76
2174;76
2175;76
2176;76
2177;76
2178;76
2179;76
2180;76
2181;76
2182;76
2183;76
2184;76
2185;76
2186;76
2187;76
2188;76
2189;76
2190;76
2191;76
2192;76
2193;76
2194;76
2195;76
2196;76
2197;76
2198;76
2199;76
2200;76
2201;76
2202;76
2203;76
2204;76
2205;76
2206;76
2207;76
2208;76
2209;76
2210;76
2211;76
2212;76
2213;76
2214;76
2215;76
2216;76
2217;76
2218;76
2219;76
2220;76
2221;76
2222;76
2223;76
2224;76
2225;76
2226;76
2227;76
2228;76
2229;76
2230;76
2231;76
2232;76
2233;76
2234;76
2235;76
2236;76
2237;76
2238;76
2239;76
2240;76
2241;76
2242;76
2243;76
2244;76
2245;76
2246;76
2247;76
2248;76
2249;76
2250;76
2251;76
2252;76
2253;76
2254;76
2255;76
2256;76
2257;76
2258;76
2259;76
2260;76
2261;76
2262;76
2263;76
2264;76
2265;76
2266;76
2267;76
2268;76
2269;76
2270;76
2271;76
2272;76
2273;76
2274;76
2275;76
2276;76
2277;76
2278;76
2279;76
2280;76
2281;76
2282;76
2283;76
2284;76
2285;76
2286;76
2287;76
2288;76
2289;76
2290;76
2291;76
2292;76
2293;76
2294;76
2295;76
2296;76
2297;76
2298;76
2299;76
2300;76
2301;76
2302;76
2303;76
2304;76
2305;76
2306;76
2307;76
2308;76
2309;76
2310;76
2311;76
2312;76
2313;76
2314;76
2315;76
2316;76
2317;76
2318;76
2319;76
2320;76
2321;76
2322;76
2323;76
2324;76
2325;76
2326;76
2327;76
2328;76
2329;76
2330;76
2331;76
2332;76
2333;76
2334;76
2335;76
2336;76
2337;76
2338;76
2339;76
2340;76
2341;76
2342;76
2343;76
2344;76
2345;76
2346;76
2347;76
2348;76
2349;76
2350;76
2351;76
2352;76
2353;76
2354;76
2355;76
2356;76
2357;76
2358;76
2359;76
2360;76
2361;76
2362;76
2363;76
2364;76
2365;76
2366;76
2367;76
2368;76
2369;76
2370;76
2371;76
2372;76
2373;76
2374;76
2375;76
2376;76
2377;76
2378;76
2379;76
2380;76
2381;76
2382;76
2383;76
2384;76
2385;76
2386;76
2387;76
2388;76
2389;76
2390;76
2391;76
2392;76
2393;76
2394;76
2395;76
2396;76
2397;76
2398;76
2399;76
2400;76
2401;76
2402;76
2403;76
2404;76
2405;76
2406;76
2407;76
2408;76
2409;76
2410;76
2411;76
2412;76
2413;76
2414;76
2415;76
2416;76
2417;76
2418;76
2419;76
2420;76
2421;76
2422;76
2423;76
2424;76
2425;76
2426;76
2427;76
2428;76
2429;76
2430;76
2431;76
2432;76
2433;76
2434;76
2435;76
2436;76
2437;76
2438;76
2439;76
2440;76
2441;76
2442;76
2443;76
2444;76
2445;76
2446;76
2447;76
2448;76
2449;76
2450;76
2451;76
2452;76
2453;76
2454;76
2455;76
2456;76
2457;76
2458;76
2459;76
2460;76
2461;76
2462;76
2463;76
2464;76
2465;76
2466;76
2467;76
2468;76
2469;76
2470;76
2471;76
2472;76
2473;76
2474;76
2475;76
2476;76
2477;76
2478;76
2479;76
2480;76
2481;76
2482;76
2483;76
2484;76
2485;76
2486;76
2487;76
2488;76
2489;76
2490;76
2491;76
2492;76
2493;76
2494;76
2495;76
2496;76
2497;76
2498;76
2499;76
2500;76
2501;76
2502;76
2503;76
2504;76
2505;76
2506;76
2507;76
2508;76
2509;76
2510;76
2511;76
2512;76
2513;76
2514;76
2515;76
2516;76
2517;76
2518;76
2519;76
2520;76
2521;76
2522;76
2523;76
2524;76
2525;76
2526;76
2527;76
2528;76
2529;76
2530;76
2531;76
2532;76
2533;76
2534;76
2535;76
2536;76
2537;76
2538;76
2539;76
2540;76
2541;76
2542;76
2543;76
2544;76
2545;76
2546;76
2547;76
2548;76
2549;76
2550;76
2551;76
2552;76
2553;76
2554;76
2555;76
2556;76
2557;76
2558;76
2559;76
2560;76
2561;76
2562;76
2563;76
2564;76
2565;76
2566;76
2567;76
2568;76
2569;76
2570;76
2571;76
2572;76
2573;76
2574;76
2575;76
2576;76
2577;76
2578;76
2579;76
2580;76
2581;76
2582;76
2583;76
2584;76
2585;76
2586;76
2587;76
2588;76
2589;76
2590;76
2591;76
2592;76
2593;76
2594;76
2595;76
2596;76
2597;76
2598;76
2599;76
2600;76
2601;76
2602;76
2603;76
2604;76
2605;76
2606;76
2607;76
2608;76
2609;76
2610;76
2611;76
2612;76
2613;76
2614;76
2615;76
2616;76
2617;76
2618;76
2619;76
2620;76
2621;76
2622;76
2623;76
2624;76
2625;76
2626;76
2627;76
2628;76
2629;76
2630;76
2631;76
2632;76
2633;76
2634;76
2635;76
2636;76
2637;76
2638;76
2639;76
2640;76
2641;76
2642;76
2643;76
2644;76
2645;76
2646;76
2647;76
2648;76
2649;76
2650;76
2651;76
2652;76
2653;76
2654;76
2655;76
2656;76
2657;76
2658;76
2659;76
2660;76
2661;76
2662;76
2663;76
2664;76
2665;76
2666;76
2667;76
2668;76
2669;76
2670;76
2671;76
2672;76
2673;76
2674;76
2675;76
2676;76
2677;76
2678;76
2679;76
2680;76
2681;76
2682;76
2683;76
2684;76
2685;76
2686;76
2687;76
2688;76
2689;76
2690;76
2691;76
2692;76
2693;76
2694;76
2695;76
2696;76
2697;76
2698;76
2699;76
2700;76
2701;76
2702;76
2703;76
2704;76
2705;76
2706;76
2707;76
2708;76
2709;76
2710;76
2711;76
2712;76
2713;76
2714;76
2715;76
2716;76
2717;76
2718;76
2719;76
2720;76
2721;76
2722;76
2723;76
2724;76
2725;76
2726;76
2727;76
2728;76
2729;76
2730;76
2731;76
2732;76
2733;76
2734;76
2735;76
2736;76
2737;76
2738;76
2739;76
2740;76
2741;76
2742;76
2743;76
2744;76
2745;76
2746;76
2747;76
2748;76
2749;76
2750;76
2751;76
2752;76
2753;76
2754;76
2755;76
2756;76
2757;76
2758;76
2759;76
2760;76
2761;76
2762;76
2763;76
2764;76
2765;76
2766;76
2767;76
2768;76
2769;76
2770;76
2771;76
2772;76
2773;76
2774;76
2775;76
2776;76
2777;76
2778;76
2779;76
2780;76
2781;76
2782;76
2783;76
2784;76
2785;76
2786;76
2787;76
2788;76
2789;76
2790;76
2791;76
2792;76
2793;76
2794;76
2795;76
2796;76
2797;76
2798;76
2799;76
2800;76
2801;76
2802;76
2803;76
2804;76
2805;76
2806;76
2807;76
2808;76
2809;76
2810;76
2811;76
2812;76
2813;76
2814;76
2815;76
2816;76
2817;76
2818;76
2819;76
2820;76
2821;76
2822;76
2823;76
2824;76
2825;76
2826;76
2827;76
2828;76
2829;76
2830;76
2831;76
2832;76
2833;76
2834;76
2835;76
2836;76
2837;76
2838;76
2839;76
2840;76
2841;76
2842;76
2843;76
2844;76
2845;76
2846;76
2847;76
2848;76
2849;76
2850;76
2851;76
2852;76
2853;76
2854;76
2855;76
2856;76
2857;76
2858;76
2859;76
2860;76
2861;76
2862;76
2863;76
2864;76
2865;76
2866;76
2867;76
2868;76
2869;76
2870;76
2871;76
2872;76
2873;76
2874;76
2875;76
2876;76
2877;76
2878;76
2879;76
2880;76
2881;76
2882;76
2883;76
2884;76
2885;76
2886;76
2887;76
2888;76
2889;76
2890;76
2891;76
2892;76
2893;76
2894;76
2895;76
2896;76
2897;76
2898;76
2899;76
2900;76
2901;76
2902;76
2903;76
2904;76
2905;76
2906;76
2907;76
2908;76
2909;76
2910;76
2911;76
2912;76
2913;76
2914;76
2915;76
2916;76
2917;76
2918;76
2919;76
2920;76
2921;76
2922;76
2923;76
2924;76
2925;76
2926;76
2927;76
2928;76
2929;76
2930;76
2931;76
2932;76
2933;76
2934;76
2935;76
2936;76
2937;76
2938;76
2939;76
2940;76
2941;76
2942;76
2943;76
2944;76
2945;76
2946;76
2947;76
2948;76
2949;76
2950;76
2951;76
2952;76
2953;76
2954;76
2955;76
2956;76
2957;76
2958;76
2959;76
2960;76
2961;76
2962;76
2963;79
2964;79
2965;79
2966;79
2967;79
2968;79
2969;79
2970;79
2971;79
2972;79
2973;79
2974;79
2975;79
2976;79
2977;79
2978;79
2979;79
2980;79
2981;79
2982;79
2983;79
2984;79
2985;79
2986;79
2987;79
2988;79
2989;79
2990;79
2991;79
2992;79
2993;79
2994;79
2995;79
2996;79
2997;79
2998;79
2999;79
3000;79
3001;79
3002;79
3003;79
3004;79
3005;79
3006;79
3007;79
3008;79
3009;79
3010;79
3011;79
3012;79
3013;79
3014;79
3015;79
3016;79
3017;79
3018;79
3019;79
3020;79
3021;79
3022;79
3023;79
3024;79
3025;79
3026;79
3027;79
3028;79
3029;79
3030;79
3031;79
3032;79
3033;79
3034;79
3035;79
3036;79
3037;79
3038;79
3039;79
3040;79
3041;79
3042;79
3043;79
3044;79
3045;79
3046;79
3047;79
3048;79
3049;79
3050;79
3051;79
3052;79
3053;79
3054;79
3055;79
3056;79
3057;79
3058;79
3059;79
3060;79
3061;79
3062;79
3063;79
3064;79
3065;79
3066;79
3067;79
3068;79
3069;79
3070;79
3071;79
3072;79
3073;79
3074;79
3075;79
3076;79
3077;79
3078;79
3079;79
3080;79
3081;79
3082;79
3083;79
3084;79
3085;79
3086;79
3087;79
3088;79
3089;79
3090;79
3091;79
3092;79
3093;79
3094;79
3095;79
3096;79
3097;79
3098;79
3099;79
3100;79
3101;79
3102;79
3103;79
3104;79
3105;79
3106;79
3107;79
3108;79
3109;79
3110;79
3111;79
3112;79
3113;79
3114;79
3115;79
3116;79
3117;79
3118;79
3119;79
3120;79
3121;79
3122;79
3123;79
3124;79
3125;79
3126;79
3127;79
3128;79
3129;79
3130;79
3131;79
3132;79
3133;79
3134;79
3135;79
3136;79
3137;79
3138;79
3139;79
3140;79
3141;79
3142;79
3143;79
3144;79
3145;79
3146;79
3147;79
3148;79
3149;79
3150;79
3151;79
3152;79
3153;79
3154;79
3155;79
3156;79
3157;79
3158;79
3159;79
3160;79
3161;79
3162;79
3163;79
3164;79
3165;79
3166;79
3167;79
3168;79
3169;79
3170;79
3171;79
3172;79
3173;79
3174;79
3175;79
3176;79
3177;79
3178;79
3179;79
3180;79
3181;79
3182;79
3183;79
3184;79
3185;79
3186;79
3187;79
3188;79
3189;79
3190;79
3191;79
3192;79
3193;79
3194;79
3195;79
3196;79
3197;79
3198;79
3199;79
3200;79
3201;79
3202;79
3203;79
3204;79
3205;79
3206;79
3207;79
3208;79
3209;79
3210;79
3211;79
3212;79
3213;79
3214;79
3215;79
3216;79
3217;79
3218;79
3219;79
3220;79
3221;79
3222;79
3223;79
3224;79
3225;79
3226;79
3227;79
3228;79
3229;79
3230;79
3231;79
3232;79
3233;79
3234;79
3235;79
3236;79
3237;79
3238;79
3239;79
3240;79
3241;79
3242;79
3243;79
3244;79
3245;79
3246;79
3247;79
3248;79
3249;79
3250;79
3251;79
3252;79
3253;79
3254;79
3255;79
3256;79
3257;79
3258;79
3259;79
3260;79
3261;79
3262;79
3263;79
3264;79
3265;79
3266;79
3267;79
3268;79
3269;79
3270;79
3271;79
3272;79
3273;79
3274;79
3275;79
3276;79
3277;79
3278;79
3279;79
3280;79
3281;79
3282;79
3283;79
3284;79
3285;79
3286;79
3287;79
3288;79
3289;79
3290;79
3291;79
3292;79
3293;79
3294;79
3295;79
3296;79
3297;79
3298;79
3299;79
3300;79
3301;79
3302;79
3303;79
3304;79
3305;79
3306;79
3307;79
3308;79
3309;79
3310;79
3311;79
3312;79
3313;79
3314;79
3315;79
3316;79
3317;79
3318;79
3319;79
3320;79
3321;79
3322;79
3323;79
3324;79
3325;79
3326;79
3327;79
3328;79
3329;79
3330;79
3331;79
3332;79
3333;79
3334;79
3335;79
3336;79
3337;79
3338;79
3339;79
3340;79
3341;79
3342;79
3343;79
3344;79
3345;79
3346;79
3347;79
3348;79
3349;79
3350;79
3351;79
3352;79
3353;79
3354;79
3355;79
3356;79
3357;79
3358;79
3359;79
3360;79
3361;79
3362;79
3363;79
3364;79
3365;79
3366;79
3367;79
3368;79
3369;79
3370;79
3371;79
3372;79
3373;79
3374;79
3375;79
3376;79
3377;79
3378;79
3379;79
3380;79
3381;79
3382;79
3383;79
3384;79
3385;79
3386;79
3387;79
3388;79
3389;79
3390;79
3391;79
3392;79
3393;79
3394;79
3395;79
3396;79
3397;79
3398;79
3399;79
3400;79
3401;79
3402;79
3403;79
3404;79
3405;79
3406;79
3407;79
3408;79
3409;79
3410;79
3411;79
3412;79
3413;79
3414;79
3415;79
3416;79
3417;79
3418;79
3419;79
3420;79
3421;79
3422;79
3423;79
3424;79
3425;79
3426;79
3427;79
3428;79
3429;79
3430;79
3431;79
3432;79
3433;79
3434;79
3435;79
3436;79
3437;79
3438;79
3439;79
3440;79
3441;79
3442;79
3443;79
3444;79
3445;79
3446;79
3447;79
3448;79
3449;79
3450;79
3451;79
3452;79
3453;79
3454;79
3455;79
3456;79
3457;79
3458;79
3459;79
3460;79
3461;79
3462;79
3463;79
3464;79
3465;79
3466;79
3467;79
3468;79
3469;79
3470;79
3471;79
3472;79
3473;79
3474;79
3475;79
3476;79
3477;79
3478;79
3479;79
3480;79
3481;79
3482;79
3483;79
3484;79
3485;79
3486;79
3487;79
3488;79
3489;79
3490;79
3491;79
3492;79
3493;79
3494;79
3495;79
3496;79
3497;79
3498;79
3499;79
3500;79
3501;79
3502;79
3503;79
3504;79
3505;79
3506;79
3507;79
3508;79
3509;79
3510;79
3511;79
3512;79
3513;79
3514;79
3515;79
3516;79
3517;79
3518;79
3519;79
3520;79
3521;79
3522;79
3523;79
3524;79
3525;79
3526;79
3527;79
3528;79
3529;79
3530;79
3531;79
3532;79
3533;79
3534;79
3535;79
3536;79
3537;79
3538;79
3539;79
3540;79
3541;79
3542;79
3543;79
3544;79
3545;79
3546;79
3547;79
3548;79
3549;79
3550;79
3551;79
3552;79
3553;79
3554;79
3555;79
3556;79
3557;79
3558;79
3559;79
3560;79
3561;79
3562;79
3563;79
3564;79
3565;79
3566;79
3567;79
3568;79
3569;79
3570;79
3571;79
3572;79
3573;79
3574;79
3575;79
3576;79
3577;79
3578;79
3579;79
3580;79
3581;79
3582;79
3583;79
3584;79
3585;79
3586;79
3587;79
3588;79
3589;79
3590;79
3591;79
3592;79
3593;79
3594;79
3595;79
3596;79
3597;79
3598;79
3599;79
3600;79
3601;79
3602;79
3603;79
3604;79
3605;79
3606;79
3607;79
3608;79
3609;79
3610;79
3611;79
3612;79
3613;79
3614;79
3615;79
3616;79
3617;79
3618;79
3619;79
3620;79
3621;79
3622;79
3623;79
3624;79
3625;79
3626;79
3627;79
3628;79
3629;79
3630;79
3631;79
3632;79
3633;79
3634;79
3635;79
3636;79
3637;79
3638;79
3639;79
3640;79
3641;79
3642;79
3643;79
3644;79
3645;79
3646;79
3647;79
3648;79
3649;79
3650;79
3651;79
3652;79
3653;79
3654;79
3655;79
3656;79
3657;79
3658;79
3659;79
3660;79
3661;79
3662;79
3663;79
3664;79
3665;79
3666;79
3667;79
3668;79
3669;79
3670;79
3671;79
3672;79
3673;79
3674;79
3675;79
3676;79
3677;79
3678;79
3679;79
3680;79
3681;79
3682;79
3683;79
3684;79
3685;79
3686;79
3687;79
3688;79
3689;79
3690;79
3691;79
3692;79
3693;79
3694;79
3695;79
3696;79
3697;79
3698;79
3699;79
3700;79
3701;79
3702;79
3703;79
3704;79
3705;79
3706;79
3707;79
3708;79
3709;79
3710;79
3711;79
3712;79
3713;79
3714;79
3715;79
3716;79
3717;79
3718;79
3719;79
3720;79
3721;79
3722;79
3723;79
3724;79
3725;79
3726;79
3727;79
3728;79
3729;79
3730;79
3731;79
3732;79
3733;79
3734;79
3735;79
3736;79
3737;79
3738;79
3739;79
3740;79
3741;79
3742;79
3743;79
3744;79
3745;79
3746;79
3747;79
3748;79
3749;79
3750;79
3751;79
3752;79
3753;79
3754;79
3755;79
3756;79
3757;79
3758;79
3759;79
3760;79
3761;79
3762;79
3763;79
3764;79
3765;79
3766;79
3767;79
3768;79
3769;79
3770;79
3771;79
3772;79
3773;79
3774;79
3775;79
3776;79
3777;79
3778;79
3779;79
3780;79
3781;79
3782;79
3783;79
3784;79
3785;79
3786;79
3787;79
3788;79
3789;79
3790;79
3791;79
3792;79
3793;79
3794;79
3795;79
3796;79
3797;79
3798;79
3799;79
3800;79
3801;79
3802;79
3803;79
3804;79
3805;79
3806;79
3807;79
3808;79
3809;79
3810;79
3811;79
3812;79
3813;79
3814;79
3815;79
3816;79
3817;79
3818;79
3819;79
3820;79
3821;79
3822;79
3823;79
3824;79
3825;79
3826;79
3827;79
3828;79
3829;79
3830;79
3831;79
3832;79
3833;79
3834;79
3835;79
3836;79
3837;79
3838;79
3839;79
3840;79
3841;79
3842;79
3843;79
3844;79
3845;79
3846;79
3847;79
3848;79
3849;79
3850;79
3851;79
3852;79
3853;79
3854;79
3855;79
3856;79
3857;79
3858;79
3859;79
3860;79
3861;79
3862;79
3863;79
3864;79
3865;79
3866;79
3867;79
3868;79
3869;79
3870;79
3871;79
3872;79
3873;79
3874;79
3875;79
3876;79
3877;79
3878;79
3879;79
3880;79
3881;79
3882;79
3883;79
3884;79
3885;79
3886;79
3887;79
3888;79
3889;79
3890;79
3891;79
3892;79
3893;79
3894;79
3895;79
3896;79
3897;79
3898;79
3899;79
3900;79
3901;79
3902;79
3903;79
3904;79
3905;79
3906;79
3907;79
3908;79
3909;79
3910;79
3911;79
3912;79
3913;79
3914;79
3915;79
3916;79
3917;79
3918;79
3919;79
3920;79
3921;79
3922;79
3923;79
3924;79
3925;79
3926;79
3927;79
3928;79
3929;79
3930;79
3931;79
3932;79
3933;79
3934;79
3935;79
3936;79
3937;79
3938;79
3939;79
3940;79
3941;79
3942;79
3943;79
3944;79
3945;79
3946;79
3947;79
3948;79
3949;79
3950;79
3951;79
3952;79
3953;79
3954;79
3955;79
3956;79
3957;79
3958;79
3959;79
3960;79
3961;79
3962;79
3963;79
3964;79
3965;79
3966;79
3967;79
3968;79
3969;79
3970;79
3971;79
3972;79
3973;79
3974;79
3975;79
3976;79
3977;79
3978;79
3979;79
3980;79
3981;79
3982;79
3983;79
3984;79
3985;79
3986;79
3987;79
3988;79
3989;79
3990;79
3991;79
3992;79
3993;79
3994;79
3995;79
3996;79
3997;79
3998;79
3999;79
4000;79
4001;79
4002;79
4003;79
4004;79
4005;79
4006;79
4007;79
4008;79
4009;79
4010;79
4011;79
4012;79
4013;79
4014;79
4015;79
4016;79
4017;79
4018;79
4019;79
4020;79
4021;79
4022;79
4023;79
4024;79
4025;79
4026;79
4027;79
4028;79
4029;79
4030;79
4031;79
4032;79
4033;79
4034;79
4035;79
4036;79
4037;79
4038;79
4039;79
4040;79
4041;79
4042;79
4043;79
4044;79
4045;79
4046;79
4047;79
4048;79
4049;79
4050;79
4051;79
4052;79
4053;79
4054;79
4055;79
4056;79
4057;79
4058;79
4059;79
4060;79
4061;79
4062;79
4063;79
4064;79
4065;79
4066;79
4067;79
4068;79
4069;79
4070;79
4071;79
4072;79
4073;79
4074;79
4075;79
4076;79
4077;79
4078;79
4079;79
4080;79
4081;79
4082;79
4083;79
4084;79
4085;79
4086;79
4087;79
4088;79
4089;79
4090;79
4091;79
4092;79
4093;79
4094;79
4095;79
4096;79
4097;79
4098;79
4099;79
4100;79
4101;79
4102;79
4103;79
4104;79
4105;79
4106;79
4107;79
4108;79
4109;79
4110;79
4111;79
4112;79
4113;79
4114;79
4115;79
4116;79
4117;79
4118;79
4119;79
4120;79
4121;79
4122;79
4123;79
4124;79
4125;79
4126;79
4127;79
4128;79
4129;79
4130;79
4131;79
4132;79
4133;79
4134;79
4135;79
4136;79
4137;79
4138;79
4139;79
4140;79
4141;79
4142;79
4143;79
4144;79
4145;79
4146;79
4147;79
4148;79
4149;79
4150;79
4151;79
4152;79
4153;79
4154;79
4155;79
4156;79
4157;79
4158;79
4159;79
4160;79
4161;79
4162;79
4163;79
4164;79
4165;79
4166;79
4167;79
4168;79
4169;79
4170;79
4171;79
4172;79
4173;79
4174;79
4175;79
4176;79
4177;79
4178;79
4179;79
4180;79
4181;79
4182;79
4183;79
4184;79
4185;79
4186;79
4187;79
4188;79
4189;79
4190;79
4191;79
4192;79
4193;79
4194;79
4195;79
4196;79
4197;79
4198;79
4199;79
4200;79
4201;79
4202;79
4203;79
4204;79
4205;79
4206;79
4207;79
4208;79
4209;79
4210;79
4211;79
4212;79
4213;79
4214;79
4215;79
4216;79
4217;79
4218;79
4219;79
4220;79
4221;79
4222;79
4223;79
4224;79
4225;79
4226;79
4227;79
4228;79
4229;79
4230;79
4231;79
4232;79
4233;79
4234;79
4235;79
4236;79
4237;79
4238;79
4239;79
4240;79
4241;79
4242;79
4243;79
4244;79
4245;79
4246;79
4247;79
4248;79
4249;79
4250;79
4251;79
4252;79
4253;79
4254;79
4255;79
4256;79
4257;79
4258;79
4259;79
4260;79
4261;79
4262;79
4263;79
4264;79
4265;79
4266;79
4267;79
4268;79
4269;79
4270;79
4271;79
4272;79
4273;79
4274;79
4275;79
4276;79
4277;79
4278;79
4279;79
4280;79
4281;79
4282;79
4283;79
4284;79
4285;79
4286;79
4287;79
4288;79
4289;79
4290;79
4291;79
4292;79
4293;79
4294;79
4295;79
4296;79
4297;79
4298;79
4299;79
4300;79
4301;79
4302;79
4303;79
4304;79
4305;79
4306;79
4307;79
4308;79
4309;79
4310;79
4311;79
4312;79
4313;79
4314;79
4315;79
4316;79
4317;79
4318;79
4319;79
4320;79
4321;79
4322;79
4323;79
4324;79
4325;79
4326;79
4327;79
4328;79
4329;79
4330;79
4331;79
4332;79
4333;79
4334;79
4335;79
4336;79
4337;79
4338;79
4339;79
4340;79
4341;79
4342;79
4343;79
4344;79
4345;79
4346;79
4347;79
4348;79
4349;79
4350;79
4351;79
4352;79
4353;79
4354;79
4355;79
4356;79
4357;79
4358;79
4359;79
4360;79
4361;79
4362;79
4363;79
4364;79
4365;79
4366;79
4367;79
4368;79
4369;79
4370;79
4371;79
4372;79
4373;79
4374;79
4375;79
4376;79
4377;79
4378;79
4379;79
4380;79
4381;79
4382;79
4383;79
4384;79
4385;79
4386;79
4387;79
4388;79
4389;79
4390;79
4391;79
4392;79
4393;79
4394;79
4395;79
4396;79
4397;79
4398;79
4399;79
4400;79
4401;79
4402;79
4403;79
4404;79
4405;79
4406;79
4407;79
4408;79
4409;79
4410;79
4411;79
4412;79
4413;79
4414;79
4415;79
4416;79
4417;79
4418;79
4419;79
4420;79
4421;79
4422;79
4423;79
4424;79
4425;79
4426;79
4427;79
4428;79
4429;79
4430;79
4431;79
4432;79
4433;79
4434;79
4435;79
4436;79
4437;79
4438;79
4439;79
4440;79
4441;79
4442;79
4443;79
4444;79
4445;79
4446;79
4447;79
4448;79
4449;79
4450;79
4451;79
4452;79
4453;79
4454;79
4455;79
4456;79
4457;79
4458;79
4459;79
4460;79
4461;79
4462;79
4463;79
4464;79
4465;79
4466;79
4467;79
4468;79
4469;79
4470;79
4471;79
4472;79
4473;79
4474;79
4475;79
4476;79
4477;79
4478;79
4479;79
4480;79
4481;79
4482;79
4483;79
4484;79
4485;79
4486;79
4487;79
4488;79
4489;79
4490;79
4491;79
4492;79
4493;79
4494;79
4495;79
4496;79
4497;79
4498;79
4499;79
4500;79
4501;79
4502;79
4503;79
4504;79
4505;79
4506;79
4507;79
4508;79
4509;79
4510;79
4511;79
4512;79
4513;79
4514;79
4515;79
4516;79
4517;79
4518;79
4519;79
4520;79
4521;79
4522;79
4523;79
4524;79
4525;79
4526;79
4527;79
4528;79
4529;79
4530;79
4531;79
4532;79
4533;79
4534;79
4535;79
4536;79
4537;79
4538;79
4539;79
4540;79
4541;79
4542;79
4543;79
4544;79
4545;79
4546;79
4547;79
4548;79
4549;79
4550;79
4551;79
4552;79
4553;79
4554;79
4555;79
4556;79
4557;79
4558;79
4559;79
4560;79
4561;79
4562;79
4563;79
4564;79
4565;79
4566;79
4567;79
4568;79
4569;79
4570;79
4571;79
4572;79
4573;79
4574;79
4575;79
4576;79
4577;79
4578;79
4579;79
4580;79
4581;79
4582;79
4583;79
4584;79
4585;79
4586;79
4587;79
4588;79
4589;79
4590;79
4591;79
4592;79
4593;79
4594;79
4595;79
4596;79
4597;79
4598;79
4599;79
4600;79
4601;79
4602;79
4603;79
4604;79
4605;79
4606;79
4607;79
4608;79
4609;79
4610;79
4611;79
4612;79
4613;79
4614;79
4615;79
4616;79
4617;79
4618;79
4619;79
4620;79
4621;79
4622;79
4623;79
4624;79
4625;79
4626;79
4627;79
4628;79
4629;79
4630;79
4631;79
4632;79
4633;79
4634;79
4635;79
4636;79
4637;79
4638;79
4639;79
4640;79
4641;79
4642;79
4643;79
4644;79
4645;79
4646;79
4647;79
4648;79
4649;79
4650;79
4651;79
4652;79
4653;79
4654;79
4655;79
4656;79
4657;79
4658;79
4659;79
4660;79
4661;79
4662;79
4663;79
4664;79
4665;79
4666;79
4667;79
4668;79
4669;79
4670;79
4671;79
4672;79
4673;79
4674;79
4675;79
4676;79
4677;79
4678;79
4679;79
4680;79
4681;79
4682;79
4683;79
4684;79
4685;79
4686;79
4687;79
4688;79
4689;79
4690;79
4691;79
4692;79
4693;79
4694;79
4695;79
4696;79
4697;79
4698;79
4699;79
4700;79
4701;79
4702;79
4703;79
4704;79
4705;79
4706;79
4707;79
4708;79
4709;79
4710;79
4711;79
4712;79
4713;79
4714;79
4715;79
4716;79
4717;79
4718;79
4719;79
4720;79
4721;79
4722;79
4723;79
4724;79
4725;79
4726;79
4727;79
4728;79
4729;79
4730;79
4731;79
4732;79
4733;79
4734;79
4735;79
4736;79
4737;79
4738;79
4739;79
4740;79
4741;79
4742;79
4743;79
4744;79
4745;79
4746;79
4747;79
4748;79
4749;79
4750;79
4751;79
4752;79
4753;79
4754;79
4755;79
4756;79
4757;79
4758;79
4759;79
4760;79
4761;79
4762;79
4763;79
4764;79
4765;79
4766;79
4767;79
4768;79
4769;79
4770;79
4771;79
4772;79
4773;79
4774;79
4775;79
4776;79
4777;79
4778;79
4779;79
4780;79
4781;79
4782;79
4783;79
4784;79
4785;79
4786;79
4787;79
4788;79
4789;79
4790;79
4791;79
4792;79
4793;79
4794;79
4795;79
4796;79
4797;79
4798;79
4799;79
4800;79
4801;79
4802;79
4803;79
4804;79
4805;79
4806;79
4807;79
4808;79
4809;79
4810;79
4811;79
4812;79
4813;79
4814;79
4815;79
4816;79
4817;79
4818;79
4819;79
4820;79
4821;79
4822;79
4823;79
4824;79
4825;79
4826;79
4827;79
4828;79
4829;79
4830;79
4831;79
4832;79
4833;79
4834;79
4835;79
4836;79
4837;79
4838;79
4839;79
4840;79
4841;79
4842;79
4843;79
4844;79
4845;79
4846;79
4847;79
4848;79
4849;79
4850;79
4851;79
4852;79
4853;79
4854;79
4855;79
4856;79
4857;79
4858;79
4859;79
4860;79
4861;79
4862;79
4863;79
4864;79
4865;79
4866;79
4867;79
4868;79
4869;79
4870;79
4871;79
4872;79
4873;79
4874;79
4875;79
4876;79
4877;79
4878;79
4879;79
4880;79
4881;79
4882;79
4883;79
4884;79
4885;79
4886;79
4887;79
4888;79
4889;79
4890;79
4891;79
4892;79
4893;79
4894;79
4895;79
4896;79
4897;79
4898;79
4899;79
4900;79
4901;79
4902;79
4903;79
4904;79
4905;79
4906;79
4907;79
4908;79
4909;79
4910;79
4911;79
4912;79
4913;79
4914;79
4915;79
4916;79
4917;79
4918;79
4919;79
4920;79
4921;79
4922;79
4923;79
4924;79
4925;79
4926;79
4927;79
4928;79
4929;79
4930;79
4931;79
4932;79
4933;79
4934;79
4935;79
4936;79
4937;79
4938;79
4939;79
4940;79
4941;79
4942;79
4943;79
4944;79
4945;79
4946;79
4947;79
4948;79
4949;79
4950;79
4951;79
4952;79
4953;79
4954;79
4955;79
4956;79
4957;79
4958;79
4959;79
4960;79
4961;79
4962;79
4963;79
4964;79
4965;79
4966;79
4967;79
4968;79
4969;79
4970;79
4971;79
4972;79
4973;79
4974;79
4975;79
4976;79
4977;79
4978;79
4979;79
4980;79
4981;79
4982;79
4983;79
4984;79
4985;79
4986;79
4987;79
4988;79
4989;79
4990;79
4991;79
4992;79
4993;79
4994;79
4995;79
4996;79
4997;79
4998;79
4999;79
5000;79
5001;79
5002;79
5003;79
5004;79
5005;79
5006;79
5007;79
5008;79
5009;79
5010;79
5011;79
5012;79
5013;79
5014;79
5015;79
5016;79
5017;79
5018;79
5019;79
5020;79
5021;79
5022;79
5023;79
5024;79
5025;79
5026;79
5027;79
5028;79
5029;79
5030;79
5031;79
5032;79
5033;79
5034;79
5035;79
5036;79
5037;79
5038;79
5039;79
5040;79
5041;79
5042;79
5043;79
5044;79
5045;79
5046;79
5047;79
5048;79
5049;79
5050;79
5051;79
5052;79
5053;79
5054;79
5055;79
5056;79
5057;79
5058;79
5059;79
5060;79
5061;79
5062;79
5063;79
5064;79
5065;79
5066;79
5067;79
5068;79
5069;79
5070;79
5071;79
5072;79
5073;79
5074;79
5075;79
5076;79
5077;79
5078;79
5079;79
5080;79
5081;79
5082;79
5083;79
5084;79
5085;79
5086;79
5087;79
5088;79
5089;79
5090;79
5091;79
5092;79
5093;79
5094;79
5095;79
5096;79
5097;79
5098;79
5099;79
5100;79
5101;79
5102;79
5103;79
5104;79
5105;79
5106;79
5107;79
5108;79
5109;79
5110;79
5111;79
5112;79
5113;79
5114;79
5115;79
5116;79
5117;79
5118;79
5119;79
5120;79
5121;79
5122;79
5123;79
5124;79
5125;79
5126;79
5127;79
5128;79
5129;79
5130;79
5131;79
5132;79
5133;79
5134;79
5135;79
5136;79
5137;79
5138;79
5139;79
5140;79
5141;79
5142;79
5143;79
5144;79
5145;79
5146;79
5147;79
5148;79
5149;79
5150;79
5151;79
5152;79
5153;79
5154;79
5155;79
5156;79
5157;79
5158;79
5159;79
5160;79
5161;79
5162;79
5163;79
5164;79
5165;79
5166;79
5167;79
5168;79
5169;79
5170;79
5171;79
5172;79
5173;79
5174;79
5175;79
5176;79
5177;79
5178;79
5179;79
5180;79
5181;79
5182;79
5183;79
5184;79
5185;79
5186;79
5187;79
5188;79
5189;79
5190;79
5191;79
5192;79
5193;79
5194;79
5195;79
5196;79
5197;79
5198;79
5199;79
5200;79
5201;79
5202;79
5203;79
5204;79
5205;79
5206;79
5207;79
5208;79
5209;79
5210;79
5211;79
5212;79
5213;79
5214;79
5215;79
5216;79
5217;79
5218;79
5219;79
5220;79
5221;79
5222;79
5223;79
5224;79
5225;79
5226;79
5227;79
5228;79
5229;79
5230;79
5231;79
5232;79
5233;79
5234;79
5235;79
5236;79
5237;79
5238;79
5239;79
5240;79
5241;79
5242;79
5243;79
5244;79
5245;79
5246;79
5247;79
5248;79
5249;79
5250;79
5251;79
5252;79
5253;79
5254;79
5255;79
5256;79
5257;79
5258;79
5259;79
5260;79
5261;79
5262;79
5263;79
5264;79
5265;79
5266;79
5267;79
5268;79
5269;79
5270;79
5271;79
5272;79
5273;79
5274;79
5275;79
5276;79
5277;79
5278;79
5279;79
5280;79
5281;79
5282;79
5283;79
5284;79
5285;79
5286;79
5287;79
5288;79
5289;79
5290;79
5291;79
5292;79
5293;79
5294;79
5295;79
5296;79
5297;79
5298;79
5299;79
5300;79
5301;79
5302;79
5303;79
5304;79
5305;79
5306;79
5307;79
5308;79
5309;79
5310;79
5311;79
5312;79
5313;79
5314;79
5315;79
5316;79
5317;79
5318;79
5319;79
5320;79
5321;79
5322;79
5323;79
5324;79
5325;79
5326;79
5327;79
5328;79
5329;79
5330;79
5331;79
5332;79
5333;79
5334;79
5335;79
5336;79
5337;79
5338;79
5339;79
5340;79
5341;79
5342;79
5343;79
5344;79
5345;79
5346;79
5347;79
5348;79
5349;79
5350;79
5351;79
5352;79
5353;79
5354;79
5355;79
5356;79
5357;79
5358;79
5359;79
5360;79
5361;79
5362;79
5363;79
5364;79
5365;79
5366;79
5367;79
5368;79
5369;79
5370;79
5371;79
5372;79
5373;79
5374;79
5375;79
5376;79
5377;79
5378;79
5379;79
5380;79
5381;79
5382;79
5383;79
5384;79
5385;79
5386;79
5387;79
5388;79
5389;79
5390;79
5391;79
5392;79
5393;79
5394;79
5395;79
5396;79
5397;79
5398;79
5399;79
5400;79
5401;79
5402;79
5403;79
5404;79
5405;79
5406;79
5407;79
5408;79
5409;79
5410;79
5411;79
5412;79
5413;79
5414;79
5415;79
5416;79
5417;79
5418;79
5419;79
5420;79
5421;79
5422;79
5423;79
5424;79
5425;79
5426;79
5427;79
5428;79
5429;79
5430;79
5431;79
5432;79
5433;79
5434;79
5435;79
5436;79
5437;79
5438;79
5439;79
5440;79
5441;79
5442;79
5443;79
5444;79
5445;79
5446;79
5447;79
5448;79
5449;79
5450;79
5451;79
5452;79
5453;79
5454;79
5455;79
5456;79
5457;79
5458;79
5459;79
5460;79
5461;79
5462;79
5463;79
5464;79
5465;79
5466;79
5467;79
5468;79
5469;79
5470;79
5471;79
5472;79
5473;79
5474;79
5475;79
5476;79
5477;79
5478;79
5479;79
5480;79
5481;79
5482;79
5483;79
5484;79
5485;79
5486;79
5487;79
5488;79
5489;79
5490;79
5491;79
5492;79
5493;79
5494;79
5495;79
5496;79
5497;79
5498;79
5499;79
5500;79
5501;79
5502;79
5503;79
5504;79
5505;79
5506;79
5507;79
5508;79
5509;79
5510;79
5511;79
5512;79
5513;79
5514;79
5515;79
5516;79
5517;79
5518;79
5519;79
5520;79
5521;79
5522;79
5523;79
5524;79
5525;79
5526;79
5527;79
5528;79
5529;79
5530;79
5531;79
5532;79
5533;79
5534;79
5535;79
5536;79
5537;79
5538;79
5539;79
5540;79
5541;79
5542;79
5543;79
5544;79
5545;79
5546;79
5547;79
5548;79
5549;79
5550;79
5551;79
5552;79
5553;79
5554;79
5555;79
5556;79
5557;79
5558;79
5559;79
5560;79
5561;79
5562;79
5563;79
5564;79
5565;79
5566;79
5567;79
5568;79
5569;79
5570;79
5571;79
5572;79
5573;79
5574;79
5575;79
5576;79
5577;79
5578;79
5579;79
5580;79
5581;79
5582;79
5583;79
5584;79
5585;79
5586;79
5587;79
5588;79
5589;79
5590;79
5591;79
5592;79
5593;79
5594;79
5595;79
5596;79
5597;79
5598;79
5599;79
5600;79
5601;79
5602;79
5603;79
5604;79
5605;79
5606;79
5607;79
5608;79
5609;79
5610;79
5611;79
5612;79
5613;79
5614;79
5615;79
5616;79
5617;79
5618;79
5619;79
5620;79
5621;79
5622;79
5623;79
5624;79
5625;79
5626;79
5627;79
5628;79
5629;79
5630;79
5631;79
5632;79
5633;79
5634;79
5635;79
5636;79
5637;79
5638;79
5639;79
5640;79
5641;79
5642;79
5643;79
5644;79
5645;79
5646;79
5647;79
5648;79
5649;79
5650;79
5651;79
5652;79
5653;79
5654;79
5655;79
5656;79
5657;79
5658;79
5659;79
5660;79
5661;79
5662;79
5663;79
5664;79
5665;79
5666;79
5667;79
5668;79
5669;79
5670;79
5671;79
5672;79
5673;79
5674;79
5675;79
5676;79
5677;79
5678;79
5679;79
5680;79
5681;79
5682;79
5683;79
5684;79
5685;79
5686;79
5687;79
5688;79
5689;79
5690;79
5691;79
5692;79
5693;79
5694;79
5695;79
5696;79
5697;79
5698;79
5699;79
5700;79
5701;79
5702;79
5703;79
5704;79
5705;79
5706;79
5707;79
5708;79
5709;79
5710;79
5711;79
5712;79
5713;79
5714;79
5715;79
5716;79
5717;79
5718;79
5719;79
5720;79
5721;79
5722;79
5723;79
5724;79
5725;79
5726;79
5727;79
5728;79
5729;79
5730;79
5731;79
5732;79
5733;79
5734;79
5735;79
5736;79
5737;79
5738;79
5739;79
5740;79
5741;79
5742;79
5743;79
5744;79
5745;79
5746;79
5747;79
5748;79
5749;79
5750;79
5751;79
5752;79
5753;79
5754;79
5755;79
5756;79
5757;79
5758;79
5759;79
5760;79
5761;79
5762;79
5763;79
5764;79
5765;79
5766;79
5767;79
5768;79
5769;79
5770;79
5771;79
5772;79
5773;79
5774;79
5775;79
5776;79
5777;79
5778;79
5779;79
5780;79
5781;79
5782;79
5783;79
5784;79
5785;79
5786;79
5787;79
5788;79
5789;79
5790;79
5791;79
5792;79
5793;79
5794;79
5795;79
5796;79
5797;79
5798;79
5799;79
5800;79
5801;79
5802;79
5803;79
5804;79
5805;79
5806;79
5807;79
5808;79
5809;79
5810;79
5811;79
5812;79
5813;79
5814;79
5815;79
5816;79
5817;79
5818;79
5819;79
5820;79
5821;79
5822;79
5823;79
5824;79
5825;79
5826;79
5827;79
5828;79
5829;79
5830;79
5831;79
5832;79
5833;79
5834;79
5835;79
5836;79
5837;79
5838;79
5839;79
5840;79
5841;79
5842;79
5843;79
5844;79
5845;79
5846;79
5847;79
5848;79
5849;79
5850;79
5851;79
5852;79
5853;79
5854;79
5855;79
5856;79
5857;79
5858;79
5859;79
5860;79
5861;79
5862;79
5863;79
5864;79
5865;79
5866;79
5867;79
5868;79
5869;79
5870;79
5871;79
5872;79
5873;79
5874;79
5875;79
5876;79
5877;79
5878;79
5879;79
5880;79
5881;79
5882;79
5883;79
5884;79
5885;79
5886;79
5887;79
5888;79
5889;79
5890;79
5891;79
5892;79
5893;79
5894;79
5895;79
5896;79
5897;79
5898;79
5899;79
5900;79
5901;79
5902;79
5903;79
5904;79
5905;79
5906;79
5907;79
5908;79
5909;79
5910;79
5911;79
5912;79
5913;79
5914;79
5915;79
5916;79
5917;79
5918;79
5919;79
5920;79
5921;79
5922;79
5923;79
5924;79
5925;79
5926;79
5927;79
5928;79
5929;79
5930;79
5931;79
5932;79
5933;79
5934;79
5935;79
5936;79
5937;79
5938;79
5939;79
5940;79
5941;79
5942;79
5943;79
5944;79
5945;79
5946;79
5947;79
5948;79
5949;79
5950;79
5951;79
5952;79
5953;79
5954;79
5955;79
5956;79
5957;79
5958;79
5959;79
5960;79
5961;79
5962;79
5963;79
5964;79
5965;79
5966;79
5967;79
5968;79
5969;79
5970;79
5971;79
5972;79
5973;79
5974;79
5975;79
5976;79
5977;79
5978;79
5979;79
5980;79
5981;79
5982;79
5983;79
5984;79
5985;79
5986;79
5987;79
5988;79
5989;79
5990;79
5991;79
5992;79
5993;79
5994;79
5995;79
5996;79
5997;79
5998;79
5999;79
6000;79
6001;79
6002;79
6003;79
6004;79
6005;79
6006;79
6007;79
6008;79
6009;79
6010;79
6011;79
6012;79
6013;79
6014;79
6015;79
6016;79
6017;79
6018;79
6019;79
6020;79
6021;79
6022;79
6023;79
6024;79
6025;79
6026;79
6027;79
6028;79
6029;79
6030;79
6031;79
6032;79
6033;79
6034;79
6035;79
6036;79
6037;79
6038;79
6039;79
6040;79
6041;79
6042;79
6043;79
6044;79
6045;79
6046;79
6047;79
6048;79
6049;79
6050;79
6051;79
6052;79
6053;79
6054;79
6055;79
6056;79
6057;79
6058;79
6059;79
6060;79
6061;79
6062;79
6063;79
6064;79
6065;79
6066;79
6067;79
6068;79
6069;79
6070;79
6071;79
6072;79
6073;79
6074;79
6075;79
6076;79
6077;79
6078;79
6079;79
6080;79
6081;79
6082;79
6083;79
6084;79
6085;79
6086;79
6087;79
6088;79
6089;79
6090;79
6091;79
6092;79
6093;79
6094;79
6095;79
6096;79
6097;79
6098;79
6099;79
6100;79
6101;79
6102;79
6103;79
6104;79
6105;79
6106;79
6107;79
6108;79
6109;79
6110;79
6111;79
6112;79
6113;79
6114;79
6115;79
6116;79
6117;79
6118;79
6119;79
6120;79
6121;79
6122;79
6123;79
6124;79
6125;79
6126;79
6127;79
6128;79
6129;79
6130;79
6131;79
6132;79
6133;79
6134;79
6135;79
6136;79
6137;79
6138;79
6139;79
6140;79
6141;79
6142;79
6143;79
6144;79
6145;79
6146;79
6147;79
6148;79
6149;79
6150;79
6151;79
6152;79
6153;79
6154;79
6155;79
6156;79
6157;79
6158;79
6159;79
6160;79
6161;79
6162;79
6163;79
6164;79
6165;79
6166;79
6167;79
6168;79
6169;79
6170;79
6171;79
6172;79
6173;79
6174;79
6175;79
6176;79
6177;79
6178;79
6179;79
6180;79
6181;79
6182;79
6183;79
6184;79
6185;79
6186;79
6187;79
6188;79
6189;79
6190;79
6191;79
6192;79
6193;79
6194;79
6195;79
6196;79
6197;79
6198;79
6199;79
6200;79
6201;79
6202;79
6203;79
6204;79
6205;79
6206;79
6207;79
6208;79
6209;79
6210;79
6211;79
6212;79
6213;79
6214;79
6215;79
6216;79
6217;79
6218;79
6219;79
6220;79
6221;79
6222;79
6223;79
6224;79
6225;79
6226;79
6227;79
6228;79
6229;79
6230;79
6231;79
6232;79
6233;79
6234;79
6235;79
6236;79
6237;79
6238;79
6239;79
6240;79
6241;79
6242;79
6243;79
6244;79
6245;79
6246;79
6247;79
6248;79
6249;79
6250;79
6251;79
6252;79
6253;79
6254;79
6255;79
6256;79
6257;79
6258;79
6259;79
6260;79
6261;79
6262;79
6263;79
6264;79
6265;79
6266;79
6267;79
6268;79
6269;79
6270;79
6271;79
6272;79
6273;79
6274;79
6275;79
6276;79
6277;79
6278;79
6279;79
6280;79
6281;79
6282;80
6283;80
6284;80
6285;80
6286;80
6287;80
6288;80
6289;80
6290;80
6291;80
6292;80
6293;80
6294;80
6295;80
6296;80
6297;80
6298;80
6299;80
6300;80
6301;80
6302;80
6303;80
6304;80
6305;80
6306;80
6307;80
6308;80
6309;80
6310;80
6311;80
6312;80
6313;80
6314;80
6315;80
6316;80
6317;80
6318;80
6319;80
6320;80
6321;80
6322;80
6323;80
6324;80
6325;80
6326;80
6327;80
6328;80
6329;80
6330;80
6331;80
6332;80
6333;80
6334;80
6335;80
6336;80
6337;80
6338;80
6339;80
6340;80
6341;80
6342;80
6343;80
6344;80
6345;80
6346;80
6347;80
6348;80
6349;80
6350;80
6351;80
6352;80
6353;80
6354;80
6355;80
6356;80
6357;80
6358;80
6359;80
6360;80
6361;80
6362;80
6363;80
6364;80
6365;80
6366;80
6367;80
6368;80
6369;80
6370;80
6371;80
6372;80
6373;80
6374;80
6375;80
6376;80
6377;80
6378;80
6379;80
6380;80
6381;80
6382;80
6383;80
6384;80
6385;80
6386;80
6387;80
6388;80
6389;80
6390;80
6391;80
6392;80
6393;80
6394;80
6395;80
6396;80
6397;80
6398;80
6399;80
6400;80
6401;80
6402;80
6403;80
6404;80
6405;80
6406;80
6407;80
6408;80
6409;80
6410;80
6411;80
6412;80
6413;80
6414;80
6415;80
6416;80
6417;80
6418;80
6419;80
6420;80
6421;80
6422;80
6423;80
6424;80
6425;80
6426;80
6427;80
6428;80
6429;80
6430;80
6431;80
6432;80
6433;80
6434;80
6435;80
6436;80
6437;80
6438;80
6439;80
6440;80
6441;80
6442;80
6443;80
6444;80
6445;80
6446;80
6447;80
6448;80
6449;80
6450;80
6451;80
6452;80
6453;80
6454;80
6455;80
6456;80
6457;80
6458;80
6459;80
6460;80
6461;80
6462;80
6463;80
6464;80
6465;80
6466;80
6467;80
6468;80
6469;80
6470;80
6471;80
6472;80
6473;80
6474;80
6475;80
6476;80
6477;80
6478;80
6479;80
6480;80
6481;80
6482;80
6483;80
6484;80
6485;80
6486;80
6487;80
6488;80
6489;80
6490;80
6491;80
6492;80
6493;80
6494;80
6495;80
6496;80
6497;80
6498;80
6499;80
6500;80
6501;80
6502;80
6503;80
6504;80
6505;80
6506;80
6507;80
6508;80
6509;80
6510;80
6511;80
6512;80
6513;80
6514;80
6515;80
6516;80
6517;80
6518;80
6519;80
6520;80
6521;80
6522;80
6523;80
6524;80
6525;80
6526;80
6527;80
6528;80
6529;80
6530;80
6531;80
6532;80
6533;80
6534;80
6535;80
6536;80
6537;80
6538;80
6539;80
6540;80
6541;80
6542;80
6543;80
6544;80
6545;80
6546;80
6547;80
6548;80
6549;80
6550;80
6551;80
6552;80
6553;80
6554;80
6555;80
6556;80
6557;80
6558;80
6559;80
6560;80
6561;80
6562;80
6563;80
6564;80
6565;80
6566;80
6567;80
6568;80
6569;80
6570;80
6571;80
6572;80
6573;80
6574;80
6575;80
6576;80
6577;80
6578;80
6579;80
6580;80
6581;80
6582;80
6583;80
6584;80
6585;80
6586;80
6587;80
6588;80
6589;80
6590;80
6591;80
6592;80
6593;80
6594;80
6595;80
6596;80
6597;80
6598;80
6599;80
6600;80
6601;80
6602;80
6603;80
6604;80
6605;80
6606;80
6607;80
6608;80
6609;80
6610;80
6611;80
6612;80
6613;80
6614;80
6615;80
6616;80
6617;80
6618;80
6619;80
6620;80
6621;80
6622;80
6623;80
6624;80
6625;80
6626;80
6627;80
6628;80
6629;80
6630;80
6631;80
6632;80
6633;80
6634;80
6635;80
6636;80
6637;80
6638;80
6639;80
6640;80
6641;80
6642;80
6643;80
6644;80
6645;80
6646;80
6647;80
6648;80
6649;80
6650;80
6651;80
6652;80
6653;80
6654;80
6655;80
6656;80
6657;80
6658;80
6659;80
6660;80
6661;80
6662;80
6663;80
6664;80
6665;80
6666;80
6667;80
6668;80
6669;80
6670;80
6671;80
6672;80
6673;80
6674;80
6675;80
6676;80
6677;80
6678;80
6679;80
6680;80
6681;80
6682;80
6683;80
6684;80
6685;80
6686;80
6687;80
6688;80
6689;80
6690;80
6691;80
6692;80
6693;80
6694;80
6695;80
6696;80
6697;80
6698;80
6699;80
6700;80
6701;80
6702;80
6703;80
6704;80
6705;80
6706;80
6707;80
6708;80
6709;80
6710;80
6711;80
6712;80
6713;80
6714;80
6715;80
6716;80
6717;80
6718;80
6719;80
6720;80
6721;80
6722;80
6723;80
6724;80
6725;80
6726;80
6727;80
6728;80
6729;80
6730;80
6731;80
6732;80
6733;80
6734;80
6735;80
6736;80
6737;80
6738;80
6739;80
6740;80
6741;80
6742;80
6743;80
6744;80
6745;80
6746;80
6747;80
6748;80
6749;80
6750;80
6751;80
6752;80
6753;80
6754;80
6755;80
6756;80
6757;80
6758;80
6759;80
6760;80
6761;80
6762;80
6763;80
6764;80
6765;80
6766;80
6767;80
6768;80
6769;80
6770;80
6771;80
6772;80
6773;80
6774;80
6775;80
6776;80
6777;80
6778;80
6779;80
6780;80
6781;80
6782;80
6783;80
6784;80
6785;80
6786;80
6787;80
6788;80
6789;80
6790;80
6791;80
6792;80
6793;80
6794;80
6795;80
6796;80
6797;80
6798;80
6799;80
6800;80
6801;80
6802;80
6803;80
6804;80
6805;80
6806;80
6807;80
6808;80
6809;80
6810;80
6811;80
6812;80
6813;80
6814;80
6815;80
6816;80
6817;80
6818;80
6819;80
6820;80
6821;80
6822;80
6823;80
6824;80
6825;80
6826;80
6827;80
6828;80
6829;80
6830;80
6831;80
6832;80
6833;80
6834;80
6835;80
6836;80
6837;80
6838;80
6839;80
6840;80
6841;80
6842;80
6843;80
6844;80
6845;80
6846;80
6847;80
6848;80
6849;80
6850;80
6851;80
6852;80
6853;80
6854;80
6855;80
6856;80
6857;80
6858;80
6859;80
6860;80
6861;80
6862;80
6863;80
6864;80
6865;80
6866;80
6867;80
6868;80
6869;80
6870;80
6871;80
6872;80
6873;80
6874;80
6875;80
6876;80
6877;80
6878;80
6879;80
6880;80
6881;80
6882;80
6883;80
6884;80
6885;80
6886;80
6887;80
6888;80
6889;80
6890;80
6891;80
6892;80
6893;80
6894;80
6895;80
6896;80
6897;80
6898;80
6899;80
6900;80
6901;80
6902;80
6903;80
6904;80
6905;80
6906;80
6907;80
6908;80
6909;80
6910;80
6911;80
6912;80
6913;80
6914;80
6915;80
6916;80
6917;80
6918;80
6919;80
6920;80
6921;80
6922;80
6923;80
6924;80
6925;80
6926;80
6927;80
6928;80
6929;80
6930;80
6931;80
6932;80
6933;80
6934;80
6935;80
6936;80
6937;80
6938;80
6939;80
6940;80
6941;80
6942;80
6943;80
6944;80
6945;80
6946;80
6947;80
6948;80
6949;80
6950;80
6951;80
6952;80
6953;80
6954;80
6955;80
6956;80
6957;80
6958;80
6959;80
6960;80
6961;80
6962;80
6963;80
6964;80
6965;80
6966;80
6967;80
6968;80
6969;80
6970;80
6971;80
6972;80
6973;80
6974;80
6975;80
6976;80
6977;80
6978;80
6979;80
6980;80
6981;80
6982;80
6983;80
6984;80
6985;80
6986;80
6987;80
6988;80
6989;80
6990;80
6991;80
6992;80
6993;80
6994;80
6995;80
6996;80
6997;80
6998;80
6999;80
7000;80
7001;80
7002;80
7003;80
7004;80
7005;80
7006;80
7007;80
7008;80
7009;80
7010;80
7011;80
7012;80
7013;80
7014;80
7015;80
7016;80
7017;80
7018;80
7019;80
7020;80
7021;80
7022;80
7023;80
7024;80
7025;80
7026;80
7027;80
7028;80
7029;80
7030;80
7031;80
7032;80
7033;80
7034;80
7035;80
7036;80
7037;80
7038;80
7039;80
7040;80
7041;80
7042;80
7043;80
7044;80
7045;80
7046;80
7047;80
7048;80
7049;80
7050;80
7051;80
7052;80
7053;80
7054;80
7055;80
7056;80
7057;80
7058;80
7059;80
7060;80
7061;80
7062;80
7063;80
7064;80
7065;80
7066;80
7067;80
7068;80
7069;80
7070;80
7071;80
7072;80
7073;80
7074;80
7075;80
7076;80
7077;80
7078;80
7079;80
7080;80
7081;80
7082;80
7083;80
7084;80
7085;80
7086;80
7087;80
7088;80
7089;80
7090;80
7091;80
7092;80
7093;80
7094;80
7095;80
7096;80
7097;80
7098;80
7099;80
7100;80
7101;80
7102;80
7103;80
7104;80
7105;80
7106;80
7107;80
7108;80
7109;80
7110;80
7111;80
7112;80
7113;80
7114;80
7115;80
7116;80
7117;80
7118;80
7119;80
7120;80
7121;80
7122;80
7123;80
7124;80
7125;80
7126;80
7127;80
7128;80
7129;80
7130;80
7131;80
7132;80
7133;80
7134;80
7135;80
7136;80
7137;80
7138;80
7139;80
7140;80
7141;80
7142;80
7143;80
7144;80
7145;80
7146;80
7147;80
7148;80
7149;80
7150;80
7151;80
7152;80
7153;80
7154;80
7155;80
7156;80
7157;80
7158;80
7159;80
7160;80
7161;80
7162;80
7163;80
7164;80
7165;80
7166;80
7167;80
7168;80
7169;80
7170;80
7171;80
7172;80
7173;80
7174;80
7175;80
7176;80
7177;80
7178;80
7179;80
7180;80
7181;80
7182;80
7183;80
7184;80
7185;80
7186;80
7187;80
7188;80
7189;80
7190;80
7191;80
7192;80
7193;80
7194;80
7195;80
7196;80
7197;80
7198;80
7199;80
7200;80
7201;80
7202;80
7203;80
7204;80
7205;80
7206;80
7207;80
7208;80
7209;80
7210;80
7211;80
7212;80
7213;80
7214;80
7215;80
7216;80
7217;80
7218;80
7219;80
7220;80
7221;80
7222;80
7223;80
7224;80
7225;80
7226;80
7227;80
7228;80
7229;80
7230;80
7231;80
7232;80
7233;80
7234;80
7235;80
7236;80
7237;80
7238;80
7239;80
7240;80
7241;80
7242;80
7243;80
7244;80
7245;80
7246;80
7247;80
7248;80
7249;80
7250;80
7251;80
7252;80
7253;80
7254;80
7255;80
7256;80
7257;80
7258;80
7259;80
7260;80
7261;80
7262;80
7263;80
7264;80
7265;80
7266;80
7267;80
7268;80
7269;80
7270;80
7271;80
7272;80
7273;80
7274;80
7275;80
7276;80
7277;80
7278;80
7279;80
7280;80
7281;80
7282;80
7283;80
7284;80
7285;80
7286;80
7287;80
7288;80
7289;80
7290;80
7291;80
7292;80
7293;80
7294;80
7295;80
7296;80
7297;80
7298;80
7299;80
7300;80
7301;80
7302;80
7303;80
7304;80
7305;80
7306;80
7307;80
7308;80
7309;80
7310;80
7311;80
7312;80
7313;80
7314;80
7315;80
7316;80
7317;80
7318;80
7319;80
7320;80
7321;80
7322;80
7323;80
7324;80
7325;80
7326;80
7327;80
7328;80
7329;80
7330;80
7331;80
7332;80
7333;80
7334;80
7335;80
7336;80
7337;80
7338;80
7339;80
7340;80
7341;80
7342;80
7343;80
7344;80
7345;80
7346;80
7347;80
7348;80
7349;80
7350;80
7351;80
7352;80
7353;80
7354;80
7355;80
7356;80
7357;80
7358;80
7359;80
7360;80
7361;80
7362;80
7363;80
7364;80
7365;80
7366;80
7367;80
7368;80
7369;80
7370;80
7371;80
7372;80
7373;80
7374;80
7375;80
7376;80
7377;80
7378;80
7379;80
7380;80
7381;80
7382;80
7383;80
7384;80
7385;80
7386;80
7387;80
7388;80
7389;80
7390;80
7391;80
7392;80
7393;80
7394;80
7395;80
7396;80
7397;80
7398;80
7399;80
7400;80
7401;80
7402;80
7403;80
7404;80
7405;80
7406;80
7407;80
7408;80
7409;80
7410;80
7411;80
7412;80
7413;80
7414;80
7415;80
7416;80
7417;80
7418;80
7419;80
7420;80
7421;80
7422;80
7423;80
7424;80
7425;80
7426;80
7427;80
7428;80
7429;80
7430;80
7431;80
7432;80
7433;80
7434;80
7435;80
7436;80
7437;80
7438;80
7439;80
7440;80
7441;80
7442;80
7443;80
7444;80
7445;80
7446;80
7447;80
7448;80
7449;80
7450;80
7451;80
7452;80
7453;80
7454;80
7455;80
7456;80
7457;80
7458;80
7459;80
7460;80
7461;80
7462;80
7463;80
7464;80
7465;80
7466;80
7467;80
7468;80
7469;80
7470;80
7471;80
7472;80
7473;80
7474;80
7475;80
7476;80
7477;80
7478;80
7479;80
7480;80
7481;80
7482;80
7483;80
7484;80
7485;80
7486;80
7487;80
7488;80
7489;80
7490;80
7491;80
7492;80
7493;80
7494;80
7495;80
7496;80
7497;80
7498;80
7499;80
7500;80
7501;80
7502;80
7503;80
7504;80
7505;80
7506;80
7507;80
7508;80
7509;80
7510;80
7511;80
7512;80
7513;80
7514;80
7515;80
7516;80
7517;80
7518;80
7519;80
7520;80
7521;80
7522;80
7523;80
7524;80
7525;80
7526;80
7527;80
7528;80
7529;80
7530;80
7531;80
7532;80
7533;80
7534;80
7535;80
7536;80
7537;80
7538;80
7539;80
7540;80
7541;80
7542;80
7543;80
7544;80
7545;80
7546;80
7547;80
7548;80
7549;80
7550;80
7551;80
7552;80
7553;80
7554;80
7555;80
7556;80
7557;80
7558;80
7559;80
7560;80
7561;80
7562;83
7563;83
7564;83
7565;83
7566;83
7567;83
7568;83
7569;83
7570;83
7571;83
7572;83
7573;83
7574;83
7575;83
7576;83
7577;83
7578;83
7579;83
7580;83
7581;83
7582;83
7583;83
7584;83
7585;83
7586;83
7587;83
7588;83
7589;83
7590;83
7591;83
7592;83
7593;83
7594;83
7595;83
7596;83
7597;83
7598;83
7599;83
7600;83
7601;83
7602;83
7603;83
7604;83
7605;83
7606;83
7607;83
7608;83
7609;83
7610;83
7611;83
7612;83
7613;83
7614;83
7615;83
7616;83
7617;83
7618;83
7619;83
7620;83
7621;83
7622;83
7623;83
7624;83
7625;83
7626;83
7627;83
7628;83
7629;83
7630;83
7631;83
7632;83
7633;83
7634;83
7635;83
7636;83
7637;83
7638;83
7639;83
7640;83
7641;83
7642;83
7643;83
7644;83
7645;83
7646;83
7647;83
7648;83
7649;83
7650;83
7651;83
7652;83
7653;83
7654;83
7655;83
7656;83
7657;83
7658;83
7659;83
7660;83
7661;83
7662;83
7663;83
7664;83
7665;83
7666;83
7667;83
7668;83
7669;83
7670;83
7671;83
7672;83
7673;83
7674;83
7675;83
7676;83
7677;83
7678;83
7679;83
7680;83
7681;83
7682;83
7683;83
7684;83
7685;83
7686;83
7687;83
7688;83
7689;83
7690;83
7691;83
7692;83
7693;83
7694;83
7695;83
7696;83
7697;83
7698;83
7699;83
7700;83
7701;83
7702;83
7703;83
7704;83
7705;83
7706;83
7707;83
7708;83
7709;83
7710;83
7711;83
7712;83
7713;83
7714;83
7715;83
7716;83
7717;83
7718;83
7719;83
7720;83
7721;83
7722;83
7723;83
7724;83
7725;83
7726;83
7727;83
7728;83
7729;83
7730;83
7731;83
7732;83
7733;83
7734;83
7735;83
7736;83
7737;83
7738;83
7739;83
7740;83
7741;83
7742;83
7743;83
7744;83
7745;83
7746;83
7747;83
7748;83
7749;83
7750;83
7751;83
7752;83
7753;83
7754;83
7755;83
7756;83
7757;83
7758;83
7759;83
7760;83
7761;83
7762;83
7763;83
7764;83
7765;83
7766;83
7767;83
7768;83
7769;83
7770;83
7771;83
7772;83
7773;83
7774;83
7775;83
7776;83
7777;83
7778;83
7779;83
7780;83
7781;83
7782;83
7783;83
7784;83
7785;83
7786;83
7787;83
7788;83
7789;83
7790;83
7791;83
7792;83
7793;83
7794;83
7795;83
7796;83
7797;83
7798;83
7799;83
7800;83
7801;83
7802;83
7803;83
7804;83
7805;83
7806;83
7807;83
7808;83
7809;83
7810;83
7811;83
7812;83
7813;83
7814;83
7815;83
7816;83
7817;83
7818;83
7819;83
7820;83
7821;83
7822;83
7823;83
7824;83
7825;83
7826;83
7827;83
7828;83
7829;83
7830;83
7831;83
7832;83
7833;83
7834;83
7835;83
7836;83
7837;83
7838;83
7839;83
7840;83
7841;83
7842;83
7843;83
7844;86
7845;86
7846;86
7847;86
7848;86
7849;86
7850;86
7851;86
7852;86
7853;86
7854;86
7855;86
7856;86
7857;86
7858;86
7859;86
7860;86
7861;86
7862;86
7863;86
7864;86
7865;86
7866;86
7867;86
7868;86
7869;86
7870;86
7871;86
7872;86
7873;86
7874;86
7875;86
7876;86
7877;86
7878;86
7879;86
7880;86
7881;86
7882;86
7883;86
7884;86
7885;86
7886;86
7887;86
7888;86
7889;86
7890;86
7891;86
7892;86
7893;86
7894;86
7895;86
7896;86
7897;86
7898;86
7899;86
7900;86
7901;86
7902;86
7903;86
7904;86
7905;86
7906;86
7907;86
7908;86
7909;86
7910;86
7911;86
7912;86
7913;86
7914;86
7915;86
7916;86
7917;86
7918;86
7919;86
7920;86
7921;86
7922;86
7923;86
7924;86
7925;86
7926;86
7927;86
7928;86
7929;86
7930;86
7931;86
7932;86
7933;86
7934;86
7935;86
7936;86
7937;86
7938;86
7939;86
7940;86
7941;86
7942;86
7943;86
7944;86
7945;86
7946;86
7947;86
7948;86
7949;86
7950;86
7951;86
7952;86
7953;86
7954;86
7955;86
7956;86
7957;86
7958;86
7959;86
7960;86
7961;86
7962;86
7963;86
7964;86
7965;86
7966;86
7967;86
7968;86
7969;86
7970;86
7971;86
7972;86
7973;86
7974;86
7975;86
7976;86
7977;86
7978;86
7979;86
7980;86
7981;86
7982;86
7983;86
7984;86
7985;86
7986;86
7987;86
7988;86
7989;86
7990;86
7991;86
7992;86
7993;86
7994;86
7995;86
7996;86
7997;86
7998;86
7999;86
8000;86
8001;86
8002;86
8003;86
8004;86
8005;86
8006;86
8007;86
8008;86
8009;86
8010;86
8011;86
8012;86
8013;86
8014;86
8015;86
8016;86
8017;86
8018;86
8019;86
8020;86
8021;86
8022;86
8023;86
8024;86
8025;86
8026;86
8027;86
8028;86
8029;86
8030;86
8031;86
8032;86
8033;86
8034;86
8035;86
8036;86
8037;86
8038;86
8039;86
8040;86
8041;86
8042;86
8043;86
8044;86
8045;86
8046;86
8047;86
8048;86
8049;86
8050;86
8051;86
8052;86
8053;86
8054;86
8055;86
8056;86
8057;86
8058;86
8059;86
8060;86
8061;86
8062;86
8063;86
8064;86
8065;86
8066;86
8067;86
8068;86
8069;86
8070;86
8071;86
8072;86
8073;86
8074;86
8075;86
8076;86
8077;86
8078;86
8079;86
8080;86
8081;86
8082;86
8083;86
8084;86
8085;86
8086;86
8087;86
8088;86
8089;86
8090;86
8091;86
8092;86
8093;86
8094;86
8095;86
8096;86
8097;86
8098;86
8099;86
8100;86
8101;86
8102;86
8103;86
8104;86
8105;86
8106;86
8107;86
8108;86
8109;86
8110;86
8111;86
8112;86
8113;86
8114;86
8115;86
8116;86
8117;86
8118;86
8119;86
8120;86
8121;86
8122;86
8123;86
8124;86
8125;86
8126;86
8127;86
8128;86
8129;86
8130;86
8131;86
8132;86
8133;86
8134;86
8135;86
8136;86
8137;86
8138;86
8139;86
8140;86
8141;86
8142;86
8143;86
8144;86
8145;86
8146;86
8147;86
8148;86
8149;86
8150;86
8151;86
8152;86
8153;86
8154;86
8155;86
8156;86
8157;86
8158;86
8159;86
8160;86
8161;86
8162;86
8163;86
8164;86
8165;86
8166;86
8167;86
8168;86
8169;86
8170;86
8171;86
8172;86
8173;86
8174;86
8175;86
8176;86
8177;86
8178;86
8179;86
8180;86
8181;86
8182;86
8183;86
8184;86
8185;86
8186;86
8187;86
8188;86
8189;86
8190;86
8191;86
8192;86
8193;86
8194;86
8195;86
8196;86
8197;86
8198;86
8199;86
8200;86
8201;86
8202;86
8203;86
8204;86
8205;86
8206;86
8207;86
8208;86
8209;86
8210;86
8211;86
8212;86
8213;86
8214;86
8215;86
8216;86
8217;86
8218;86
8219;86
8220;86
8221;86
8222;86
8223;86
8224;86
8225;86
8226;86
8227;86
8228;86
8229;86
8230;86
8231;86
8232;86
8233;86
8234;86
8235;86
8236;86
8237;86
8238;86
8239;86
8240;86
8241;86
8242;86
8243;86
8244;86
8245;86
8246;86
8247;86
8248;86
8249;86
8250;86
8251;86
8252;86
8253;86
8254;86
8255;86
8256;86
8257;86
8258;86
8259;86
8260;86
8261;86
8262;86
8263;86
8264;86
8265;86
8266;86
8267;86
8268;86
8269;86
8270;86
8271;86
8272;86
8273;86
8274;86
8275;86
8276;86
8277;86
8278;86
8279;86
8280;86
8281;86
8282;86
8283;86
8284;86
8285;86
8286;86
8287;86
8288;86
8289;86
8290;86
8291;86
8292;86
8293;86
8294;86
8295;86
8296;86
8297;86
8298;86
8299;86
8300;86
8301;86
8302;86
8303;86
8304;86
8305;86
8306;86
8307;86
8308;86
8309;86
8310;86
8311;86
8312;86
8313;86
8314;86
8315;86
8316;86
8317;86
8318;86
8319;86
8320;86
8321;86
8322;86
8323;86
8324;86
8325;86
8326;86
8327;86
8328;86
8329;86
8330;86
8331;86
8332;86
8333;86
8334;86
8335;86
8336;86
8337;86
8338;86
8339;86
8340;86
8341;86
8342;86
8343;86
8344;86
8345;86
8346;86
8347;86
8348;86
8349;86
8350;86
8351;86
8352;86
8353;86
8354;86
8355;86
8356;86
8357;86
8358;86
8359;86
8360;86
8361;86
8362;86
8363;86
8364;86
8365;86
8366;86
8367;86
8368;86
8369;86
8370;86
8371;86
8372;86
8373;86
8374;86
8375;86
8376;86
8377;86
8378;86
8379;86
8380;86
8381;86
8382;86
8383;86
8384;86
8385;86
8386;86
8387;86
8388;86
8389;86
8390;86
8391;86
8392;86
8393;86
8394;86
8395;86
8396;86
8397;86
8398;86
8399;86
8400;86
8401;86
8402;86
8403;86
8404;86
8405;86
8406;86
8407;86
8408;86
8409;86
8410;86
8411;86
8412;86
8413;86
8414;86
8415;86
8416;86
8417;86
8418;86
8419;86
8420;86
8421;86
8422;86
8423;86
8424;86
8425;86
8426;86
8427;86
8428;86
8429;86
8430;86
8431;86
8432;86
8433;86
8434;86
8435;86
8436;86
8437;86
8438;86
8439;86
8440;86
8441;86
8442;86
8443;86
8444;86
8445;86
8446;86
8447;86
8448;86
8449;86
8450;86
8451;86
8452;86
8453;86
8454;86
8455;86
8456;86
8457;86
8458;86
8459;86
8460;86
8461;86
8462;86
8463;86
8464;86
8465;86
8466;86
8467;86
8468;86
8469;86
8470;86
8471;86
8472;86
8473;86
8474;86
8475;86
8476;86
8477;86
8478;86
8479;86
8480;86
8481;86
8482;86
8483;86
8484;86
8485;86
8486;86
8487;86
8488;86
8489;86
8490;86
8491;86
8492;86
8493;86
8494;86
8495;86
8496;86
8497;86
8498;86
8499;86
8500;86
8501;86
8502;86
8503;86
8504;86
8505;86
8506;86
8507;86
8508;86
8509;86
8510;86
8511;86
8512;86
8513;86
8514;86
8515;86
8516;86
8517;86
8518;86
8519;86
8520;86
8521;86
8522;86
8523;86
8524;86
8525;86
8526;86
8527;86
8528;86
8529;86
8530;86
8531;86
8532;86
8533;86
8534;86
8535;86
8536;86
8537;86
8538;86
8539;86
8540;86
8541;86
8542;86
8543;86
8544;86
8545;86
8546;86
8547;86
8548;86
8549;86
8550;86
8551;86
8552;86
8553;86
8554;86
8555;86
8556;86
8557;86
8558;86
8559;86
8560;86
8561;86
8562;86
8563;86
8564;86
8565;86
8566;86
8567;86
8568;86
8569;86
8570;86
8571;86
8572;86
8573;86
8574;86
8575;86
8576;86
8577;86
8578;86
8579;86
8580;86
8581;86
8582;86
8583;86
8584;86
8585;86
8586;86
8587;86
8588;86
8589;86
8590;86
8591;86
8592;86
8593;86
8594;86
8595;86
8596;86
8597;86
8598;86
8599;86
8600;86
8601;86
8602;86
8603;86
8604;86
8605;86
8606;86
8607;86
8608;86
8609;86
8610;86
8611;86
8612;86
8613;86
8614;86
8615;86
8616;86
8617;86
8618;86
8619;86
8620;86
8621;86
8622;86
8623;86
8624;86
8625;86
8626;86
8627;86
8628;86
8629;86
8630;86
8631;86
8632;86
8633;86
8634;86
8635;86
8636;86
8637;86
8638;86
8639;86
8640;86
8641;86
8642;86
8643;86
8644;86
8645;86
8646;86
8647;86
8648;86
8649;86
8650;86
8651;86
8652;86
8653;86
8654;86
8655;86
8656;86
8657;86
8658;86
8659;86
8660;86
8661;86
8662;86
8663;86
8664;86
8665;86
8666;86
8667;86
8668;86
8669;86
8670;86
8671;86
8672;86
8673;86
8674;86
8675;86
8676;86
8677;86
8678;86
8679;86
8680;86
8681;86
8682;86
8683;86
8684;86
8685;86
8686;86
8687;86
8688;86
8689;86
8690;86
8691;86
8692;86
8693;86
8694;86
8695;86
8696;86
8697;86
8698;86
8699;86
8700;86
8701;86
8702;86
8703;86
8704;86
8705;86
8706;86
8707;86
8708;86
8709;86
8710;86
8711;86
8712;86
8713;86
8714;86
8715;86
8716;86
8717;86
8718;86
8719;86
8720;86
8721;86
8722;86
8723;86
8724;86
8725;86
8726;86
8727;86
8728;86
8729;86
8730;86
8731;86
8732;86
8733;86
8734;86
8735;86
8736;86
8737;86
8738;86
8739;86
8740;86
8741;86
8742;86
8743;86
8744;86
8745;86
8746;86
8747;86
8748;86
8749;86
8750;86
8751;86
8752;86
8753;86
8754;86
8755;86
8756;86
8757;86
8758;86
8759;86
8760;86
8761;86
8762;86
8763;86
8764;86
8765;86
8766;86
8767;86
8768;86
8769;86
8770;86
8771;86
8772;86
8773;86
8774;86
8775;86
8776;86
8777;86
8778;86
8779;86
8780;86
8781;86
8782;86
8783;86
8784;86
8785;86
8786;86
8787;86
8788;86
8789;86
8790;86
8791;86
8792;86
8793;86
8794;86
8795;86
8796;86
8797;86
8798;86
8799;86
8800;86
8801;86
8802;86
8803;86
8804;86
8805;86
8806;86
8807;86
8808;86
8809;86
8810;86
8811;86
8812;86
8813;86
8814;86
8815;86
8816;86
8817;86
8818;86
8819;86
8820;86
8821;86
8822;86
8823;86
8824;86
8825;86
8826;86
8827;86
8828;86
8829;86
8830;86
8831;86
8832;86
8833;86
8834;86
8835;86
8836;86
8837;86
8838;86
8839;86
8840;86
8841;86
8842;86
8843;86
8844;86
8845;86
8846;86
8847;86
8848;86
8849;86
8850;86
8851;86
8852;86
8853;86
8854;86
8855;86
8856;86
8857;86
8858;86
8859;86
8860;86
8861;86
8862;86
8863;86
8864;86
8865;86
8866;86
8867;86
8868;86
8869;86
8870;86
8871;86
8872;86
8873;86
8874;86
8875;86
8876;86
8877;86
8878;86
8879;86
8880;86
8881;86
8882;86
8883;86
8884;86
8885;86
8886;86
8887;86
8888;86
8889;86
8890;86
8891;86
8892;86
8893;86
8894;86
8895;86
8896;86
8897;86
8898;86
8899;86
8900;86
8901;86
8902;86
8903;86
8904;86
8905;86
8906;86
8907;86
8908;86
8909;86
8910;86
8911;86
8912;86
8913;86
8914;86
8915;86
8916;86
8917;86
8918;86
8919;86
8920;86
8921;86
8922;86
8923;86
8924;86
8925;86
8926;86
8927;86
8928;86
8929;86
8930;86
8931;86
8932;86
8933;86
8934;86
8935;86
8936;86
8937;86
8938;86
8939;86
8940;86
8941;86
8942;86
8943;86
8944;86
8945;86
8946;86
8947;86
8948;86
8949;86
8950;86
8951;86
8952;86
8953;86
8954;86
8955;86
8956;86
8957;86
8958;86
8959;86
8960;86
8961;86
8962;86
8963;86
8964;86
8965;86
8966;86
8967;86
8968;86
8969;86
8970;86
8971;86
8972;86
8973;86
8974;86
8975;86
8976;86
8977;86
8978;86
8979;86
8980;86
8981;86
8982;86
8983;86
8984;86
8985;86
8986;86
8987;86
8988;86
8989;86
8990;86
8991;86
8992;86
8993;86
8994;86
8995;86
8996;86
8997;86
8998;86
8999;86
9000;86
9001;86
9002;86
9003;86
9004;86
9005;86
9006;86
9007;86
9008;86
9009;86
9010;86
9011;86
9012;86
9013;86
9014;86
9015;86
9016;86
9017;86
9018;86
9019;86
9020;86
9021;86
9022;86
9023;86
9024;86
9025;86
9026;86
9027;86
9028;86
9029;86
9030;86
9031;86
9032;86
9033;86
9034;86
9035;86
9036;86
9037;86
9038;86
9039;86
9040;86
9041;86
9042;86
9043;86
9044;86
9045;86
9046;86
9047;86
9048;86
9049;86
9050;86
9051;86
9052;86
9053;86
9054;86
9055;86
9056;86
9057;86
9058;86
9059;86
9060;86
9061;86
9062;86
9063;86
9064;86
9065;86
9066;86
9067;86
9068;86
9069;86
9070;86
9071;86
9072;86
9073;86
9074;86
9075;86
9076;86
9077;86
9078;86
9079;86
9080;86
9081;86
9082;86
9083;86
9084;86
9085;86
9086;86
9087;86
9088;86
9089;86
9090;86
9091;86
9092;86
9093;86
9094;86
9095;86
9096;86
9097;86
9098;86
9099;86
9100;86
9101;86
9102;86
9103;86
9104;86
9105;86
9106;86
9107;86
9108;86
9109;86
9110;86
9111;86
9112;86
9113;86
9114;86
9115;86
9116;86
9117;86
9118;86
9119;86
9120;86
9121;86
9122;86
9123;86
9124;86
9125;86
9126;86
9127;86
9128;86
9129;86
9130;86
9131;86
9132;86
9133;86
9134;86
9135;86
9136;86
9137;86
9138;86
9139;86
9140;86
9141;86
9142;86
9143;86
9144;86
9145;86
9146;86
9147;86
9148;86
9149;86
9150;86
9151;86
9152;86
9153;86
9154;86
9155;86
9156;86
9157;86
9158;86
9159;86
9160;86
9161;86
9162;86
9163;86
9164;86
9165;86
9166;86
9167;86
9168;86
9169;86
9170;86
9171;86
9172;86
9173;86
9174;86
9175;86
9176;86
9177;86
9178;86
9179;86
9180;86
9181;86
9182;86
9183;86
9184;86
9185;86
9186;86
9187;86
9188;86
9189;86
9190;86
9191;86
9192;86
9193;86
9194;86
9195;86
9196;86
9197;86
9198;86
9199;86
9200;86
9201;86
9202;86
9203;86
9204;86
9205;86
9206;86
9207;86
9208;86
9209;86
9210;86
9211;86
9212;86
9213;86
9214;86
9215;86
9216;86
9217;86
9218;86
9219;86
9220;86
9221;86
9222;86
9223;86
9224;86
9225;86
9226;86
9227;86
9228;86
9229;86
9230;86
9231;86
9232;86
9233;86
9234;86
9235;86
9236;86
9237;86
9238;86
9239;86
9240;86
9241;86
9242;86
9243;86
9244;86
9245;86
9246;86
9247;86
9248;86
9249;86
9250;86
9251;86
9252;86
9253;86
9254;86
9255;86
9256;86
9257;86
9258;86
9259;86
9260;86
9261;86
9262;86
9263;86
9264;86
9265;86
9266;86
9267;86
9268;86
9269;86
9270;86
9271;86
9272;86
9273;86
9274;86
9275;86
9276;86
9277;86
9278;86
9279;86
9280;86
9281;86
9282;86
9283;86
9284;86
9285;86
9286;86
9287;86
9288;86
9289;86
9290;86
9291;86
9292;86
9293;86
9294;86
9295;86
9296;86
9297;86
9298;86
9299;86
9300;86
9301;86
9302;86
9303;86
9304;86
9305;86
9306;86
9307;86
9308;86
9309;86
9310;86
9311;86
9312;86
9313;86
9314;86
9315;86
9316;86
9317;86
9318;86
9319;86
9320;86
9321;86
9322;86
9323;86
9324;86
9325;86
9326;86
9327;86
9328;86
9329;86
9330;86
9331;86
9332;86
9333;86
9334;86
9335;86
9336;86
9337;86
9338;86
9339;86
9340;86
9341;86
9342;86
9343;86
9344;86
9345;86
9346;86
9347;86
9348;86
9349;86
9350;86
9351;86
9352;86
9353;86
9354;86
9355;86
9356;86
9357;86
9358;86
9359;86
9360;86
9361;86
9362;86
9363;86
9364;86
9365;86
9366;86
9367;86
9368;86
9369;86
9370;86
9371;86
9372;86
9373;86
9374;86
9375;86
9376;86
9377;86
9378;86
9379;86
9380;86
9381;86
9382;86
9383;86
9384;86
9385;86
9386;86
9387;86
9388;86
9389;86
9390;86
9391;86
9392;86
9393;86
9394;86
9395;86
9396;86
9397;86
9398;86
9399;86
9400;86
9401;86
9402;86
9403;86
9404;86
9405;86
9406;86
9407;86
9408;86
9409;86
9410;86
9411;86
9412;86
9413;86
9414;86
9415;86
9416;86
9417;86
9418;86
9419;86
9420;86
9421;86
9422;86
9423;86
9424;86
9425;86
9426;86
9427;86
9428;86
9429;86
9430;86
9431;86
9432;86
9433;86
9434;86
9435;86
9436;86
9437;86
9438;86
9439;86
9440;86
9441;86
9442;86
9443;86
9444;86
9445;86
9446;86
9447;86
9448;86
9449;86
9450;86
9451;86
9452;86
9453;86
9454;86
9455;86
9456;86
9457;86
9458;86
9459;86
9460;86
9461;86
9462;86
9463;86
9464;86
9465;86
9466;86
9467;86
9468;86
9469;86
9470;86
9471;86
9472;86
9473;86
9474;86
9475;86
9476;86
9477;86
9478;86
9479;86
9480;86
9481;86
9482;86
9483;86
9484;86
9485;86
9486;86
9487;86
9488;86
9489;86
9490;86
9491;86
9492;86
9493;86
9494;86
9495;86
9496;86
9497;86
9498;86
9499;86
9500;86
9501;86
9502;86
9503;86
9504;86
9505;86
9506;86
9507;86
9508;86
9509;86
9510;86
9511;86
9512;86
9513;86
9514;86
9515;86
9516;86
9517;86
9518;86
9519;86
9520;86
9521;86
9522;86
9523;86
9524;86
9525;86
9526;86
9527;86
9528;86
9529;86
9530;86
9531;86
9532;86
9533;86
9534;86
9535;86
9536;86
9537;86
9538;86
9539;86
9540;86
9541;86
9542;86
9543;86
9544;86
9545;86
9546;86
9547;86
9548;86
9549;86
9550;86
9551;86
9552;86
9553;86
9554;86
9555;86
9556;86
9557;86
9558;86
9559;86
9560;86
9561;86
9562;86
9563;86
9564;86
9565;86
9566;86
9567;86
9568;86
9569;86
9570;86
9571;86
9572;86
9573;86
9574;86
9575;86
9576;86
9577;86
9578;86
9579;86
9580;86
9581;86
9582;86
9583;86
9584;86
9585;86
9586;86
9587;86
9588;86
9589;86
9590;86
9591;86
9592;86
9593;86
9594;86
9595;86
9596;86
9597;86
9598;86
9599;86
9600;86
9601;86
9602;86
9603;86
9604;86
9605;86
9606;86
9607;86
9608;86
9609;86
9610;86
9611;86
9612;86
9613;86
9614;86
9615;86
9616;86
9617;86
9618;86
9619;86
9620;86
9621;86
9622;86
9623;86
9624;86
9625;86
9626;86
9627;86
9628;86
9629;86
9630;86
9631;86
9632;86
9633;86
9634;86
9635;86
9636;86
9637;86
9638;86
9639;86
9640;86
9641;86
9642;86
9643;86
9644;86
9645;86
9646;86
9647;86
9648;86
9649;86
9650;86
9651;86
9652;86
9653;86
9654;86
9655;86
9656;86
9657;86
9658;86
9659;86
9660;86
9661;86
9662;86
9663;86
9664;86
9665;86
9666;86
9667;86
9668;86
9669;86
9670;86
9671;86
9672;86
9673;86
9674;86
9675;86
9676;86
9677;86
9678;86
9679;86
9680;86
9681;86
9682;86
9683;86
9684;86
9685;86
9686;86
9687;86
9688;86
9689;86
9690;86
9691;86
9692;86
9693;86
9694;86
9695;86
9696;86
9697;86
9698;86
9699;86
9700;86
9701;86
9702;86
9703;86
9704;86
9705;86
9706;86
9707;86
9708;86
9709;86
9710;86
9711;86
9712;86
9713;86
9714;86
9715;86
9716;86
9717;86
9718;86
9719;86
9720;86
9721;86
9722;86
9723;86
9724;86
9725;86
9726;86
9727;86
9728;86
9729;86
9730;86
9731;86
9732;86
9733;86
9734;86
9735;86
9736;86
9737;86
9738;86
9739;86
9740;86
9741;86
9742;86
9743;86
9744;86
9745;86
9746;86
9747;86
9748;86
9749;86
9750;86
9751;86
9752;86
9753;86
9754;86
9755;86
9756;86
9757;86
9758;86
9759;86
9760;86
9761;86
9762;86
9763;86
9764;86
9765;86
9766;86
9767;86
9768;86
9769;86
9770;86
9771;86
9772;86
9773;86
9774;86
9775;86
9776;86
9777;86
9778;86
9779;86
9780;86
9781;86
9782;86
9783;86
9784;86
9785;86
9786;86
9787;86
9788;86
9789;86
9790;86
9791;86
9792;86
9793;86
9794;86
9795;86
9796;86
9797;86
9798;86
9799;86
9800;86
9801;86
9802;86
9803;86
9804;86
9805;86
9806;86
9807;86
9808;86
9809;86
9810;86
9811;86
9812;86
9813;86
9814;86
9815;86
9816;86
9817;86
9818;86
9819;86
9820;86
9821;86
9822;86
9823;86
9824;86
9825;86
9826;86
9827;86
9828;86
9829;86
9830;86
9831;86
9832;86
9833;86
9834;86
9835;86
9836;86
9837;86
9838;86
9839;86
9840;86
9841;86
9842;86
9843;86
9844;86
9845;86
9846;86
9847;86
9848;86
9849;86
9850;86
9851;86
9852;86
9853;86
9854;86
9855;86
9856;86
9857;86
9858;86
9859;86
9860;86
9861;86
9862;86
9863;86
9864;86
9865;86
9866;86
9867;86
9868;86
9869;86
9870;86
9871;86
9872;86
9873;86
9874;86
9875;86
9876;86
9877;86
9878;86
9879;86
9880;86
9881;86
9882;86
9883;86
9884;86
9885;86
9886;86
9887;86
9888;86
9889;86
9890;86
9891;86
9892;86
9893;86
9894;86
9895;86
9896;86
9897;86
9898;86
9899;86
9900;86
9901;86
9902;86
9903;86
9904;86
9905;86
9906;86
9907;86
9908;86
9909;86
9910;86
9911;86
9912;86
9913;86
9914;86
9915;86
9916;86
9917;86
9918;86
9919;86
9920;86
9921;86
9922;86
9923;86
9924;86
9925;86
9926;86
9927;86
9928;86
9929;86
9930;86
9931;86
9932;86
9933;86
9934;86
9935;86
9936;86
9937;86
9938;86
9939;86
9940;86
9941;86
9942;86
9943;86
9944;86
9945;86
9946;86
9947;86
9948;86
9949;86
9950;86
9951;86
9952;86
9953;86
9954;86
9955;86
9956;86
9957;86
9958;86
9959;86
9960;86
9961;86
9962;86
9963;86
9964;86
9965;86
9966;86
9967;86
9968;86
9969;86
9970;86
9971;86
9972;86
9973;86
9974;86
9975;86
9976;86
9977;86
9978;86
9979;86
9980;86
9981;86
9982;86
9983;86
9984;86
9985;86
9986;86
9987;86
9988;86
9989;86
9990;86
9991;86
9992;86
9993;86
9994;86
9995;86
9996;86
9997;86
9998;86
9999;86