0;21
1;21
2;46
3;46
4;46
5;46
6;46
7;46
8;46
9;46
10;46
11;46
12;46
13;46
14;46
15;46
16;46
17;46
18;46
19;47
20;47
21;47
22;47
23;47
24;47
25;47
26;47
27;47
28;47
29;47
30;47
31;47
32;47
33;47
34;47
35;68
36;68
37;68
38;68
39;68
40;68
41;68
42;68
43;68
44;68
45;68
46;68
47;68
48;68
49;68
50;68
51;68
52;68
53;68
54;68
55;68
56;68
57;68
58;68
59;68
60;68
61;68
62;68
63;68
64;68
65;68
66;68
67;68
68;68
69;68
70;68
71;68
72;68
73;68
74;68
75;68
76;68
77;68
78;68
79;68
80;68
81;68
82;68
83;68
84;68
85;68
86;68
87;68
88;68
89;68
90;68
91;68
92;68
93;68
94;68
95;68
96;68
97;68
98;68
99;68
100;68
101;68
102;68
103;68
104;68
105;68
106;68
107;68
108;68
109;68
110;68
111;68
112;68
113;68
114;68
115;68
116;68
117;68
118;68
119;68
120;68
121;68
122;68
123;68
124;68
125;68
126;68
127;68
128;68
129;68
130;68
131;68
132;68
133;68
134;68
135;68
136;68
137;68
138;68
139;68
140;68
141;68
142;68
143;68
144;68
145;68
146;68
147;68
148;68
149;68
150;68
151;68
152;68
153;68
154;68
155;68
156;68
157;68
158;68
159;68
160;68
161;68
162;68
163;68
164;68
165;68
166;68
167;68
168;68
169;68
170;68
171;68
172;68
173;68
174;68
175;68
176;68
177;68
178;68
179;68
180;68
181;68
182;68
183;68
184;68
185;68
186;68
187;68
188;68
189;68
190;68
191;68
192;68
193;68
194;68
195;68
196;68
197;68
198;68
199;68
200;68
201;68
202;68
203;68
204;68
205;68
206;68
207;68
208;68
209;68
210;68
211;68
212;68
213;68
214;68
215;68
216;68
217;68
218;68
219;68
220;68
221;68
222;68
223;68
224;68
225;68
226;68
227;68
228;68
229;68
230;68
231;68
232;68
233;68
234;68
235;68
236;68
237;68
238;68
239;68
240;68
241;68
242;68
243;68
244;68
245;68
246;68
247;68
248;68
249;68
250;68
251;68
252;68
253;68
254;68
255;68
256;78
257;78
258;78
259;78
260;78
261;78
262;78
263;78
264;78
265;78
266;78
267;78
268;78
269;78
270;78
271;78
272;78
273;78
274;78
275;78
276;78
277;78
278;78
279;78
280;78
281;78
282;78
283;78
284;78
285;78
286;78
287;78
288;78
289;78
290;78
291;78
292;78
293;78
294;78
295;78
296;78
297;78
298;78
299;78
300;78
301;78
302;78
303;78
304;78
305;78
306;78
307;78
308;78
309;78
310;78
311;78
312;78
313;78
314;78
315;78
316;78
317;78
318;78
319;78
320;78
321;78
322;78
323;78
324;78
325;78
326;78
327;78
328;78
329;78
330;78
331;78
332;78
333;78
334;78
335;78
336;78
337;78
338;78
339;78
340;78
341;78
342;78
343;78
344;78
345;78
346;78
347;78
348;78
349;78
350;78
351;78
352;78
353;78
354;78
355;78
356;78
357;78
358;78
359;78
360;78
361;78
362;78
363;78
364;78
365;78
366;78
367;78
368;78
369;78
370;78
371;78
372;78
373;78
374;78
375;78
376;78
377;78
378;78
379;78
380;78
381;78
382;78
383;78
384;78
385;78
386;78
387;78
388;78
389;78
390;78
391;78
392;78
393;78
394;78
395;78
396;78
397;78
398;78
399;78
400;78
401;78
402;78
403;78
404;78
405;78
406;78
407;78
408;78
409;78
410;78
411;78
412;78
413;78
414;78
415;78
416;78
417;78
418;78
419;78
420;78
421;78
422;78
423;78
424;78
425;78
426;78
427;78
428;78
429;78
430;78
431;78
432;78
433;78
434;78
435;78
436;78
437;78
438;78
439;78
440;78
441;78
442;78
443;78
444;78
445;78
446;78
447;78
448;78
449;78
450;78
451;78
452;78
453;78
454;78
455;78
456;78
457;78
458;78
459;78
460;78
461;78
462;78
463;78
464;78
465;78
466;78
467;78
468;78
469;78
470;78
471;78
472;78
473;78
474;78
475;78
476;78
477;78
478;78
479;78
480;78
481;78
482;78
483;78
484;78
485;78
486;78
487;78
488;78
489;78
490;78
491;78
492;78
493;78
494;78
495;78
496;78
497;78
498;78
499;78
500;78
501;78
502;78
503;78
504;78
505;78
506;78
507;78
508;78
509;78
510;78
511;78
512;78
513;78
514;78
515;78
516;78
517;78
518;78
519;78
520;78
521;78
522;78
523;78
524;78
525;78
526;78
527;78
528;78
529;78
530;78
531;78
532;78
533;78
534;78
535;78
536;78
537;78
538;78
539;78
540;78
541;78
542;78
543;78
544;78
545;78
546;78
547;78
548;78
549;78
550;78
551;78
552;78
553;78
554;78
555;78
556;78
557;78
558;78
559;78
560;78
561;78
562;78
563;78
564;78
565;78
566;78
567;78
568;78
569;78
570;78
571;78
572;78
573;78
574;78
575;78
576;78
577;78
578;78
579;78
580;78
581;78
582;78
583;78
584;78
585;78
586;78
587;78
588;78
589;78
590;78
591;78
592;78
593;78
594;78
595;78
596;78
597;78
598;78
599;78
600;78
601;78
602;78
603;78
604;78
605;78
606;78
607;78
608;78
609;78
610;78
611;78
612;78
613;78
614;78
615;78
616;78
617;78
618;78
619;78
620;78
621;78
622;78
623;78
624;78
625;78
626;78
627;78
628;78
629;78
630;78
631;78
632;78
633;78
634;78
635;78
636;78
637;78
638;78
639;78
640;78
641;78
642;78
643;78
644;78
645;78
646;78
647;78
648;78
649;78
650;78
651;78
652;78
653;78
654;78
655;78
656;78
657;78
658;78
659;78
660;78
661;78
662;78
663;78
664;78
665;78
666;78
667;78
668;78
669;78
670;78
671;78
672;78
673;78
674;78
675;78
676;78
677;78
678;78
679;78
680;78
681;78
682;78
683;78
684;78
685;78
686;78
687;78
688;78
689;78
690;78
691;78
692;78
693;78
694;78
695;78
696;78
697;78
698;78
699;78
700;78
701;78
702;78
703;78
704;78
705;78
706;78
707;78
708;78
709;78
710;78
711;78
712;78
713;78
714;78
715;78
716;78
717;78
718;78
719;78
720;78
721;78
722;78
723;78
724;78
725;78
726;78
727;78
728;78
729;78
730;78
731;78
732;78
733;78
734;78
735;78
736;78
737;78
738;78
739;78
740;78
741;78
742;78
743;78
744;78
745;78
746;78
747;78
748;78
749;78
750;78
751;78
752;78
753;78
754;78
755;78
756;78
757;78
758;78
759;78
760;78
761;78
762;78
763;78
764;78
765;78
766;78
767;78
768;78
769;78
770;78
771;78
772;78
773;78
774;78
775;78
776;78
777;78
778;78
779;78
780;78
781;78
782;78
783;78
784;78
785;78
786;78
787;78
788;78
789;78
790;78
791;78
792;78
793;78
794;78
795;78
796;78
797;78
798;78
799;78
800;78
801;78
802;78
803;78
804;78
805;78
806;78
807;78
808;78
809;78
810;78
811;78
812;78
813;78
814;78
815;78
816;78
817;78
818;78
819;78
820;78
821;78
822;78
823;78
824;78
825;78
826;78
827;78
828;78
829;78
830;78
831;78
832;78
833;78
834;78
835;78
836;78
837;78
838;78
839;78
840;78
841;78
842;78
843;78
844;78
845;78
846;78
847;78
848;78
849;78
850;78
851;78
852;78
853;78
854;78
855;78
856;78
857;78
858;78
859;78
860;78
861;78
862;78
863;78
864;78
865;78
866;78
867;78
868;78
869;78
870;78
871;78
872;78
873;78
874;78
875;78
876;78
877;78
878;78
879;78
880;78
881;78
882;78
883;78
884;78
885;78
886;78
887;78
888;78
889;78
890;78
891;78
892;78
893;78
894;78
895;78
896;78
897;78
898;78
899;78
900;78
901;78
902;78
903;78
904;78
905;78
906;78
907;78
908;78
909;78
910;78
911;78
912;78
913;78
914;78
915;78
916;78
917;78
918;78
919;78
920;78
921;78
922;78
923;78
924;78
925;78
926;78
927;78
928;78
929;78
930;78
931;78
932;78
933;78
934;78
935;78
936;78
937;78
938;78
939;78
940;78
941;78
942;78
943;78
944;78
945;78
946;78
947;78
948;78
949;78
950;78
951;78
952;78
953;78
954;78
955;78
956;78
957;78
958;78
959;78
960;78
961;78
962;78
963;78
964;78
965;78
966;78
967;78
968;78
969;78
970;78
971;78
972;78
973;78
974;78
975;78
976;78
977;78
978;78
979;78
980;78
981;78
982;78
983;78
984;78
985;78
986;78
987;78
988;78
989;78
990;78
991;78
992;78
993;78
994;78
995;78
996;80
997;80
998;80
999;80
1000;80
1001;80
1002;80
1003;80
1004;80
1005;80
1006;80
1007;80
1008;80
1009;80
1010;80
1011;80
1012;80
1013;80
1014;80
1015;80
1016;80
1017;80
1018;80
1019;80
1020;80
1021;80
1022;80
1023;80
1024;80
1025;80
1026;80
1027;80
1028;80
1029;80
1030;80
1031;80
1032;80
1033;80
1034;80
1035;80
1036;80
1037;80
1038;80
1039;80
1040;80
1041;80
1042;80
1043;80
1044;80
1045;80
1046;80
1047;80
1048;80
1049;80
1050;80
1051;80
1052;80
1053;80
1054;80
1055;80
1056;80
1057;80
1058;80
1059;80
1060;80
1061;80
1062;80
1063;80
1064;80
1065;80
1066;80
1067;80
1068;80
1069;80
1070;80
1071;80
1072;80
1073;80
1074;80
1075;80
1076;80
1077;80
1078;80
1079;80
1080;80
1081;80
1082;80
1083;80
1084;80
1085;80
1086;80
1087;80
1088;80
1089;80
1090;80
1091;80
1092;80
1093;80
1094;80
1095;80
1096;80
1097;80
1098;80
1099;80
1100;80
1101;80
1102;80
1103;80
1104;80
1105;80
1106;80
1107;80
1108;80
1109;80
1110;80
1111;80
1112;80
1113;80
1114;80
1115;80
1116;80
1117;80
1118;80
1119;80
1120;80
1121;80
1122;80
1123;80
1124;80
1125;80
1126;80
1127;80
1128;80
1129;80
1130;80
1131;80
1132;80
1133;80
1134;80
1135;80
1136;80
1137;80
1138;80
1139;80
1140;80
1141;80
1142;80
1143;80
1144;80
1145;80
1146;80
1147;80
1148;80
1149;80
1150;80
1151;80
1152;80
1153;80
1154;80
1155;80
1156;80
1157;80
1158;80
1159;80
1160;80
1161;80
1162;80
1163;80
1164;80
1165;80
1166;80
1167;80
1168;80
1169;80
1170;80
1171;80
1172;80
1173;80
1174;80
1175;80
1176;80
1177;80
1178;80
1179;80
1180;80
1181;80
1182;80
1183;80
1184;80
1185;80
1186;80
1187;80
1188;80
1189;80
1190;80
1191;80
1192;80
1193;80
1194;80
1195;80
1196;80
1197;80
1198;80
1199;80
1200;80
1201;80
1202;80
1203;80
1204;80
1205;80
1206;80
1207;80
1208;80
1209;80
1210;80
1211;80
1212;80
1213;80
1214;80
1215;80
1216;80
1217;80
1218;80
1219;80
1220;80
1221;80
1222;80
1223;80
1224;80
1225;80
1226;80
1227;80
1228;80
1229;80
1230;80
1231;80
1232;80
1233;80
1234;80
1235;80
1236;80
1237;80
1238;80
1239;80
1240;80
1241;80
1242;80
1243;80
1244;80
1245;80
1246;80
1247;80
1248;80
1249;80
1250;80
1251;80
1252;80
1253;80
1254;80
1255;80
1256;80
1257;80
1258;80
1259;80
1260;80
1261;80
1262;80
1263;80
1264;80
1265;80
1266;80
1267;80
1268;80
1269;80
1270;80
1271;80
1272;80
1273;80
1274;80
1275;80
1276;80
1277;80
1278;80
1279;80
1280;80
1281;80
1282;80
1283;80
1284;80
1285;80
1286;80
1287;80
1288;80
1289;80
1290;80
1291;80
1292;80
1293;80
1294;80
1295;80
1296;80
1297;80
1298;80
1299;80
1300;80
1301;80
1302;80
1303;80
1304;80
1305;80
1306;80
1307;80
1308;80
1309;80
1310;80
1311;80
1312;80
1313;80
1314;80
1315;80
1316;80
1317;80
1318;80
1319;80
1320;80
1321;80
1322;80
1323;80
1324;80
1325;80
1326;80
1327;80
1328;80
1329;80
1330;80
1331;80
1332;80
1333;80
1334;80
1335;80
1336;80
1337;80
1338;80
1339;80
1340;80
1341;80
1342;80
1343;80
1344;80
1345;80
1346;80
1347;80
1348;80
1349;80
1350;80
1351;80
1352;80
1353;80
1354;80
1355;80
1356;80
1357;80
1358;80
1359;80
1360;80
1361;80
1362;80
1363;80
1364;80
1365;80
1366;80
1367;80
1368;80
1369;80
1370;80
1371;80
1372;80
1373;80
1374;80
1375;80
1376;80
1377;80
1378;80
1379;80
1380;80
1381;80
1382;80
1383;80
1384;80
1385;80
1386;80
1387;80
1388;80
1389;80
1390;80
1391;80
1392;80
1393;80
1394;80
1395;80
1396;80
1397;80
1398;80
1399;80
1400;80
1401;80
1402;80
1403;80
1404;80
1405;80
1406;80
1407;80
1408;80
1409;80
1410;80
1411;80
1412;80
1413;80
1414;80
1415;80
1416;80
1417;80
1418;80
1419;80
1420;80
1421;80
1422;80
1423;80
1424;80
1425;80
1426;80
1427;80
1428;80
1429;80
1430;80
1431;80
1432;80
1433;80
1434;80
1435;80
1436;80
1437;80
1438;80
1439;80
1440;80
1441;80
1442;80
1443;80
1444;80
1445;80
1446;80
1447;80
1448;80
1449;80
1450;80
1451;80
1452;80
1453;80
1454;80
1455;80
1456;80
1457;80
1458;80
1459;80
1460;80
1461;80
1462;80
1463;80
1464;80
1465;80
1466;80
1467;80
1468;80
1469;80
1470;80
1471;80
1472;80
1473;80
1474;80
1475;80
1476;80
1477;80
1478;80
1479;80
1480;80
1481;80
1482;80
1483;80
1484;80
1485;80
1486;80
1487;80
1488;80
1489;80
1490;80
1491;80
1492;80
1493;80
1494;80
1495;80
1496;80
1497;80
1498;80
1499;80
1500;80
1501;80
1502;80
1503;80
1504;80
1505;80
1506;80
1507;80
1508;80
1509;80
1510;80
1511;80
1512;80
1513;80
1514;80
1515;80
1516;80
1517;80
1518;80
1519;80
1520;80
1521;80
1522;80
1523;80
1524;80
1525;80
1526;80
1527;80
1528;80
1529;80
1530;80
1531;80
1532;80
1533;80
1534;80
1535;80
1536;80
1537;80
1538;80
1539;80
1540;80
1541;80
1542;80
1543;80
1544;80
1545;80
1546;80
1547;80
1548;80
1549;80
1550;80
1551;80
1552;80
1553;80
1554;80
1555;80
1556;80
1557;80
1558;80
1559;80
1560;80
1561;80
1562;80
1563;80
1564;80
1565;80
1566;80
1567;80
1568;80
1569;80
1570;80
1571;80
1572;80
1573;80
1574;80
1575;80
1576;80
1577;80
1578;80
1579;80
1580;80
1581;80
1582;80
1583;80
1584;80
1585;80
1586;80
1587;80
1588;80
1589;80
1590;80
1591;80
1592;80
1593;80
1594;80
1595;80
1596;80
1597;80
1598;80
1599;80
1600;80
1601;80
1602;80
1603;80
1604;80
1605;80
1606;80
1607;80
1608;80
1609;80
1610;80
1611;80
1612;80
1613;80
1614;80
1615;80
1616;80
1617;80
1618;80
1619;80
1620;80
1621;80
1622;80
1623;80
1624;80
1625;80
1626;80
1627;80
1628;80
1629;80
1630;80
1631;80
1632;80
1633;80
1634;80
1635;80
1636;80
1637;80
1638;80
1639;80
1640;80
1641;80
1642;80
1643;80
1644;80
1645;80
1646;80
1647;80
1648;80
1649;80
1650;80
1651;80
1652;80
1653;80
1654;80
1655;80
1656;80
1657;80
1658;80
1659;80
1660;80
1661;80
1662;80
1663;80
1664;80
1665;80
1666;80
1667;80
1668;80
1669;80
1670;80
1671;80
1672;80
1673;80
1674;80
1675;80
1676;80
1677;80
1678;80
1679;80
1680;80
1681;80
1682;80
1683;80
1684;80
1685;80
1686;80
1687;80
1688;80
1689;80
1690;80
1691;80
1692;80
1693;80
1694;80
1695;80
1696;80
1697;80
1698;80
1699;80
1700;80
1701;80
1702;80
1703;80
1704;80
1705;80
1706;80
1707;80
1708;80
1709;80
1710;80
1711;80
1712;80
1713;80
1714;80
1715;80
1716;80
1717;80
1718;80
1719;80
1720;80
1721;80
1722;80
1723;80
1724;80
1725;80
1726;80
1727;80
1728;80
1729;80
1730;80
1731;80
1732;80
1733;80
1734;80
1735;80
1736;80
1737;80
1738;80
1739;80
1740;80
1741;80
1742;80
1743;80
1744;80
1745;80
1746;80
1747;80
1748;80
1749;80
1750;80
1751;80
1752;80
1753;80
1754;80
1755;80
1756;80
1757;80
1758;80
1759;80
1760;80
1761;80
1762;80
1763;80
1764;80
1765;80
1766;80
1767;80
1768;80
1769;80
1770;80
1771;80
1772;80
1773;80
1774;80
1775;80
1776;80
1777;80
1778;80
1779;80
1780;80
1781;80
1782;80
1783;80
1784;80
1785;80
1786;80
1787;80
1788;80
1789;80
1790;80
1791;80
1792;80
1793;80
1794;80
1795;80
1796;80
1797;80
1798;80
1799;80
1800;80
1801;80
1802;80
1803;80
1804;80
1805;80
1806;80
1807;80
1808;80
1809;80
1810;80
1811;80
1812;80
1813;80
1814;80
1815;80
1816;80
1817;80
1818;80
1819;80
1820;80
1821;80
1822;80
1823;80
1824;80
1825;80
1826;80
1827;80
1828;80
1829;80
1830;80
1831;80
1832;80
1833;80
1834;80
1835;80
1836;80
1837;80
1838;80
1839;80
1840;80
1841;80
1842;80
1843;80
1844;80
1845;80
1846;80
1847;80
1848;80
1849;80
1850;80
1851;80
1852;80
1853;80
1854;80
1855;80
1856;80
1857;80
1858;80
1859;80
1860;80
1861;80
1862;80
1863;80
1864;80
1865;80
1866;80
1867;80
1868;80
1869;80
1870;80
1871;80
1872;80
1873;80
1874;80
1875;80
1876;80
1877;80
1878;80
1879;80
1880;80
1881;80
1882;80
1883;80
1884;80
1885;80
1886;80
1887;80
1888;80
1889;80
1890;80
1891;80
1892;80
1893;80
1894;80
1895;80
1896;80
1897;80
1898;80
1899;80
1900;80
1901;80
1902;80
1903;80
1904;80
1905;80
1906;80
1907;80
1908;80
1909;80
1910;80
1911;80
1912;80
1913;80
1914;80
1915;80
1916;80
1917;80
1918;80
1919;80
1920;80
1921;80
1922;80
1923;80
1924;80
1925;80
1926;80
1927;80
1928;80
1929;80
1930;80
1931;80
1932;80
1933;80
1934;80
1935;80
1936;80
1937;80
1938;80
1939;80
1940;80
1941;80
1942;80
1943;80
1944;80
1945;80
1946;80
1947;80
1948;80
1949;80
1950;80
1951;80
1952;80
1953;80
1954;80
1955;80
1956;80
1957;80
1958;80
1959;80
1960;80
1961;80
1962;80
1963;80
1964;80
1965;80
1966;80
1967;80
1968;80
1969;80
1970;80
1971;80
1972;80
1973;80
1974;80
1975;80
1976;80
1977;80
1978;80
1979;80
1980;80
1981;80
1982;80
1983;80
1984;80
1985;80
1986;80
1987;80
1988;80
1989;80
1990;80
1991;80
1992;80
1993;80
1994;80
1995;80
1996;80
1997;80
1998;80
1999;80
2000;80
2001;80
2002;80
2003;80
2004;80
2005;80
2006;80
2007;80
2008;80
2009;80
2010;80
2011;80
2012;80
2013;80
2014;80
2015;80
2016;80
2017;80
2018;80
2019;80
2020;80
2021;80
2022;80
2023;80
2024;80
2025;80
2026;80
2027;80
2028;80
2029;80
2030;80
2031;80
2032;80
2033;80
2034;80
2035;80
2036;80
2037;80
2038;80
2039;80
2040;80
2041;80
2042;80
2043;80
2044;80
2045;80
2046;80
2047;80
2048;80
2049;80
2050;80
2051;80
2052;80
2053;80
2054;80
2055;80
2056;80
2057;80
2058;80
2059;80
2060;80
2061;80
2062;80
2063;80
2064;80
2065;80
2066;80
2067;80
2068;80
2069;80
2070;80
2071;80
2072;80
2073;80
2074;80
2075;80
2076;80
2077;80
2078;80
2079;80
2080;80
2081;80
2082;80
2083;80
2084;80
2085;80
2086;80
2087;80
2088;80
2089;80
2090;80
2091;80
2092;80
2093;80
2094;80
2095;80
2096;80
2097;80
2098;80
2099;80
2100;80
2101;80
2102;80
2103;80
2104;80
2105;80
2106;80
2107;80
2108;80
2109;80
2110;80
2111;80
2112;80
2113;80
2114;80
2115;80
2116;80
2117;80
2118;80
2119;80
2120;80
2121;80
2122;80
2123;80
2124;80
2125;80
2126;80
2127;80
2128;80
2129;80
2130;80
2131;80
2132;80
2133;80
2134;80
2135;80
2136;80
2137;80
2138;80
2139;80
2140;80
2141;80
2142;80
2143;80
2144;80
2145;80
2146;80
2147;80
2148;80
2149;80
2150;80
2151;80
2152;80
2153;80
2154;80
2155;80
2156;80
2157;80
2158;80
2159;80
2160;80
2161;80
2162;80
2163;80
2164;80
2165;80
2166;80
2167;80
2168;80
2169;80
2170;80
2171;80
2172;80
2173;80
2174;80
2175;80
2176;80
2177;80
2178;80
2179;80
2180;80
2181;80
2182;80
2183;80
2184;80
2185;80
2186;80
2187;80
2188;80
2189;80
2190;80
2191;80
2192;80
2193;80
2194;80
2195;80
2196;80
2197;80
2198;80
2199;80
2200;80
2201;80
2202;80
2203;80
2204;80
2205;80
2206;80
2207;80
2208;80
2209;80
2210;80
2211;80
2212;80
2213;80
2214;80
2215;80
2216;80
2217;80
2218;80
2219;80
2220;80
2221;80
2222;80
2223;80
2224;80
2225;80
2226;80
2227;80
2228;80
2229;80
2230;80
2231;80
2232;80
2233;80
2234;80
2235;80
2236;80
2237;80
2238;80
2239;80
2240;80
2241;80
2242;80
2243;80
2244;80
2245;80
2246;80
2247;80
2248;80
2249;80
2250;80
2251;80
2252;80
2253;80
2254;80
2255;80
2256;80
2257;80
2258;80
2259;80
2260;80
2261;80
2262;80
2263;80
2264;80
2265;80
2266;80
2267;80
2268;80
2269;80
2270;80
2271;80
2272;80
2273;80
2274;80
2275;80
2276;80
2277;80
2278;80
2279;80
2280;80
2281;80
2282;80
2283;80
2284;80
2285;80
2286;80
2287;80
2288;80
2289;80
2290;80
2291;80
2292;80
2293;80
2294;80
2295;80
2296;80
2297;80
2298;80
2299;80
2300;80
2301;80
2302;80
2303;80
2304;80
2305;80
2306;80
2307;80
2308;80
2309;80
2310;80
2311;80
2312;80
2313;80
2314;80
2315;80
2316;80
2317;80
2318;80
2319;80
2320;80
2321;80
2322;80
2323;80
2324;80
2325;80
2326;80
2327;80
2328;80
2329;80
2330;80
2331;80
2332;80
2333;80
2334;80
2335;80
2336;80
2337;80
2338;80
2339;80
2340;80
2341;80
2342;80
2343;80
2344;80
2345;80
2346;80
2347;80
2348;80
2349;80
2350;80
2351;80
2352;80
2353;80
2354;80
2355;80
2356;80
2357;80
2358;80
2359;80
2360;80
2361;80
2362;80
2363;80
2364;80
2365;80
2366;80
2367;80
2368;80
2369;80
2370;80
2371;80
2372;80
2373;80
2374;80
2375;80
2376;80
2377;80
2378;80
2379;80
2380;80
2381;80
2382;80
2383;80
2384;80
2385;80
2386;80
2387;80
2388;80
2389;80
2390;80
2391;80
2392;80
2393;80
2394;80
2395;80
2396;80
2397;80
2398;80
2399;80
2400;80
2401;80
2402;80
2403;80
2404;80
2405;80
2406;80
2407;80
2408;80
2409;80
2410;80
2411;80
2412;80
2413;80
2414;80
2415;80
2416;80
2417;80
2418;80
2419;80
2420;80
2421;80
2422;80
2423;80
2424;80
2425;80
2426;80
2427;80
2428;80
2429;80
2430;80
2431;80
2432;80
2433;80
2434;80
2435;80
2436;80
2437;80
2438;80
2439;80
2440;80
2441;80
2442;80
2443;80
2444;80
2445;80
2446;80
2447;80
2448;80
2449;80
2450;80
2451;80
2452;80
2453;80
2454;80
2455;80
2456;80
2457;80
2458;80
2459;80
2460;80
2461;80
2462;80
2463;80
2464;80
2465;80
2466;80
2467;80
2468;80
2469;80
2470;80
2471;80
2472;80
2473;80
2474;80
2475;80
2476;80
2477;80
2478;80
2479;80
2480;80
2481;80
2482;80
2483;80
2484;80
2485;80
2486;80
2487;80
2488;80
2489;80
2490;80
2491;80
2492;80
2493;80
2494;80
2495;80
2496;80
2497;80
2498;80
2499;80
2500;80
2501;80
2502;80
2503;80
2504;80
2505;80
2506;80
2507;80
2508;80
2509;80
2510;80
2511;80
2512;80
2513;80
2514;80
2515;80
2516;80
2517;80
2518;80
2519;80
2520;80
2521;80
2522;80
2523;80
2524;80
2525;80
2526;80
2527;80
2528;80
2529;80
2530;80
2531;80
2532;80
2533;80
2534;80
2535;80
2536;80
2537;80
2538;80
2539;80
2540;80
2541;80
2542;80
2543;80
2544;80
2545;80
2546;80
2547;80
2548;80
2549;80
2550;80
2551;80
2552;80
2553;80
2554;80
2555;80
2556;80
2557;80
2558;80
2559;80
2560;80
2561;80
2562;80
2563;80
2564;80
2565;80
2566;80
2567;80
2568;80
2569;80
2570;80
2571;80
2572;80
2573;80
2574;80
2575;80
2576;80
2577;80
2578;80
2579;80
2580;80
2581;80
2582;80
2583;80
2584;80
2585;80
2586;80
2587;80
2588;80
2589;80
2590;80
2591;80
2592;80
2593;80
2594;80
2595;80
2596;80
2597;80
2598;80
2599;80
2600;80
2601;80
2602;80
2603;80
2604;80
2605;80
2606;80
2607;80
2608;80
2609;80
2610;80
2611;80
2612;80
2613;80
2614;80
2615;80
2616;80
2617;80
2618;80
2619;80
2620;80
2621;80
2622;80
2623;80
2624;80
2625;80
2626;80
2627;80
2628;80
2629;80
2630;80
2631;80
2632;80
2633;80
2634;80
2635;80
2636;80
2637;80
2638;80
2639;80
2640;80
2641;80
2642;80
2643;80
2644;80
2645;80
2646;80
2647;80
2648;80
2649;80
2650;80
2651;80
2652;80
2653;80
2654;80
2655;80
2656;80
2657;80
2658;80
2659;80
2660;80
2661;80
2662;80
2663;80
2664;80
2665;80
2666;80
2667;80
2668;80
2669;80
2670;80
2671;80
2672;80
2673;80
2674;80
2675;80
2676;80
2677;80
2678;80
2679;80
2680;80
2681;80
2682;80
2683;80
2684;80
2685;80
2686;80
2687;80
2688;80
2689;80
2690;80
2691;80
2692;80
2693;80
2694;80
2695;80
2696;80
2697;80
2698;80
2699;80
2700;80
2701;80
2702;80
2703;80
2704;80
2705;80
2706;80
2707;80
2708;80
2709;80
2710;80
2711;80
2712;80
2713;80
2714;80
2715;80
2716;80
2717;80
2718;80
2719;80
2720;80
2721;80
2722;80
2723;80
2724;80
2725;80
2726;80
2727;80
2728;80
2729;80
2730;80
2731;80
2732;80
2733;80
2734;80
2735;80
2736;80
2737;80
2738;80
2739;80
2740;80
2741;80
2742;80
2743;80
2744;80
2745;80
2746;80
2747;80
2748;80
2749;80
2750;80
2751;80
2752;80
2753;80
2754;80
2755;80
2756;80
2757;80
2758;80
2759;80
2760;80
2761;80
2762;80
2763;80
2764;80
2765;80
2766;80
2767;80
2768;80
2769;80
2770;80
2771;80
2772;80
2773;80
2774;80
2775;80
2776;80
2777;80
2778;80
2779;80
2780;80
2781;80
2782;80
2783;80
2784;80
2785;80
2786;80
2787;80
2788;80
2789;80
2790;80
2791;80
2792;80
2793;80
2794;80
2795;80
2796;80
2797;80
2798;80
2799;80
2800;80
2801;80
2802;80
2803;80
2804;80
2805;80
2806;80
2807;80
2808;80
2809;80
2810;80
2811;80
2812;80
2813;80
2814;80
2815;80
2816;80
2817;80
2818;80
2819;80
2820;80
2821;80
2822;80
2823;80
2824;80
2825;80
2826;80
2827;80
2828;80
2829;80
2830;80
2831;80
2832;80
2833;80
2834;80
2835;80
2836;80
2837;80
2838;80
2839;80
2840;80
2841;80
2842;80
2843;80
2844;80
2845;80
2846;80
2847;80
2848;80
2849;80
2850;80
2851;80
2852;80
2853;80
2854;80
2855;80
2856;80
2857;80
2858;80
2859;80
2860;80
2861;80
2862;80
2863;80
2864;80
2865;80
2866;80
2867;80
2868;80
2869;80
2870;80
2871;80
2872;80
2873;80
2874;80
2875;80
2876;80
2877;80
2878;80
2879;80
2880;80
2881;80
2882;80
2883;80
2884;80
2885;80
2886;80
2887;80
2888;80
2889;80
2890;80
2891;80
2892;80
2893;80
2894;80
2895;80
2896;80
2897;80
2898;80
2899;80
2900;80
2901;80
2902;80
2903;80
2904;80
2905;80
2906;80
2907;80
2908;80
2909;80
2910;80
2911;80
2912;80
2913;80
2914;80
2915;80
2916;80
2917;80
2918;80
2919;80
2920;80
2921;80
2922;80
2923;80
2924;80
2925;80
2926;80
2927;80
2928;80
2929;80
2930;80
2931;80
2932;80
2933;80
2934;80
2935;80
2936;80
2937;80
2938;80
2939;80
2940;80
2941;80
2942;80
2943;80
2944;80
2945;80
2946;80
2947;80
2948;80
2949;80
2950;80
2951;80
2952;80
2953;80
2954;80
2955;80
2956;80
2957;80
2958;80
2959;80
2960;80
2961;80
2962;80
2963;80
2964;80
2965;80
2966;80
2967;80
2968;80
2969;80
2970;80
2971;80
2972;80
2973;80
2974;80
2975;80
2976;80
2977;80
2978;80
2979;80
2980;80
2981;80
2982;80
2983;80
2984;80
2985;80
2986;80
2987;80
2988;80
2989;80
2990;80
2991;80
2992;80
2993;80
2994;80
2995;80
2996;80
2997;80
2998;80
2999;80
3000;80
3001;80
3002;80
3003;80
3004;80
3005;80
3006;80
3007;80
3008;80
3009;80
3010;80
3011;80
3012;80
3013;80
3014;80
3015;80
3016;80
3017;80
3018;80
3019;80
3020;80
3021;80
3022;80
3023;80
3024;80
3025;80
3026;80
3027;80
3028;80
3029;80
3030;80
3031;80
3032;80
3033;80
3034;80
3035;80
3036;80
3037;80
3038;80
3039;80
3040;80
3041;94
3042;94
3043;94
3044;94
3045;94
3046;94
3047;94
3048;94
3049;94
3050;94
3051;94
3052;94
3053;94
3054;94
3055;94
3056;94
3057;94
3058;94
3059;94
3060;94
3061;94
3062;94
3063;94
3064;94
3065;94
3066;94
3067;94
3068;94
3069;94
3070;94
3071;94
3072;94
3073;94
3074;94
3075;94
3076;94
3077;94
3078;94
3079;94
3080;94
3081;94
3082;94
3083;94
3084;94
3085;94
3086;94
3087;94
3088;94
3089;94
3090;94
3091;94
3092;94
3093;94
3094;94
3095;94
3096;94
3097;94
3098;94
3099;94
3100;94
3101;94
3102;94
3103;94
3104;94
3105;94
3106;94
3107;94
3108;94
3109;94
3110;94
3111;94
3112;94
3113;94
3114;94
3115;94
3116;94
3117;94
3118;94
3119;94
3120;94
3121;94
3122;94
3123;94
3124;94
3125;94
3126;94
3127;94
3128;94
3129;94
3130;94
3131;94
3132;94
3133;94
3134;94
3135;94
3136;94
3137;94
3138;94
3139;94
3140;94
3141;94
3142;94
3143;94
3144;94
3145;94
3146;94
3147;94
3148;94
3149;94
3150;94
3151;94
3152;94
3153;94
3154;94
3155;94
3156;94
3157;94
3158;94
3159;94
3160;94
3161;94
3162;94
3163;94
3164;94
3165;94
3166;94
3167;94
3168;94
3169;94
3170;94
3171;94
3172;94
3173;94
3174;94
3175;94
3176;94
3177;94
3178;94
3179;94
3180;94
3181;94
3182;94
3183;94
3184;94
3185;94
3186;94
3187;94
3188;94
3189;94
3190;94
3191;94
3192;94
3193;94
3194;94
3195;94
3196;94
3197;94
3198;94
3199;94
3200;94
3201;94
3202;94
3203;94
3204;94
3205;94
3206;94
3207;94
3208;94
3209;94
3210;94
3211;94
3212;94
3213;94
3214;94
3215;94
3216;94
3217;94
3218;94
3219;94
3220;94
3221;94
3222;94
3223;94
3224;94
3225;94
3226;94
3227;94
3228;94
3229;94
3230;94
3231;94
3232;94
3233;94
3234;94
3235;94
3236;94
3237;94
3238;94
3239;94
3240;94
3241;94
3242;94
3243;94
3244;94
3245;94
3246;94
3247;94
3248;94
3249;94
3250;94
3251;94
3252;94
3253;94
3254;94
3255;94
3256;94
3257;94
3258;94
3259;94
3260;94
3261;94
3262;94
3263;94
3264;94
3265;94
3266;94
3267;94
3268;94
3269;94
3270;94
3271;94
3272;94
3273;94
3274;94
3275;94
3276;94
3277;94
3278;94
3279;94
3280;94
3281;94
3282;94
3283;94
3284;94
3285;94
3286;94
3287;94
3288;94
3289;94
3290;94
3291;94
3292;94
3293;94
3294;94
3295;94
3296;94
3297;94
3298;94
3299;94
3300;94
3301;94
3302;94
3303;94
3304;94
3305;94
3306;94
3307;94
3308;94
3309;94
3310;94
3311;94
3312;94
3313;94
3314;94
3315;94
3316;94
3317;94
3318;94
3319;94
3320;94
3321;94
3322;94
3323;94
3324;94
3325;94
3326;94
3327;94
3328;94
3329;94
3330;94
3331;94
3332;94
3333;94
3334;94
3335;94
3336;94
3337;94
3338;94
3339;94
3340;94
3341;94
3342;94
3343;94
3344;94
3345;94
3346;94
3347;94
3348;94
3349;94
3350;94
3351;94
3352;94
3353;94
3354;94
3355;94
3356;94
3357;94
3358;94
3359;94
3360;94
3361;94
3362;94
3363;94
3364;94
3365;94
3366;94
3367;94
3368;94
3369;94
3370;94
3371;94
3372;94
3373;94
3374;94
3375;94
3376;94
3377;94
3378;94
3379;94
3380;94
3381;94
3382;94
3383;94
3384;94
3385;94
3386;94
3387;94
3388;94
3389;94
3390;94
3391;94
3392;94
3393;94
3394;94
3395;94
3396;94
3397;94
3398;94
3399;94
3400;94
3401;94
3402;94
3403;94
3404;94
3405;94
3406;94
3407;94
3408;94
3409;94
3410;94
3411;94
3412;94
3413;94
3414;94
3415;94
3416;94
3417;94
3418;94
3419;94
3420;94
3421;94
3422;94
3423;94
3424;94
3425;94
3426;94
3427;94
3428;94
3429;94
3430;94
3431;94
3432;94
3433;94
3434;94
3435;94
3436;94
3437;94
3438;94
3439;94
3440;94
3441;94
3442;94
3443;94
3444;94
3445;94
3446;94
3447;94
3448;94
3449;94
3450;94
3451;94
3452;94
3453;94
3454;94
3455;94
3456;94
3457;94
3458;94
3459;94
3460;94
3461;94
3462;94
3463;94
3464;94
3465;94
3466;94
3467;94
3468;94
3469;94
3470;94
3471;94
3472;94
3473;94
3474;94
3475;94
3476;94
3477;94
3478;94
3479;94
3480;94
3481;94
3482;94
3483;94
3484;94
3485;94
3486;94
3487;94
3488;94
3489;94
3490;94
3491;94
3492;94
3493;94
3494;94
3495;94
3496;94
3497;94
3498;94
3499;94
3500;94
3501;94
3502;94
3503;94
3504;94
3505;94
3506;94
3507;94
3508;94
3509;94
3510;94
3511;94
3512;94
3513;94
3514;94
3515;94
3516;94
3517;94
3518;94
3519;94
3520;94
3521;94
3522;94
3523;94
3524;94
3525;94
3526;94
3527;94
3528;94
3529;94
3530;94
3531;94
3532;94
3533;94
3534;94
3535;94
3536;94
3537;94
3538;94
3539;94
3540;94
3541;94
3542;94
3543;94
3544;94
3545;94
3546;94
3547;94
3548;94
3549;94
3550;94
3551;94
3552;94
3553;94
3554;94
3555;94
3556;94
3557;94
3558;94
3559;94
3560;94
3561;94
3562;94
3563;94
3564;94
3565;94
3566;94
3567;94
3568;94
3569;94
3570;94
3571;94
3572;94
3573;94
3574;94
3575;94
3576;94
3577;94
3578;94
3579;94
3580;94
3581;94
3582;94
3583;94
3584;94
3585;94
3586;94
3587;94
3588;94
3589;94
3590;94
3591;94
3592;94
3593;94
3594;94
3595;94
3596;94
3597;94
3598;94
3599;94
3600;94
3601;94
3602;94
3603;94
3604;94
3605;94
3606;94
3607;94
3608;94
3609;94
3610;94
3611;94
3612;94
3613;94
3614;94
3615;94
3616;94
3617;94
3618;94
3619;94
3620;94
3621;94
3622;94
3623;94
3624;94
3625;94
3626;94
3627;94
3628;94
3629;94
3630;94
3631;94
3632;94
3633;94
3634;94
3635;94
3636;94
3637;94
3638;94
3639;94
3640;94
3641;94
3642;94
3643;94
3644;94
3645;94
3646;94
3647;94
3648;94
3649;94
3650;94
3651;94
3652;94
3653;94
3654;94
3655;94
3656;94
3657;94
3658;94
3659;94
3660;94
3661;94
3662;94
3663;94
3664;94
3665;94
3666;94
3667;94
3668;94
3669;94
3670;94
3671;94
3672;94
3673;94
3674;94
3675;94
3676;94
3677;94
3678;94
3679;94
3680;94
3681;94
3682;94
3683;94
3684;94
3685;94
3686;94
3687;94
3688;94
3689;94
3690;94
3691;94
3692;94
3693;94
3694;94
3695;94
3696;94
3697;94
3698;94
3699;94
3700;94
3701;94
3702;94
3703;94
3704;94
3705;94
3706;94
3707;94
3708;94
3709;94
3710;94
3711;94
3712;94
3713;94
3714;94
3715;94
3716;94
3717;94
3718;94
3719;94
3720;94
3721;94
3722;94
3723;94
3724;94
3725;94
3726;94
3727;94
3728;94
3729;94
3730;94
3731;94
3732;94
3733;94
3734;94
3735;94
3736;94
3737;94
3738;94
3739;94
3740;94
3741;94
3742;94
3743;94
3744;94
3745;94
3746;94
3747;94
3748;94
3749;94
3750;94
3751;94
3752;94
3753;94
3754;94
3755;94
3756;94
3757;94
3758;94
3759;94
3760;94
3761;94
3762;94
3763;94
3764;94
3765;94
3766;94
3767;94
3768;94
3769;94
3770;94
3771;94
3772;94
3773;94
3774;94
3775;94
3776;94
3777;94
3778;94
3779;94
3780;94
3781;94
3782;94
3783;94
3784;94
3785;94
3786;94
3787;94
3788;94
3789;94
3790;94
3791;94
3792;94
3793;94
3794;94
3795;94
3796;94
3797;94
3798;94
3799;94
3800;94
3801;94
3802;94
3803;94
3804;94
3805;94
3806;94
3807;94
3808;94
3809;94
3810;94
3811;94
3812;94
3813;94
3814;94
3815;94
3816;94
3817;94
3818;94
3819;94
3820;94
3821;94
3822;94
3823;94
3824;94
3825;94
3826;94
3827;94
3828;94
3829;94
3830;94
3831;94
3832;94
3833;94
3834;94
3835;94
3836;94
3837;94
3838;94
3839;94
3840;94
3841;94
3842;94
3843;94
3844;94
3845;94
3846;94
3847;94
3848;94
3849;94
3850;94
3851;94
3852;94
3853;94
3854;94
3855;94
3856;94
3857;94
3858;94
3859;94
3860;94
3861;94
3862;94
3863;94
3864;94
3865;94
3866;94
3867;94
3868;94
3869;94
3870;94
3871;94
3872;94
3873;94
3874;94
3875;94
3876;94
3877;94
3878;94
3879;94
3880;94
3881;94
3882;94
3883;94
3884;94
3885;94
3886;94
3887;94
3888;94
3889;94
3890;94
3891;94
3892;94
3893;94
3894;94
3895;94
3896;94
3897;94
3898;94
3899;94
3900;94
3901;94
3902;94
3903;94
3904;94
3905;94
3906;94
3907;94
3908;94
3909;94
3910;94
3911;94
3912;94
3913;94
3914;94
3915;94
3916;94
3917;94
3918;94
3919;94
3920;94
3921;94
3922;94
3923;94
3924;94
3925;94
3926;94
3927;94
3928;94
3929;94
3930;94
3931;94
3932;94
3933;94
3934;94
3935;94
3936;94
3937;94
3938;94
3939;94
3940;94
3941;94
3942;94
3943;94
3944;94
3945;94
3946;94
3947;94
3948;94
3949;94
3950;94
3951;94
3952;94
3953;94
3954;94
3955;94
3956;94
3957;94
3958;94
3959;94
3960;94
3961;94
3962;94
3963;94
3964;94
3965;94
3966;94
3967;94
3968;94
3969;94
3970;94
3971;94
3972;94
3973;94
3974;94
3975;94
3976;94
3977;94
3978;94
3979;94
3980;94
3981;94
3982;94
3983;94
3984;94
3985;94
3986;94
3987;94
3988;94
3989;94
3990;94
3991;94
3992;94
3993;94
3994;94
3995;94
3996;94
3997;94
3998;94
3999;94
4000;94
4001;94
4002;94
4003;94
4004;94
4005;94
4006;94
4007;94
4008;94
4009;94
4010;94
4011;94
4012;94
4013;94
4014;94
4015;94
4016;94
4017;94
4018;94
4019;94
4020;94
4021;94
4022;94
4023;94
4024;94
4025;94
4026;94
4027;94
4028;94
4029;94
4030;94
4031;94
4032;94
4033;94
4034;94
4035;94
4036;94
4037;94
4038;94
4039;94
4040;94
4041;94
4042;94
4043;94
4044;94
4045;94
4046;94
4047;94
4048;94
4049;94
4050;94
4051;94
4052;94
4053;94
4054;94
4055;94
4056;94
4057;94
4058;94
4059;94
4060;94
4061;94
4062;94
4063;94
4064;94
4065;94
4066;94
4067;94
4068;94
4069;94
4070;94
4071;94
4072;94
4073;94
4074;94
4075;94
4076;94
4077;94
4078;94
4079;94
4080;94
4081;94
4082;94
4083;94
4084;94
4085;94
4086;94
4087;94
4088;94
4089;94
4090;94
4091;94
4092;94
4093;94
4094;94
4095;94
4096;94
4097;94
4098;94
4099;94
4100;94
4101;94
4102;94
4103;94
4104;94
4105;94
4106;94
4107;94
4108;94
4109;94
4110;94
4111;94
4112;94
4113;94
4114;94
4115;94
4116;94
4117;94
4118;94
4119;94
4120;94
4121;94
4122;94
4123;94
4124;94
4125;94
4126;94
4127;94
4128;94
4129;94
4130;94
4131;94
4132;94
4133;94
4134;94
4135;94
4136;94
4137;94
4138;94
4139;94
4140;94
4141;94
4142;94
4143;94
4144;94
4145;94
4146;94
4147;94
4148;94
4149;94
4150;94
4151;94
4152;94
4153;94
4154;94
4155;94
4156;94
4157;94
4158;94
4159;94
4160;94
4161;94
4162;94
4163;94
4164;94
4165;94
4166;94
4167;94
4168;94
4169;94
4170;94
4171;94
4172;94
4173;94
4174;94
4175;94
4176;94
4177;94
4178;94
4179;94
4180;94
4181;94
4182;94
4183;94
4184;94
4185;94
4186;94
4187;94
4188;94
4189;94
4190;94
4191;94
4192;94
4193;94
4194;94
4195;94
4196;94
4197;94
4198;94
4199;94
4200;94
4201;94
4202;94
4203;94
4204;94
4205;94
4206;94
4207;94
4208;94
4209;94
4210;94
4211;94
4212;94
4213;94
4214;94
4215;94
4216;94
4217;94
4218;94
4219;94
4220;94
4221;94
4222;94
4223;94
4224;94
4225;94
4226;94
4227;94
4228;94
4229;94
4230;94
4231;94
4232;94
4233;94
4234;94
4235;94
4236;94
4237;94
4238;94
4239;94
4240;94
4241;94
4242;94
4243;94
4244;94
4245;94
4246;94
4247;94
4248;94
4249;94
4250;94
4251;94
4252;94
4253;94
4254;94
4255;94
4256;94
4257;94
4258;94
4259;94
4260;94
4261;94
4262;94
4263;94
4264;94
4265;94
4266;94
4267;94
4268;94
4269;94
4270;94
4271;94
4272;94
4273;94
4274;94
4275;94
4276;94
4277;94
4278;94
4279;94
4280;94
4281;94
4282;94
4283;94
4284;94
4285;94
4286;94
4287;94
4288;94
4289;94
4290;94
4291;94
4292;94
4293;94
4294;94
4295;94
4296;94
4297;94
4298;94
4299;94
4300;94
4301;94
4302;94
4303;94
4304;94
4305;94
4306;94
4307;94
4308;94
4309;94
4310;94
4311;94
4312;94
4313;94
4314;94
4315;94
4316;94
4317;94
4318;94
4319;94
4320;94
4321;94
4322;94
4323;94
4324;94
4325;94
4326;94
4327;94
4328;94
4329;94
4330;94
4331;94
4332;94
4333;94
4334;94
4335;94
4336;94
4337;94
4338;94
4339;94
4340;94
4341;94
4342;94
4343;94
4344;94
4345;94
4346;94
4347;94
4348;94
4349;94
4350;94
4351;94
4352;94
4353;94
4354;94
4355;94
4356;94
4357;94
4358;94
4359;94
4360;94
4361;94
4362;94
4363;94
4364;94
4365;94
4366;94
4367;94
4368;94
4369;94
4370;94
4371;94
4372;94
4373;94
4374;94
4375;94
4376;94
4377;94
4378;94
4379;94
4380;94
4381;94
4382;94
4383;94
4384;94
4385;94
4386;94
4387;94
4388;94
4389;94
4390;94
4391;94
4392;94
4393;94
4394;94
4395;94
4396;94
4397;94
4398;94
4399;94
4400;94
4401;94
4402;94
4403;94
4404;94
4405;94
4406;94
4407;94
4408;94
4409;94
4410;94
4411;94
4412;94
4413;94
4414;94
4415;94
4416;94
4417;94
4418;94
4419;94
4420;94
4421;94
4422;94
4423;94
4424;94
4425;94
4426;94
4427;94
4428;94
4429;94
4430;94
4431;94
4432;94
4433;94
4434;94
4435;94
4436;94
4437;94
4438;94
4439;94
4440;94
4441;94
4442;94
4443;94
4444;94
4445;94
4446;94
4447;94
4448;94
4449;94
4450;94
4451;94
4452;94
4453;94
4454;94
4455;94
4456;94
4457;94
4458;94
4459;94
4460;94
4461;94
4462;94
4463;94
4464;94
4465;94
4466;94
4467;94
4468;94
4469;94
4470;94
4471;94
4472;94
4473;94
4474;94
4475;94
4476;94
4477;94
4478;94
4479;94
4480;94
4481;94
4482;94
4483;94
4484;94
4485;94
4486;94
4487;94
4488;94
4489;94
4490;94
4491;94
4492;94
4493;94
4494;94
4495;94
4496;94
4497;94
4498;94
4499;94
4500;94
4501;94
4502;94
4503;94
4504;94
4505;94
4506;94
4507;94
4508;94
4509;94
4510;94
4511;94
4512;94
4513;94
4514;94
4515;94
4516;94
4517;94
4518;94
4519;94
4520;94
4521;94
4522;94
4523;94
4524;94
4525;94
4526;94
4527;94
4528;94
4529;94
4530;94
4531;94
4532;94
4533;94
4534;94
4535;94
4536;94
4537;94
4538;94
4539;94
4540;94
4541;94
4542;94
4543;94
4544;94
4545;94
4546;94
4547;94
4548;94
4549;94
4550;94
4551;94
4552;94
4553;94
4554;94
4555;94
4556;94
4557;94
4558;94
4559;94
4560;94
4561;94
4562;94
4563;94
4564;94
4565;94
4566;94
4567;94
4568;94
4569;94
4570;94
4571;94
4572;94
4573;94
4574;94
4575;94
4576;94
4577;94
4578;94
4579;94
4580;94
4581;94
4582;94
4583;94
4584;94
4585;94
4586;94
4587;94
4588;94
4589;94
4590;94
4591;94
4592;94
4593;94
4594;94
4595;94
4596;94
4597;94
4598;94
4599;94
4600;94
4601;94
4602;94
4603;94
4604;94
4605;94
4606;94
4607;94
4608;94
4609;94
4610;94
4611;94
4612;94
4613;94
4614;94
4615;94
4616;94
4617;94
4618;94
4619;94
4620;94
4621;94
4622;94
4623;94
4624;94
4625;94
4626;94
4627;94
4628;94
4629;94
4630;94
4631;94
4632;94
4633;94
4634;94
4635;94
4636;94
4637;94
4638;94
4639;94
4640;94
4641;94
4642;94
4643;94
4644;94
4645;94
4646;94
4647;94
4648;94
4649;94
4650;94
4651;94
4652;94
4653;94
4654;94
4655;94
4656;94
4657;94
4658;94
4659;94
4660;94
4661;94
4662;94
4663;94
4664;94
4665;94
4666;94
4667;94
4668;94
4669;94
4670;94
4671;94
4672;94
4673;94
4674;94
4675;94
4676;94
4677;94
4678;94
4679;94
4680;94
4681;94
4682;94
4683;94
4684;94
4685;94
4686;94
4687;94
4688;94
4689;94
4690;94
4691;94
4692;94
4693;94
4694;94
4695;94
4696;94
4697;94
4698;94
4699;94
4700;94
4701;94
4702;94
4703;94
4704;94
4705;94
4706;94
4707;94
4708;94
4709;94
4710;94
4711;94
4712;94
4713;94
4714;94
4715;94
4716;94
4717;94
4718;94
4719;94
4720;94
4721;94
4722;94
4723;94
4724;94
4725;94
4726;94
4727;94
4728;94
4729;94
4730;94
4731;94
4732;94
4733;94
4734;94
4735;94
4736;94
4737;94
4738;94
4739;94
4740;94
4741;94
4742;94
4743;94
4744;94
4745;94
4746;94
4747;94
4748;94
4749;94
4750;94
4751;94
4752;94
4753;94
4754;94
4755;94
4756;94
4757;94
4758;94
4759;94
4760;94
4761;94
4762;94
4763;94
4764;94
4765;94
4766;94
4767;94
4768;94
4769;94
4770;94
4771;94
4772;94
4773;94
4774;94
4775;94
4776;94
4777;94
4778;94
4779;94
4780;94
4781;94
4782;94
4783;94
4784;94
4785;94
4786;94
4787;94
4788;94
4789;94
4790;94
4791;94
4792;94
4793;94
4794;94
4795;94
4796;94
4797;94
4798;94
4799;94
4800;94
4801;94
4802;94
4803;94
4804;94
4805;94
4806;94
4807;94
4808;94
4809;94
4810;94
4811;94
4812;94
4813;94
4814;94
4815;94
4816;94
4817;94
4818;94
4819;94
4820;94
4821;94
4822;94
4823;94
4824;94
4825;94
4826;94
4827;94
4828;94
4829;94
4830;94
4831;94
4832;94
4833;94
4834;94
4835;94
4836;94
4837;94
4838;94
4839;94
4840;94
4841;94
4842;94
4843;94
4844;94
4845;94
4846;94
4847;94
4848;94
4849;94
4850;94
4851;94
4852;94
4853;94
4854;94
4855;94
4856;94
4857;94
4858;94
4859;94
4860;94
4861;94
4862;94
4863;94
4864;94
4865;94
4866;94
4867;94
4868;94
4869;94
4870;94
4871;94
4872;94
4873;94
4874;94
4875;94
4876;94
4877;94
4878;94
4879;94
4880;94
4881;94
4882;94
4883;94
4884;94
4885;94
4886;94
4887;94
4888;94
4889;94
4890;94
4891;94
4892;94
4893;94
4894;94
4895;94
4896;94
4897;94
4898;94
4899;94
4900;94
4901;94
4902;94
4903;94
4904;94
4905;94
4906;94
4907;94
4908;94
4909;94
4910;94
4911;94
4912;94
4913;94
4914;94
4915;94
4916;94
4917;94
4918;94
4919;94
4920;94
4921;94
4922;94
4923;94
4924;94
4925;94
4926;94
4927;94
4928;94
4929;94
4930;94
4931;94
4932;94
4933;94
4934;94
4935;94
4936;94
4937;94
4938;94
4939;94
4940;94
4941;94
4942;94
4943;94
4944;94
4945;94
4946;94
4947;94
4948;94
4949;94
4950;94
4951;94
4952;94
4953;94
4954;94
4955;94
4956;94
4957;94
4958;94
4959;94
4960;94
4961;94
4962;94
4963;94
4964;94
4965;94
4966;94
4967;94
4968;94
4969;94
4970;94
4971;94
4972;94
4973;94
4974;94
4975;94
4976;94
4977;94
4978;94
4979;94
4980;94
4981;94
4982;94
4983;94
4984;94
4985;94
4986;94
4987;94
4988;94
4989;94
4990;94
4991;94
4992;94
4993;94
4994;94
4995;94
4996;94
4997;94
4998;94
4999;94
5000;94
5001;94
5002;94
5003;94
5004;94
5005;94
5006;94
5007;94
5008;94
5009;94
5010;94
5011;94
5012;94
5013;94
5014;94
5015;94
5016;94
5017;94
5018;94
5019;94
5020;94
5021;94
5022;94
5023;94
5024;94
5025;94
5026;94
5027;94
5028;94
5029;94
5030;94
5031;94
5032;94
5033;94
5034;94
5035;94
5036;94
5037;94
5038;94
5039;94
5040;94
5041;94
5042;94
5043;94
5044;94
5045;94
5046;94
5047;94
5048;94
5049;94
5050;94
5051;94
5052;94
5053;94
5054;94
5055;94
5056;94
5057;94
5058;94
5059;94
5060;94
5061;94
5062;94
5063;94
5064;94
5065;94
5066;94
5067;94
5068;94
5069;94
5070;94
5071;94
5072;94
5073;94
5074;94
5075;94
5076;94
5077;94
5078;94
5079;94
5080;94
5081;94
5082;94
5083;94
5084;94
5085;94
5086;94
5087;94
5088;94
5089;94
5090;94
5091;94
5092;94
5093;94
5094;94
5095;94
5096;94
5097;94
5098;94
5099;94
5100;94
5101;94
5102;94
5103;94
5104;94
5105;94
5106;94
5107;94
5108;94
5109;94
5110;94
5111;94
5112;94
5113;94
5114;94
5115;94
5116;94
5117;94
5118;94
5119;94
5120;94
5121;94
5122;94
5123;94
5124;94
5125;94
5126;94
5127;94
5128;94
5129;94
5130;94
5131;94
5132;94
5133;94
5134;94
5135;94
5136;94
5137;94
5138;94
5139;94
5140;94
5141;94
5142;94
5143;94
5144;94
5145;94
5146;94
5147;94
5148;94
5149;94
5150;94
5151;94
5152;94
5153;94
5154;94
5155;94
5156;94
5157;94
5158;94
5159;94
5160;94
5161;94
5162;94
5163;94
5164;94
5165;94
5166;94
5167;94
5168;94
5169;94
5170;94
5171;94
5172;94
5173;94
5174;94
5175;94
5176;94
5177;94
5178;94
5179;94
5180;94
5181;94
5182;94
5183;94
5184;94
5185;94
5186;94
5187;94
5188;94
5189;94
5190;94
5191;94
5192;94
5193;94
5194;94
5195;94
5196;94
5197;94
5198;94
5199;94
5200;94
5201;94
5202;94
5203;94
5204;94
5205;94
5206;94
5207;94
5208;94
5209;94
5210;94
5211;94
5212;94
5213;94
5214;94
5215;94
5216;94
5217;94
5218;94
5219;94
5220;94
5221;94
5222;94
5223;94
5224;94
5225;94
5226;94
5227;94
5228;94
5229;94
5230;94
5231;94
5232;94
5233;94
5234;94
5235;94
5236;94
5237;94
5238;94
5239;94
5240;94
5241;94
5242;94
5243;94
5244;94
5245;94
5246;94
5247;94
5248;94
5249;94
5250;94
5251;94
5252;94
5253;94
5254;94
5255;94
5256;94
5257;94
5258;94
5259;94
5260;94
5261;94
5262;94
5263;94
5264;94
5265;94
5266;94
5267;94
5268;94
5269;94
5270;94
5271;94
5272;94
5273;94
5274;94
5275;94
5276;94
5277;94
5278;94
5279;94
5280;94
5281;94
5282;94
5283;94
5284;94
5285;94
5286;94
5287;94
5288;94
5289;94
5290;94
5291;94
5292;94
5293;94
5294;94
5295;94
5296;94
5297;94
5298;94
5299;94
5300;94
5301;94
5302;94
5303;94
5304;94
5305;94
5306;94
5307;94
5308;94
5309;94
5310;94
5311;94
5312;94
5313;94
5314;94
5315;94
5316;94
5317;94
5318;94
5319;94
5320;94
5321;94
5322;94
5323;94
5324;94
5325;94
5326;94
5327;94
5328;94
5329;94
5330;94
5331;94
5332;94
5333;94
5334;94
5335;94
5336;94
5337;94
5338;94
5339;94
5340;94
5341;94
5342;94
5343;94
5344;94
5345;94
5346;94
5347;94
5348;94
5349;94
5350;94
5351;94
5352;94
5353;94
5354;94
5355;94
5356;94
5357;94
5358;94
5359;94
5360;94
5361;94
5362;94
5363;94
5364;94
5365;94
5366;94
5367;94
5368;94
5369;94
5370;94
5371;94
5372;94
5373;94
5374;94
5375;94
5376;94
5377;94
5378;94
5379;94
5380;94
5381;94
5382;94
5383;94
5384;94
5385;94
5386;94
5387;94
5388;94
5389;94
5390;94
5391;94
5392;94
5393;94
5394;94
5395;94
5396;94
5397;94
5398;94
5399;94
5400;94
5401;94
5402;94
5403;94
5404;94
5405;94
5406;94
5407;94
5408;94
5409;94
5410;94
5411;94
5412;94
5413;94
5414;94
5415;94
5416;94
5417;94
5418;94
5419;94
5420;94
5421;94
5422;94
5423;94
5424;94
5425;94
5426;94
5427;94
5428;94
5429;94
5430;94
5431;94
5432;94
5433;94
5434;94
5435;94
5436;94
5437;94
5438;94
5439;94
5440;94
5441;94
5442;94
5443;94
5444;94
5445;94
5446;94
5447;94
5448;94
5449;94
5450;94
5451;94
5452;94
5453;94
5454;94
5455;94
5456;94
5457;94
5458;94
5459;94
5460;94
5461;94
5462;94
5463;94
5464;94
5465;94
5466;94
5467;94
5468;94
5469;94
5470;94
5471;94
5472;94
5473;94
5474;94
5475;94
5476;94
5477;94
5478;94
5479;94
5480;94
5481;94
5482;94
5483;94
5484;94
5485;94
5486;94
5487;94
5488;94
5489;94
5490;94
5491;94
5492;94
5493;94
5494;94
5495;94
5496;94
5497;94
5498;94
5499;94
5500;94
5501;94
5502;94
5503;94
5504;94
5505;94
5506;94
5507;94
5508;94
5509;94
5510;94
5511;94
5512;94
5513;94
5514;94
5515;94
5516;94
5517;94
5518;94
5519;94
5520;94
5521;94
5522;94
5523;94
5524;94
5525;94
5526;94
5527;94
5528;94
5529;94
5530;94
5531;94
5532;94
5533;94
5534;94
5535;94
5536;94
5537;94
5538;94
5539;94
5540;94
5541;94
5542;94
5543;94
5544;94
5545;94
5546;94
5547;94
5548;94
5549;94
5550;94
5551;94
5552;94
5553;94
5554;94
5555;94
5556;94
5557;94
5558;94
5559;94
5560;94
5561;94
5562;94
5563;94
5564;94
5565;94
5566;94
5567;94
5568;94
5569;94
5570;94
5571;94
5572;94
5573;94
5574;94
5575;94
5576;94
5577;94
5578;94
5579;94
5580;94
5581;94
5582;94
5583;94
5584;94
5585;94
5586;94
5587;94
5588;94
5589;94
5590;94
5591;94
5592;94
5593;94
5594;94
5595;94
5596;94
5597;94
5598;94
5599;94
5600;94
5601;94
5602;94
5603;94
5604;94
5605;94
5606;94
5607;94
5608;94
5609;94
5610;94
5611;94
5612;94
5613;94
5614;94
5615;94
5616;94
5617;94
5618;94
5619;94
5620;94
5621;94
5622;94
5623;94
5624;94
5625;94
5626;94
5627;94
5628;94
5629;94
5630;94
5631;94
5632;94
5633;94
5634;94
5635;94
5636;94
5637;94
5638;94
5639;94
5640;94
5641;94
5642;94
5643;94
5644;94
5645;94
5646;94
5647;94
5648;94
5649;94
5650;94
5651;94
5652;94
5653;94
5654;94
5655;94
5656;94
5657;94
5658;94
5659;94
5660;94
5661;94
5662;94
5663;94
5664;94
5665;94
5666;94
5667;94
5668;94
5669;94
5670;94
5671;94
5672;94
5673;94
5674;94
5675;94
5676;94
5677;94
5678;94
5679;94
5680;94
5681;94
5682;94
5683;94
5684;94
5685;94
5686;94
5687;94
5688;94
5689;94
5690;94
5691;94
5692;94
5693;94
5694;94
5695;94
5696;94
5697;94
5698;94
5699;94
5700;94
5701;94
5702;94
5703;94
5704;94
5705;94
5706;94
5707;94
5708;94
5709;94
5710;94
5711;94
5712;94
5713;94
5714;94
5715;94
5716;94
5717;94
5718;94
5719;94
5720;94
5721;94
5722;94
5723;94
5724;94
5725;94
5726;94
5727;94
5728;94
5729;94
5730;94
5731;94
5732;94
5733;94
5734;94
5735;94
5736;94
5737;94
5738;94
5739;94
5740;94
5741;94
5742;94
5743;94
5744;94
5745;94
5746;94
5747;94
5748;94
5749;94
5750;94
5751;94
5752;94
5753;94
5754;94
5755;94
5756;94
5757;94
5758;94
5759;94
5760;94
5761;94
5762;94
5763;94
5764;94
5765;94
5766;94
5767;94
5768;94
5769;94
5770;94
5771;94
5772;94
5773;94
5774;94
5775;94
5776;94
5777;94
5778;94
5779;94
5780;94
5781;94
5782;94
5783;94
5784;94
5785;94
5786;94
5787;94
5788;94
5789;94
5790;94
5791;94
5792;94
5793;94
5794;94
5795;94
5796;94
5797;94
5798;94
5799;94
5800;94
5801;94
5802;94
5803;94
5804;94
5805;94
5806;94
5807;94
5808;94
5809;94
5810;94
5811;94
5812;94
5813;94
5814;94
5815;94
5816;94
5817;94
5818;94
5819;94
5820;94
5821;94
5822;94
5823;94
5824;94
5825;94
5826;94
5827;94
5828;94
5829;94
5830;94
5831;94
5832;94
5833;94
5834;94
5835;94
5836;94
5837;94
5838;94
5839;94
5840;94
5841;94
5842;94
5843;94
5844;94
5845;94
5846;94
5847;94
5848;94
5849;94
5850;94
5851;94
5852;94
5853;94
5854;94
5855;94
5856;94
5857;94
5858;94
5859;94
5860;94
5861;94
5862;94
5863;94
5864;94
5865;94
5866;94
5867;94
5868;94
5869;94
5870;94
5871;94
5872;94
5873;94
5874;94
5875;94
5876;94
5877;94
5878;94
5879;94
5880;94
5881;94
5882;94
5883;94
5884;94
5885;94
5886;94
5887;94
5888;94
5889;94
5890;94
5891;94
5892;94
5893;94
5894;94
5895;94
5896;94
5897;94
5898;94
5899;94
5900;94
5901;94
5902;94
5903;94
5904;94
5905;94
5906;94
5907;94
5908;94
5909;94
5910;94
5911;94
5912;94
5913;94
5914;94
5915;94
5916;94
5917;94
5918;94
5919;94
5920;94
5921;94
5922;94
5923;94
5924;94
5925;94
5926;94
5927;94
5928;94
5929;94
5930;94
5931;94
5932;94
5933;94
5934;94
5935;94
5936;94
5937;94
5938;94
5939;94
5940;94
5941;94
5942;94
5943;94
5944;94
5945;94
5946;94
5947;94
5948;94
5949;94
5950;94
5951;94
5952;94
5953;94
5954;94
5955;94
5956;94
5957;94
5958;94
5959;94
5960;94
5961;94
5962;94
5963;94
5964;94
5965;94
5966;94
5967;94
5968;94
5969;94
5970;94
5971;94
5972;94
5973;94
5974;94
5975;94
5976;94
5977;94
5978;94
5979;94
5980;94
5981;94
5982;94
5983;94
5984;94
5985;94
5986;94
5987;94
5988;94
5989;94
5990;94
5991;94
5992;94
5993;94
5994;94
5995;94
5996;94
5997;94
5998;94
5999;94
6000;94
6001;94
6002;94
6003;94
6004;94
6005;94
6006;94
6007;94
6008;94
6009;94
6010;94
6011;94
6012;94
6013;94
6014;94
6015;94
6016;94
6017;94
6018;94
6019;94
6020;94
6021;94
6022;94
6023;94
6024;94
6025;94
6026;94
6027;94
6028;94
6029;94
6030;94
6031;94
6032;94
6033;94
6034;94
6035;94
6036;94
6037;94
6038;94
6039;94
6040;94
6041;94
6042;94
6043;94
6044;94
6045;94
6046;94
6047;94
6048;94
6049;94
6050;94
6051;94
6052;94
6053;94
6054;94
6055;94
6056;94
6057;94
6058;94
6059;94
6060;94
6061;94
6062;94
6063;94
6064;94
6065;94
6066;94
6067;94
6068;94
6069;94
6070;94
6071;94
6072;94
6073;94
6074;94
6075;94
6076;94
6077;94
6078;94
6079;94
6080;94
6081;94
6082;94
6083;94
6084;94
6085;94
6086;94
6087;94
6088;94
6089;94
6090;94
6091;94
6092;94
6093;94
6094;94
6095;94
6096;94
6097;94
6098;94
6099;94
6100;94
6101;94
6102;94
6103;94
6104;94
6105;94
6106;94
6107;94
6108;94
6109;94
6110;94
6111;94
6112;94
6113;94
6114;94
6115;94
6116;94
6117;94
6118;94
6119;94
6120;94
6121;94
6122;94
6123;94
6124;94
6125;94
6126;94
6127;94
6128;94
6129;94
6130;94
6131;94
6132;94
6133;94
6134;94
6135;94
6136;94
6137;94
6138;94
6139;94
6140;94
6141;94
6142;94
6143;94
6144;94
6145;94
6146;94
6147;94
6148;94
6149;94
6150;94
6151;94
6152;94
6153;94
6154;94
6155;94
6156;94
6157;94
6158;94
6159;94
6160;94
6161;94
6162;94
6163;94
6164;94
6165;94
6166;94
6167;94
6168;94
6169;94
6170;94
6171;94
6172;94
6173;94
6174;94
6175;94
6176;94
6177;94
6178;94
6179;94
6180;94
6181;94
6182;94
6183;94
6184;94
6185;94
6186;94
6187;94
6188;94
6189;94
6190;94
6191;94
6192;94
6193;94
6194;94
6195;94
6196;94
6197;94
6198;94
6199;94
6200;94
6201;94
6202;94
6203;94
6204;94
6205;94
6206;94
6207;94
6208;94
6209;94
6210;94
6211;94
6212;94
6213;94
6214;94
6215;94
6216;94
6217;94
6218;94
6219;94
6220;94
6221;94
6222;94
6223;94
6224;94
6225;94
6226;94
6227;94
6228;94
6229;94
6230;94
6231;94
6232;94
6233;94
6234;94
6235;94
6236;94
6237;94
6238;94
6239;94
6240;94
6241;94
6242;94
6243;94
6244;94
6245;94
6246;94
6247;94
6248;94
6249;94
6250;94
6251;94
6252;94
6253;94
6254;94
6255;94
6256;94
6257;94
6258;94
6259;94
6260;94
6261;94
6262;94
6263;94
6264;94
6265;94
6266;94
6267;94
6268;94
6269;94
6270;94
6271;94
6272;94
6273;94
6274;94
6275;94
6276;94
6277;94
6278;94
6279;94
6280;94
6281;94
6282;94
6283;94
6284;94
6285;94
6286;94
6287;94
6288;94
6289;94
6290;94
6291;94
6292;94
6293;94
6294;94
6295;94
6296;94
6297;94
6298;94
6299;94
6300;94
6301;94
6302;94
6303;94
6304;94
6305;94
6306;94
6307;94
6308;94
6309;94
6310;94
6311;94
6312;94
6313;94
6314;94
6315;94
6316;94
6317;94
6318;94
6319;94
6320;94
6321;94
6322;94
6323;94
6324;94
6325;94
6326;94
6327;94
6328;94
6329;94
6330;94
6331;94
6332;94
6333;94
6334;94
6335;94
6336;94
6337;94
6338;94
6339;94
6340;94
6341;94
6342;94
6343;94
6344;94
6345;94
6346;94
6347;94
6348;94
6349;94
6350;94
6351;94
6352;94
6353;94
6354;94
6355;94
6356;94
6357;94
6358;94
6359;94
6360;94
6361;94
6362;94
6363;94
6364;94
6365;94
6366;94
6367;94
6368;94
6369;94
6370;94
6371;94
6372;94
6373;94
6374;94
6375;94
6376;94
6377;94
6378;94
6379;94
6380;94
6381;94
6382;94
6383;94
6384;94
6385;94
6386;94
6387;94
6388;94
6389;94
6390;94
6391;94
6392;94
6393;94
6394;94
6395;94
6396;94
6397;94
6398;94
6399;94
6400;94
6401;94
6402;94
6403;94
6404;94
6405;94
6406;94
6407;94
6408;94
6409;94
6410;94
6411;94
6412;94
6413;94
6414;94
6415;94
6416;94
6417;94
6418;94
6419;94
6420;94
6421;94
6422;94
6423;94
6424;94
6425;94
6426;94
6427;94
6428;94
6429;94
6430;94
6431;94
6432;94
6433;94
6434;94
6435;94
6436;94
6437;94
6438;94
6439;94
6440;94
6441;94
6442;94
6443;94
6444;94
6445;94
6446;94
6447;94
6448;94
6449;94
6450;94
6451;94
6452;94
6453;94
6454;94
6455;94
6456;94
6457;94
6458;94
6459;94
6460;94
6461;94
6462;94
6463;94
6464;94
6465;94
6466;94
6467;94
6468;94
6469;94
6470;94
6471;94
6472;94
6473;94
6474;94
6475;94
6476;94
6477;94
6478;94
6479;94
6480;94
6481;94
6482;94
6483;94
6484;94
6485;94
6486;94
6487;94
6488;94
6489;94
6490;94
6491;94
6492;94
6493;94
6494;94
6495;94
6496;94
6497;94
6498;94
6499;94
6500;94
6501;94
6502;94
6503;94
6504;94
6505;94
6506;94
6507;94
6508;94
6509;94
6510;94
6511;94
6512;94
6513;94
6514;94
6515;94
6516;94
6517;94
6518;94
6519;94
6520;94
6521;94
6522;94
6523;94
6524;94
6525;94
6526;94
6527;94
6528;94
6529;94
6530;94
6531;94
6532;94
6533;94
6534;94
6535;94
6536;94
6537;94
6538;94
6539;94
6540;94
6541;94
6542;94
6543;94
6544;94
6545;94
6546;94
6547;94
6548;94
6549;94
6550;94
6551;94
6552;94
6553;94
6554;94
6555;94
6556;94
6557;94
6558;94
6559;94
6560;94
6561;94
6562;94
6563;94
6564;94
6565;94
6566;94
6567;94
6568;94
6569;94
6570;94
6571;94
6572;94
6573;94
6574;94
6575;94
6576;94
6577;94
6578;94
6579;94
6580;94
6581;94
6582;94
6583;94
6584;94
6585;94
6586;94
6587;94
6588;94
6589;94
6590;94
6591;94
6592;94
6593;94
6594;94
6595;94
6596;94
6597;94
6598;94
6599;94
6600;94
6601;94
6602;94
6603;94
6604;94
6605;94
6606;94
6607;94
6608;94
6609;94
6610;94
6611;94
6612;94
6613;94
6614;94
6615;94
6616;94
6617;94
6618;94
6619;94
6620;94
6621;94
6622;94
6623;94
6624;94
6625;94
6626;94
6627;94
6628;94
6629;94
6630;94
6631;94
6632;94
6633;94
6634;94
6635;94
6636;94
6637;94
6638;94
6639;94
6640;94
6641;94
6642;94
6643;94
6644;94
6645;94
6646;94
6647;94
6648;94
6649;94
6650;94
6651;94
6652;94
6653;94
6654;94
6655;94
6656;94
6657;94
6658;94
6659;94
6660;94
6661;94
6662;94
6663;94
6664;94
6665;94
6666;94
6667;94
6668;94
6669;94
6670;94
6671;94
6672;94
6673;94
6674;94
6675;94
6676;94
6677;94
6678;94
6679;94
6680;94
6681;94
6682;94
6683;94
6684;94
6685;94
6686;94
6687;94
6688;94
6689;94
6690;94
6691;94
6692;94
6693;94
6694;94
6695;94
6696;94
6697;94
6698;94
6699;94
6700;94
6701;94
6702;94
6703;94
6704;94
6705;94
6706;94
6707;94
6708;94
6709;94
6710;94
6711;94
6712;94
6713;94
6714;94
6715;94
6716;94
6717;94
6718;94
6719;94
6720;94
6721;94
6722;94
6723;94
6724;94
6725;94
6726;94
6727;94
6728;94
6729;94
6730;94
6731;94
6732;94
6733;94
6734;94
6735;94
6736;94
6737;94
6738;94
6739;94
6740;94
6741;94
6742;94
6743;94
6744;94
6745;94
6746;94
6747;94
6748;94
6749;94
6750;94
6751;94
6752;94
6753;94
6754;94
6755;94
6756;94
6757;94
6758;94
6759;94
6760;94
6761;94
6762;94
6763;94
6764;94
6765;94
6766;94
6767;94
6768;94
6769;94
6770;94
6771;94
6772;94
6773;94
6774;94
6775;94
6776;94
6777;94
6778;94
6779;94
6780;94
6781;94
6782;94
6783;94
6784;94
6785;94
6786;94
6787;94
6788;94
6789;94
6790;94
6791;94
6792;94
6793;94
6794;94
6795;94
6796;94
6797;94
6798;94
6799;94
6800;94
6801;94
6802;94
6803;94
6804;94
6805;94
6806;94
6807;94
6808;94
6809;94
6810;94
6811;94
6812;94
6813;94
6814;94
6815;94
6816;94
6817;94
6818;94
6819;94
6820;94
6821;94
6822;94
6823;94
6824;94
6825;94
6826;94
6827;94
6828;94
6829;94
6830;94
6831;94
6832;94
6833;94
6834;94
6835;94
6836;94
6837;94
6838;94
6839;94
6840;94
6841;94
6842;94
6843;94
6844;94
6845;94
6846;94
6847;94
6848;94
6849;94
6850;94
6851;94
6852;94
6853;94
6854;94
6855;94
6856;94
6857;94
6858;94
6859;94
6860;94
6861;94
6862;94
6863;94
6864;94
6865;94
6866;94
6867;94
6868;94
6869;94
6870;94
6871;94
6872;94
6873;94
6874;94
6875;94
6876;94
6877;94
6878;94
6879;94
6880;94
6881;94
6882;94
6883;94
6884;94
6885;94
6886;94
6887;94
6888;94
6889;94
6890;94
6891;94
6892;94
6893;94
6894;94
6895;94
6896;94
6897;94
6898;94
6899;94
6900;94
6901;94
6902;94
6903;94
6904;94
6905;94
6906;94
6907;94
6908;94
6909;94
6910;94
6911;94
6912;94
6913;94
6914;94
6915;94
6916;94
6917;94
6918;94
6919;94
6920;94
6921;94
6922;94
6923;94
6924;94
6925;94
6926;94
6927;94
6928;94
6929;94
6930;94
6931;94
6932;94
6933;94
6934;94
6935;94
6936;94
6937;94
6938;94
6939;94
6940;94
6941;94
6942;94
6943;94
6944;94
6945;94
6946;94
6947;94
6948;94
6949;94
6950;94
6951;94
6952;94
6953;94
6954;94
6955;94
6956;94
6957;94
6958;94
6959;94
6960;94
6961;94
6962;94
6963;94
6964;94
6965;94
6966;94
6967;94
6968;94
6969;94
6970;94
6971;94
6972;94
6973;94
6974;94
6975;94
6976;94
6977;94
6978;94
6979;94
6980;94
6981;94
6982;94
6983;94
6984;94
6985;94
6986;94
6987;94
6988;94
6989;94
6990;94
6991;94
6992;94
6993;94
6994;94
6995;94
6996;94
6997;94
6998;94
6999;94
7000;94
7001;94
7002;94
7003;94
7004;94
7005;94
7006;94
7007;94
7008;94
7009;94
7010;94
7011;94
7012;94
7013;94
7014;94
7015;94
7016;94
7017;94
7018;94
7019;94
7020;94
7021;94
7022;94
7023;94
7024;94
7025;94
7026;94
7027;94
7028;94
7029;94
7030;94
7031;94
7032;94
7033;94
7034;94
7035;94
7036;94
7037;94
7038;94
7039;94
7040;94
7041;94
7042;94
7043;94
7044;94
7045;94
7046;94
7047;94
7048;94
7049;94
7050;94
7051;94
7052;94
7053;94
7054;94
7055;94
7056;94
7057;94
7058;94
7059;94
7060;94
7061;94
7062;94
7063;94
7064;94
7065;94
7066;94
7067;94
7068;94
7069;94
7070;94
7071;94
7072;94
7073;94
7074;94
7075;94
7076;94
7077;94
7078;94
7079;94
7080;94
7081;94
7082;94
7083;94
7084;94
7085;94
7086;94
7087;94
7088;94
7089;94
7090;94
7091;94
7092;94
7093;94
7094;94
7095;94
7096;94
7097;94
7098;94
7099;94
7100;94
7101;94
7102;94
7103;94
7104;94
7105;94
7106;94
7107;94
7108;94
7109;94
7110;94
7111;94
7112;94
7113;94
7114;94
7115;94
7116;94
7117;94
7118;94
7119;94
7120;94
7121;94
7122;94
7123;94
7124;94
7125;94
7126;94
7127;94
7128;94
7129;94
7130;94
7131;94
7132;94
7133;94
7134;94
7135;94
7136;94
7137;94
7138;94
7139;94
7140;94
7141;94
7142;94
7143;94
7144;94
7145;94
7146;94
7147;94
7148;94
7149;94
7150;94
7151;94
7152;94
7153;94
7154;94
7155;94
7156;94
7157;94
7158;94
7159;94
7160;94
7161;94
7162;94
7163;94
7164;94
7165;94
7166;94
7167;94
7168;94
7169;94
7170;94
7171;94
7172;94
7173;94
7174;94
7175;94
7176;94
7177;94
7178;94
7179;94
7180;94
7181;94
7182;94
7183;94
7184;94
7185;94
7186;94
7187;94
7188;94
7189;94
7190;94
7191;94
7192;94
7193;94
7194;94
7195;94
7196;94
7197;94
7198;94
7199;94
7200;94
7201;94
7202;94
7203;94
7204;94
7205;94
7206;94
7207;94
7208;94
7209;94
7210;94
7211;94
7212;94
7213;94
7214;94
7215;94
7216;94
7217;94
7218;94
7219;94
7220;94
7221;94
7222;94
7223;94
7224;94
7225;94
7226;94
7227;94
7228;94
7229;94
7230;94
7231;94
7232;94
7233;94
7234;94
7235;94
7236;94
7237;94
7238;94
7239;94
7240;94
7241;94
7242;94
7243;94
7244;94
7245;94
7246;94
7247;94
7248;94
7249;94
7250;94
7251;94
7252;94
7253;94
7254;94
7255;94
7256;94
7257;94
7258;94
7259;94
7260;94
7261;94
7262;94
7263;94
7264;94
7265;94
7266;94
7267;94
7268;94
7269;94
7270;94
7271;94
7272;94
7273;94
7274;94
7275;94
7276;94
7277;94
7278;94
7279;94
7280;94
7281;94
7282;94
7283;94
7284;94
7285;94
7286;94
7287;94
7288;94
7289;94
7290;94
7291;94
7292;94
7293;94
7294;94
7295;94
7296;94
7297;94
7298;94
7299;94
7300;94
7301;94
7302;94
7303;94
7304;94
7305;94
7306;94
7307;94
7308;94
7309;94
7310;94
7311;94
7312;94
7313;94
7314;94
7315;94
7316;94
7317;94
7318;94
7319;94
7320;94
7321;94
7322;94
7323;94
7324;94
7325;94
7326;94
7327;94
7328;94
7329;94
7330;94
7331;94
7332;94
7333;94
7334;94
7335;94
7336;94
7337;94
7338;94
7339;94
7340;94
7341;94
7342;94
7343;94
7344;94
7345;94
7346;94
7347;94
7348;94
7349;94
7350;94
7351;94
7352;94
7353;94
7354;94
7355;94
7356;94
7357;94
7358;94
7359;94
7360;94
7361;94
7362;94
7363;94
7364;94
7365;94
7366;94
7367;94
7368;94
7369;94
7370;94
7371;94
7372;94
7373;94
7374;94
7375;94
7376;94
7377;94
7378;94
7379;94
7380;94
7381;94
7382;94
7383;94
7384;94
7385;94
7386;94
7387;94
7388;94
7389;94
7390;94
7391;94
7392;94
7393;94
7394;94
7395;94
7396;94
7397;94
7398;94
7399;94
7400;94
7401;94
7402;94
7403;94
7404;94
7405;94
7406;94
7407;94
7408;94
7409;94
7410;94
7411;94
7412;94
7413;94
7414;94
7415;94
7416;94
7417;94
7418;94
7419;94
7420;94
7421;94
7422;94
7423;94
7424;94
7425;94
7426;94
7427;94
7428;94
7429;94
7430;94
7431;94
7432;94
7433;94
7434;94
7435;94
7436;94
7437;94
7438;94
7439;94
7440;94
7441;94
7442;94
7443;94
7444;94
7445;94
7446;94
7447;94
7448;94
7449;94
7450;94
7451;94
7452;94
7453;94
7454;94
7455;94
7456;94
7457;94
7458;94
7459;94
7460;94
7461;94
7462;94
7463;94
7464;94
7465;94
7466;94
7467;94
7468;94
7469;94
7470;94
7471;94
7472;94
7473;94
7474;94
7475;94
7476;94
7477;94
7478;94
7479;94
7480;94
7481;94
7482;94
7483;94
7484;94
7485;94
7486;94
7487;94
7488;94
7489;94
7490;94
7491;94
7492;94
7493;94
7494;94
7495;94
7496;94
7497;94
7498;94
7499;94
7500;94
7501;94
7502;94
7503;94
7504;94
7505;94
7506;94
7507;94
7508;94
7509;94
7510;94
7511;94
7512;94
7513;94
7514;94
7515;94
7516;94
7517;94
7518;94
7519;94
7520;94
7521;94
7522;94
7523;94
7524;94
7525;94
7526;94
7527;94
7528;94
7529;94
7530;94
7531;94
7532;94
7533;94
7534;94
7535;94
7536;94
7537;94
7538;94
7539;94
7540;94
7541;94
7542;94
7543;94
7544;94
7545;94
7546;94
7547;94
7548;94
7549;94
7550;94
7551;94
7552;94
7553;94
7554;94
7555;94
7556;94
7557;94
7558;94
7559;94
7560;94
7561;94
7562;94
7563;94
7564;94
7565;94
7566;94
7567;94
7568;94
7569;94
7570;94
7571;94
7572;94
7573;94
7574;94
7575;94
7576;94
7577;94
7578;94
7579;94
7580;94
7581;94
7582;94
7583;94
7584;94
7585;94
7586;94
7587;94
7588;94
7589;94
7590;94
7591;94
7592;94
7593;94
7594;94
7595;94
7596;94
7597;94
7598;94
7599;94
7600;94
7601;94
7602;94
7603;94
7604;94
7605;94
7606;94
7607;94
7608;94
7609;94
7610;94
7611;94
7612;94
7613;94
7614;94
7615;94
7616;94
7617;94
7618;94
7619;94
7620;94
7621;94
7622;94
7623;94
7624;94
7625;94
7626;94
7627;94
7628;94
7629;94
7630;94
7631;94
7632;94
7633;94
7634;94
7635;94
7636;94
7637;94
7638;94
7639;94
7640;94
7641;94
7642;94
7643;94
7644;94
7645;94
7646;94
7647;94
7648;94
7649;94
7650;94
7651;94
7652;94
7653;94
7654;94
7655;94
7656;94
7657;94
7658;94
7659;94
7660;94
7661;94
7662;94
7663;94
7664;94
7665;94
7666;94
7667;94
7668;94
7669;94
7670;94
7671;94
7672;94
7673;94
7674;94
7675;94
7676;94
7677;94
7678;94
7679;94
7680;94
7681;94
7682;94
7683;94
7684;94
7685;94
7686;94
7687;94
7688;94
7689;94
7690;94
7691;94
7692;94
7693;94
7694;94
7695;94
7696;94
7697;94
7698;94
7699;94
7700;94
7701;94
7702;94
7703;94
7704;94
7705;94
7706;94
7707;94
7708;94
7709;94
7710;94
7711;94
7712;94
7713;94
7714;94
7715;94
7716;94
7717;94
7718;94
7719;94
7720;94
7721;94
7722;94
7723;94
7724;94
7725;94
7726;94
7727;94
7728;94
7729;94
7730;94
7731;94
7732;94
7733;94
7734;94
7735;94
7736;94
7737;94
7738;94
7739;94
7740;94
7741;94
7742;94
7743;94
7744;94
7745;94
7746;94
7747;94
7748;94
7749;94
7750;94
7751;94
7752;94
7753;94
7754;94
7755;94
7756;94
7757;94
7758;94
7759;94
7760;94
7761;94
7762;94
7763;94
7764;94
7765;94
7766;94
7767;94
7768;94
7769;94
7770;94
7771;94
7772;94
7773;94
7774;94
7775;94
7776;94
7777;94
7778;94
7779;94
7780;94
7781;94
7782;94
7783;94
7784;94
7785;94
7786;94
7787;94
7788;94
7789;94
7790;94
7791;94
7792;94
7793;94
7794;94
7795;94
7796;94
7797;94
7798;94
7799;94
7800;94
7801;94
7802;94
7803;94
7804;94
7805;94
7806;94
7807;94
7808;94
7809;94
7810;94
7811;94
7812;94
7813;94
7814;94
7815;94
7816;94
7817;94
7818;94
7819;94
7820;94
7821;94
7822;94
7823;94
7824;94
7825;94
7826;94
7827;94
7828;94
7829;94
7830;94
7831;94
7832;94
7833;94
7834;94
7835;94
7836;94
7837;94
7838;94
7839;94
7840;94
7841;94
7842;94
7843;94
7844;94
7845;94
7846;94
7847;94
7848;94
7849;94
7850;94
7851;94
7852;94
7853;94
7854;94
7855;94
7856;94
7857;94
7858;94
7859;94
7860;94
7861;94
7862;94
7863;94
7864;94
7865;94
7866;94
7867;94
7868;94
7869;94
7870;94
7871;94
7872;94
7873;94
7874;94
7875;94
7876;94
7877;94
7878;94
7879;94
7880;94
7881;94
7882;94
7883;94
7884;94
7885;94
7886;94
7887;94
7888;94
7889;94
7890;94
7891;94
7892;94
7893;94
7894;94
7895;94
7896;94
7897;94
7898;94
7899;94
7900;94
7901;94
7902;94
7903;94
7904;94
7905;94
7906;94
7907;94
7908;94
7909;94
7910;94
7911;94
7912;94
7913;94
7914;94
7915;94
7916;94
7917;94
7918;94
7919;94
7920;94
7921;94
7922;94
7923;94
7924;94
7925;94
7926;94
7927;94
7928;94
7929;94
7930;94
7931;94
7932;94
7933;94
7934;94
7935;94
7936;94
7937;94
7938;94
7939;94
7940;94
7941;94
7942;94
7943;94
7944;94
7945;94
7946;94
7947;94
7948;94
7949;94
7950;94
7951;94
7952;94
7953;94
7954;94
7955;94
7956;94
7957;94
7958;94
7959;94
7960;94
7961;94
7962;94
7963;94
7964;94
7965;94
7966;94
7967;94
7968;94
7969;94
7970;94
7971;94
7972;94
7973;94
7974;94
7975;94
7976;94
7977;94
7978;94
7979;94
7980;94
7981;94
7982;94
7983;94
7984;94
7985;94
7986;94
7987;94
7988;94
7989;94
7990;94
7991;94
7992;94
7993;94
7994;94
7995;94
7996;94
7997;94
7998;94
7999;94
8000;94
8001;94
8002;94
8003;94
8004;94
8005;94
8006;94
8007;94
8008;94
8009;94
8010;94
8011;94
8012;94
8013;94
8014;94
8015;94
8016;94
8017;94
8018;94
8019;94
8020;94
8021;94
8022;94
8023;94
8024;94
8025;94
8026;94
8027;94
8028;94
8029;94
8030;94
8031;94
8032;94
8033;94
8034;94
8035;94
8036;94
8037;94
8038;94
8039;94
8040;94
8041;94
8042;94
8043;94
8044;94
8045;94
8046;94
8047;94
8048;94
8049;94
8050;94
8051;94
8052;94
8053;94
8054;94
8055;94
8056;94
8057;94
8058;94
8059;94
8060;94
8061;94
8062;94
8063;94
8064;94
8065;94
8066;94
8067;94
8068;94
8069;94
8070;94
8071;94
8072;94
8073;94
8074;94
8075;94
8076;94
8077;94
8078;94
8079;94
8080;94
8081;94
8082;94
8083;94
8084;94
8085;94
8086;94
8087;94
8088;94
8089;94
8090;94
8091;94
8092;94
8093;94
8094;94
8095;94
8096;94
8097;94
8098;94
8099;94
8100;94
8101;94
8102;94
8103;94
8104;94
8105;94
8106;94
8107;94
8108;94
8109;94
8110;94
8111;94
8112;94
8113;94
8114;94
8115;94
8116;94
8117;94
8118;94
8119;94
8120;94
8121;94
8122;94
8123;94
8124;94
8125;94
8126;94
8127;94
8128;94
8129;94
8130;94
8131;94
8132;94
8133;94
8134;94
8135;94
8136;94
8137;94
8138;94
8139;94
8140;94
8141;94
8142;94
8143;94
8144;94
8145;94
8146;94
8147;94
8148;94
8149;94
8150;94
8151;94
8152;94
8153;94
8154;94
8155;94
8156;94
8157;94
8158;94
8159;94
8160;94
8161;94
8162;94
8163;94
8164;94
8165;94
8166;94
8167;94
8168;94
8169;94
8170;94
8171;94
8172;94
8173;94
8174;94
8175;94
8176;94
8177;94
8178;94
8179;94
8180;94
8181;94
8182;94
8183;94
8184;94
8185;94
8186;94
8187;94
8188;94
8189;94
8190;94
8191;94
8192;94
8193;94
8194;94
8195;94
8196;94
8197;94
8198;94
8199;94
8200;94
8201;94
8202;94
8203;94
8204;94
8205;94
8206;94
8207;94
8208;94
8209;94
8210;94
8211;94
8212;94
8213;94
8214;94
8215;94
8216;94
8217;94
8218;94
8219;94
8220;94
8221;94
8222;94
8223;94
8224;94
8225;94
8226;94
8227;94
8228;94
8229;94
8230;94
8231;94
8232;94
8233;94
8234;94
8235;94
8236;94
8237;94
8238;94
8239;94
8240;94
8241;94
8242;94
8243;94
8244;94
8245;94
8246;94
8247;94
8248;94
8249;94
8250;94
8251;94
8252;94
8253;94
8254;94
8255;94
8256;94
8257;94
8258;94
8259;94
8260;94
8261;94
8262;94
8263;94
8264;94
8265;94
8266;94
8267;94
8268;94
8269;94
8270;94
8271;94
8272;94
8273;94
8274;94
8275;94
8276;94
8277;94
8278;94
8279;94
8280;94
8281;94
8282;94
8283;94
8284;94
8285;94
8286;94
8287;94
8288;94
8289;94
8290;94
8291;94
8292;94
8293;94
8294;94
8295;94
8296;94
8297;94
8298;94
8299;94
8300;94
8301;94
8302;94
8303;94
8304;94
8305;94
8306;94
8307;94
8308;94
8309;94
8310;94
8311;94
8312;94
8313;94
8314;94
8315;94
8316;94
8317;94
8318;94
8319;94
8320;94
8321;94
8322;94
8323;94
8324;94
8325;94
8326;94
8327;94
8328;94
8329;94
8330;94
8331;94
8332;94
8333;94
8334;94
8335;94
8336;94
8337;94
8338;94
8339;94
8340;94
8341;94
8342;94
8343;94
8344;94
8345;94
8346;94
8347;94
8348;94
8349;94
8350;94
8351;94
8352;94
8353;94
8354;94
8355;94
8356;94
8357;94
8358;94
8359;94
8360;94
8361;94
8362;94
8363;94
8364;94
8365;94
8366;94
8367;94
8368;94
8369;94
8370;94
8371;94
8372;94
8373;94
8374;94
8375;94
8376;94
8377;94
8378;94
8379;94
8380;94
8381;94
8382;94
8383;94
8384;94
8385;94
8386;94
8387;94
8388;94
8389;94
8390;94
8391;94
8392;94
8393;94
8394;94
8395;94
8396;94
8397;94
8398;94
8399;94
8400;94
8401;94
8402;94
8403;94
8404;94
8405;94
8406;94
8407;94
8408;94
8409;94
8410;94
8411;94
8412;94
8413;94
8414;94
8415;94
8416;94
8417;94
8418;94
8419;94
8420;94
8421;94
8422;94
8423;94
8424;94
8425;94
8426;94
8427;94
8428;94
8429;94
8430;94
8431;94
8432;94
8433;94
8434;94
8435;94
8436;94
8437;94
8438;94
8439;94
8440;94
8441;94
8442;94
8443;94
8444;94
8445;94
8446;94
8447;94
8448;94
8449;94
8450;94
8451;94
8452;94
8453;94
8454;94
8455;94
8456;94
8457;94
8458;94
8459;94
8460;94
8461;94
8462;94
8463;94
8464;94
8465;94
8466;94
8467;94
8468;94
8469;94
8470;94
8471;94
8472;94
8473;94
8474;94
8475;94
8476;94
8477;94
8478;94
8479;94
8480;94
8481;94
8482;94
8483;94
8484;94
8485;94
8486;94
8487;94
8488;94
8489;94
8490;94
8491;94
8492;94
8493;94
8494;94
8495;94
8496;94
8497;94
8498;94
8499;94
8500;94
8501;94
8502;94
8503;94
8504;94
8505;94
8506;94
8507;94
8508;94
8509;94
8510;94
8511;94
8512;94
8513;94
8514;94
8515;94
8516;94
8517;94
8518;94
8519;94
8520;94
8521;94
8522;94
8523;94
8524;94
8525;94
8526;94
8527;94
8528;94
8529;94
8530;94
8531;94
8532;94
8533;94
8534;94
8535;94
8536;94
8537;94
8538;94
8539;94
8540;94
8541;94
8542;94
8543;94
8544;94
8545;94
8546;94
8547;94
8548;94
8549;94
8550;94
8551;94
8552;94
8553;94
8554;94
8555;94
8556;94
8557;94
8558;94
8559;94
8560;94
8561;94
8562;94
8563;94
8564;94
8565;94
8566;94
8567;94
8568;94
8569;94
8570;94
8571;94
8572;94
8573;94
8574;94
8575;94
8576;94
8577;94
8578;94
8579;94
8580;94
8581;94
8582;94
8583;94
8584;94
8585;94
8586;94
8587;94
8588;94
8589;94
8590;94
8591;94
8592;94
8593;94
8594;94
8595;94
8596;94
8597;94
8598;94
8599;94
8600;94
8601;94
8602;94
8603;94
8604;94
8605;94
8606;94
8607;94
8608;94
8609;94
8610;94
8611;94
8612;94
8613;94
8614;94
8615;94
8616;94
8617;94
8618;94
8619;94
8620;94
8621;94
8622;94
8623;94
8624;94
8625;94
8626;94
8627;94
8628;94
8629;94
8630;94
8631;94
8632;94
8633;94
8634;94
8635;94
8636;94
8637;94
8638;94
8639;94
8640;94
8641;94
8642;94
8643;94
8644;94
8645;94
8646;94
8647;94
8648;94
8649;94
8650;94
8651;94
8652;94
8653;94
8654;94
8655;94
8656;94
8657;94
8658;94
8659;94
8660;94
8661;94
8662;94
8663;94
8664;94
8665;94
8666;94
8667;94
8668;94
8669;94
8670;94
8671;94
8672;94
8673;94
8674;94
8675;94
8676;94
8677;94
8678;94
8679;94
8680;94
8681;94
8682;94
8683;94
8684;94
8685;94
8686;94
8687;94
8688;94
8689;94
8690;94
8691;94
8692;94
8693;94
8694;94
8695;94
8696;94
8697;94
8698;94
8699;94
8700;94
8701;94
8702;94
8703;94
8704;94
8705;94
8706;94
8707;94
8708;94
8709;94
8710;94
8711;94
8712;94
8713;94
8714;94
8715;94
8716;94
8717;94
8718;94
8719;94
8720;94
8721;94
8722;94
8723;94
8724;94
8725;94
8726;94
8727;94
8728;94
8729;94
8730;94
8731;94
8732;94
8733;94
8734;94
8735;94
8736;94
8737;94
8738;94
8739;94
8740;94
8741;94
8742;94
8743;94
8744;94
8745;94
8746;94
8747;94
8748;94
8749;94
8750;94
8751;94
8752;94
8753;94
8754;94
8755;94
8756;94
8757;94
8758;94
8759;94
8760;94
8761;94
8762;94
8763;94
8764;94
8765;94
8766;94
8767;94
8768;94
8769;94
8770;94
8771;94
8772;94
8773;94
8774;94
8775;94
8776;94
8777;94
8778;94
8779;94
8780;94
8781;94
8782;94
8783;94
8784;94
8785;94
8786;94
8787;94
8788;94
8789;94
8790;94
8791;94
8792;94
8793;94
8794;94
8795;94
8796;94
8797;94
8798;94
8799;94
8800;94
8801;94
8802;94
8803;94
8804;94
8805;94
8806;94
8807;94
8808;94
8809;94
8810;94
8811;94
8812;94
8813;94
8814;94
8815;94
8816;94
8817;94
8818;94
8819;94
8820;94
8821;94
8822;94
8823;94
8824;94
8825;94
8826;94
8827;94
8828;94
8829;94
8830;94
8831;94
8832;94
8833;94
8834;94
8835;94
8836;94
8837;94
8838;94
8839;94
8840;94
8841;94
8842;94
8843;94
8844;94
8845;94
8846;94
8847;94
8848;94
8849;94
8850;94
8851;94
8852;94
8853;94
8854;94
8855;94
8856;94
8857;94
8858;94
8859;94
8860;94
8861;94
8862;94
8863;94
8864;94
8865;94
8866;94
8867;94
8868;94
8869;94
8870;94
8871;94
8872;94
8873;94
8874;94
8875;94
8876;94
8877;94
8878;94
8879;94
8880;94
8881;94
8882;94
8883;94
8884;94
8885;94
8886;94
8887;94
8888;94
8889;94
8890;94
8891;94
8892;94
8893;94
8894;94
8895;94
8896;94
8897;94
8898;94
8899;94
8900;94
8901;94
8902;94
8903;94
8904;94
8905;94
8906;94
8907;94
8908;94
8909;94
8910;94
8911;94
8912;94
8913;94
8914;94
8915;94
8916;94
8917;94
8918;94
8919;94
8920;94
8921;94
8922;94
8923;94
8924;94
8925;94
8926;94
8927;94
8928;94
8929;94
8930;94
8931;94
8932;94
8933;94
8934;94
8935;94
8936;94
8937;94
8938;94
8939;94
8940;94
8941;94
8942;94
8943;94
8944;94
8945;94
8946;94
8947;94
8948;94
8949;94
8950;94
8951;94
8952;94
8953;94
8954;94
8955;94
8956;94
8957;94
8958;94
8959;94
8960;94
8961;94
8962;94
8963;94
8964;94
8965;94
8966;94
8967;94
8968;94
8969;94
8970;94
8971;94
8972;94
8973;94
8974;94
8975;94
8976;94
8977;94
8978;94
8979;94
8980;94
8981;94
8982;94
8983;94
8984;94
8985;94
8986;94
8987;94
8988;94
8989;94
8990;94
8991;94
8992;94
8993;94
8994;94
8995;94
8996;94
8997;94
8998;94
8999;94
9000;94
9001;94
9002;94
9003;94
9004;94
9005;94
9006;94
9007;94
9008;94
9009;94
9010;94
9011;94
9012;94
9013;94
9014;94
9015;94
9016;94
9017;94
9018;94
9019;94
9020;94
9021;94
9022;94
9023;94
9024;94
9025;94
9026;94
9027;94
9028;94
9029;94
9030;94
9031;94
9032;94
9033;94
9034;94
9035;94
9036;94
9037;94
9038;94
9039;94
9040;94
9041;94
9042;94
9043;94
9044;94
9045;94
9046;94
9047;94
9048;94
9049;94
9050;94
9051;94
9052;94
9053;94
9054;94
9055;94
9056;94
9057;94
9058;94
9059;94
9060;94
9061;94
9062;94
9063;94
9064;94
9065;94
9066;94
9067;94
9068;94
9069;94
9070;94
9071;94
9072;94
9073;94
9074;94
9075;94
9076;94
9077;94
9078;94
9079;94
9080;94
9081;94
9082;94
9083;94
9084;94
9085;94
9086;94
9087;94
9088;94
9089;94
9090;94
9091;94
9092;94
9093;94
9094;94
9095;94
9096;94
9097;94
9098;94
9099;94
9100;94
9101;94
9102;94
9103;94
9104;94
9105;94
9106;94
9107;94
9108;94
9109;94
9110;94
9111;94
9112;94
9113;94
9114;94
9115;94
9116;94
9117;94
9118;94
9119;94
9120;94
9121;94
9122;94
9123;94
9124;94
9125;94
9126;94
9127;94
9128;94
9129;94
9130;94
9131;94
9132;94
9133;94
9134;94
9135;94
9136;94
9137;94
9138;94
9139;94
9140;94
9141;94
9142;94
9143;94
9144;94
9145;94
9146;94
9147;94
9148;94
9149;94
9150;94
9151;94
9152;94
9153;94
9154;94
9155;94
9156;94
9157;94
9158;94
9159;94
9160;94
9161;94
9162;94
9163;94
9164;94
9165;94
9166;94
9167;94
9168;94
9169;94
9170;94
9171;94
9172;94
9173;94
9174;94
9175;94
9176;94
9177;94
9178;94
9179;94
9180;94
9181;94
9182;94
9183;94
9184;94
9185;94
9186;94
9187;94
9188;94
9189;94
9190;94
9191;94
9192;94
9193;94
9194;94
9195;94
9196;94
9197;94
9198;94
9199;94
9200;94
9201;94
9202;94
9203;94
9204;94
9205;94
9206;94
9207;94
9208;94
9209;94
9210;94
9211;94
9212;94
9213;94
9214;94
9215;94
9216;94
9217;94
9218;94
9219;94
9220;94
9221;94
9222;94
9223;94
9224;94
9225;94
9226;94
9227;94
9228;94
9229;94
9230;94
9231;94
9232;94
9233;94
9234;94
9235;94
9236;94
9237;94
9238;94
9239;94
9240;94
9241;94
9242;94
9243;94
9244;94
9245;94
9246;94
9247;94
9248;94
9249;94
9250;94
9251;94
9252;94
9253;94
9254;94
9255;94
9256;94
9257;94
9258;94
9259;94
9260;94
9261;94
9262;94
9263;94
9264;94
9265;94
9266;94
9267;94
9268;94
9269;94
9270;94
9271;94
9272;94
9273;94
9274;94
9275;94
9276;94
9277;94
9278;94
9279;94
9280;94
9281;94
9282;94
9283;94
9284;94
9285;94
9286;94
9287;94
9288;94
9289;94
9290;94
9291;94
9292;94
9293;94
9294;94
9295;94
9296;94
9297;94
9298;94
9299;94
9300;94
9301;94
9302;94
9303;94
9304;94
9305;94
9306;94
9307;94
9308;94
9309;94
9310;94
9311;94
9312;94
9313;94
9314;94
9315;94
9316;94
9317;94
9318;94
9319;94
9320;94
9321;94
9322;94
9323;94
9324;94
9325;94
9326;94
9327;94
9328;94
9329;94
9330;94
9331;94
9332;94
9333;94
9334;94
9335;94
9336;94
9337;94
9338;94
9339;94
9340;94
9341;94
9342;94
9343;94
9344;94
9345;94
9346;94
9347;94
9348;94
9349;94
9350;94
9351;94
9352;94
9353;94
9354;94
9355;94
9356;94
9357;94
9358;94
9359;94
9360;94
9361;94
9362;94
9363;94
9364;94
9365;94
9366;94
9367;94
9368;94
9369;94
9370;94
9371;94
9372;94
9373;94
9374;94
9375;94
9376;94
9377;94
9378;94
9379;94
9380;94
9381;94
9382;94
9383;94
9384;94
9385;94
9386;94
9387;94
9388;94
9389;94
9390;94
9391;94
9392;94
9393;94
9394;94
9395;94
9396;94
9397;94
9398;94
9399;94
9400;94
9401;94
9402;94
9403;94
9404;94
9405;94
9406;94
9407;94
9408;94
9409;94
9410;94
9411;94
9412;94
9413;94
9414;94
9415;94
9416;94
9417;94
9418;94
9419;94
9420;94
9421;94
9422;94
9423;94
9424;94
9425;94
9426;94
9427;94
9428;94
9429;94
9430;94
9431;94
9432;94
9433;94
9434;94
9435;94
9436;94
9437;94
9438;94
9439;94
9440;94
9441;94
9442;94
9443;94
9444;94
9445;94
9446;94
9447;94
9448;94
9449;94
9450;94
9451;94
9452;94
9453;94
9454;94
9455;94
9456;94
9457;94
9458;94
9459;94
9460;94
9461;94
9462;94
9463;94
9464;94
9465;94
9466;94
9467;94
9468;94
9469;94
9470;94
9471;94
9472;94
9473;94
9474;94
9475;94
9476;94
9477;94
9478;94
9479;94
9480;94
9481;94
9482;94
9483;94
9484;94
9485;94
9486;94
9487;94
9488;94
9489;94
9490;94
9491;94
9492;94
9493;94
9494;94
9495;94
9496;94
9497;94
9498;94
9499;94
9500;94
9501;94
9502;94
9503;94
9504;94
9505;94
9506;94
9507;94
9508;94
9509;94
9510;94
9511;94
9512;94
9513;94
9514;94
9515;94
9516;94
9517;94
9518;94
9519;94
9520;94
9521;94
9522;94
9523;94
9524;94
9525;94
9526;94
9527;94
9528;94
9529;94
9530;94
9531;94
9532;94
9533;94
9534;94
9535;94
9536;94
9537;94
9538;94
9539;94
9540;94
9541;94
9542;94
9543;94
9544;94
9545;94
9546;94
9547;94
9548;94
9549;94
9550;94
9551;94
9552;94
9553;94
9554;94
9555;94
9556;94
9557;94
9558;94
9559;94
9560;94
9561;94
9562;94
9563;94
9564;94
9565;94
9566;94
9567;94
9568;94
9569;94
9570;94
9571;94
9572;94
9573;94
9574;94
9575;94
9576;94
9577;94
9578;94
9579;94
9580;94
9581;94
9582;94
9583;94
9584;94
9585;94
9586;94
9587;94
9588;94
9589;94
9590;94
9591;94
9592;94
9593;94
9594;94
9595;94
9596;94
9597;94
9598;94
9599;94
9600;94
9601;94
9602;94
9603;94
9604;94
9605;94
9606;94
9607;94
9608;94
9609;94
9610;94
9611;94
9612;94
9613;94
9614;94
9615;94
9616;94
9617;94
9618;94
9619;94
9620;94
9621;94
9622;94
9623;94
9624;94
9625;94
9626;94
9627;94
9628;94
9629;94
9630;94
9631;94
9632;94
9633;94
9634;94
9635;94
9636;94
9637;94
9638;94
9639;94
9640;94
9641;94
9642;94
9643;94
9644;94
9645;94
9646;94
9647;94
9648;94
9649;94
9650;94
9651;94
9652;94
9653;94
9654;94
9655;94
9656;94
9657;94
9658;94
9659;94
9660;94
9661;94
9662;94
9663;94
9664;94
9665;94
9666;94
9667;94
9668;94
9669;94
9670;94
9671;94
9672;94
9673;94
9674;94
9675;94
9676;94
9677;94
9678;94
9679;94
9680;94
9681;94
9682;94
9683;94
9684;94
9685;94
9686;94
9687;94
9688;94
9689;94
9690;94
9691;94
9692;94
9693;94
9694;94
9695;94
9696;94
9697;94
9698;94
9699;94
9700;94
9701;94
9702;94
9703;94
9704;94
9705;94
9706;94
9707;94
9708;94
9709;94
9710;94
9711;94
9712;94
9713;94
9714;94
9715;94
9716;94
9717;94
9718;94
9719;94
9720;94
9721;94
9722;94
9723;94
9724;94
9725;94
9726;94
9727;94
9728;94
9729;94
9730;94
9731;94
9732;94
9733;94
9734;94
9735;94
9736;94
9737;94
9738;94
9739;94
9740;94
9741;94
9742;94
9743;94
9744;94
9745;94
9746;94
9747;94
9748;94
9749;94
9750;94
9751;94
9752;94
9753;94
9754;94
9755;94
9756;94
9757;94
9758;94
9759;94
9760;94
9761;94
9762;94
9763;94
9764;94
9765;94
9766;94
9767;94
9768;94
9769;94
9770;94
9771;94
9772;94
9773;94
9774;94
9775;94
9776;94
9777;94
9778;94
9779;94
9780;94
9781;94
9782;94
9783;94
9784;94
9785;94
9786;94
9787;94
9788;94
9789;94
9790;94
9791;94
9792;94
9793;94
9794;94
9795;94
9796;94
9797;94
9798;94
9799;94
9800;94
9801;94
9802;94
9803;94
9804;94
9805;94
9806;94
9807;94
9808;94
9809;94
9810;94
9811;94
9812;94
9813;94
9814;94
9815;94
9816;94
9817;94
9818;94
9819;94
9820;94
9821;94
9822;94
9823;94
9824;94
9825;94
9826;94
9827;94
9828;94
9829;94
9830;94
9831;94
9832;94
9833;94
9834;94
9835;94
9836;94
9837;94
9838;94
9839;94
9840;94
9841;94
9842;94
9843;94
9844;94
9845;94
9846;94
9847;94
9848;94
9849;94
9850;94
9851;94
9852;94
9853;94
9854;94
9855;94
9856;94
9857;94
9858;94
9859;94
9860;94
9861;94
9862;94
9863;94
9864;94
9865;94
9866;94
9867;94
9868;94
9869;94
9870;94
9871;94
9872;94
9873;94
9874;94
9875;94
9876;94
9877;94
9878;94
9879;94
9880;94
9881;94
9882;94
9883;94
9884;94
9885;94
9886;94
9887;94
9888;94
9889;94
9890;94
9891;94
9892;94
9893;94
9894;94
9895;94
9896;94
9897;94
9898;94
9899;94
9900;94
9901;94
9902;94
9903;94
9904;94
9905;94
9906;94
9907;94
9908;94
9909;94
9910;94
9911;94
9912;94
9913;94
9914;94
9915;94
9916;94
9917;94
9918;94
9919;94
9920;94
9921;94
9922;94
9923;94
9924;94
9925;94
9926;94
9927;94
9928;94
9929;94
9930;94
9931;94
9932;94
9933;94
9934;94
9935;94
9936;94
9937;94
9938;94
9939;94
9940;94
9941;94
9942;94
9943;94
9944;94
9945;94
9946;94
9947;94
9948;94
9949;94
9950;94
9951;94
9952;94
9953;94
9954;94
9955;94
9956;94
9957;94
9958;94
9959;94
9960;94
9961;94
9962;94
9963;94
9964;94
9965;94
9966;94
9967;94
9968;94
9969;94
9970;94
9971;94
9972;94
9973;94
9974;94
9975;94
9976;94
9977;94
9978;94
9979;94
9980;94
9981;94
9982;94
9983;94
9984;94
9985;94
9986;94
9987;94
9988;94
9989;94
9990;94
9991;94
9992;94
9993;94
9994;94
9995;94
9996;94
9997;94
9998;94
9999;94