0;17
1;17
2;17
3;17
4;17
5;17
6;42
7;42
8;42
9;42
10;42
11;42
12;42
13;42
14;42
15;42
16;42
17;42
18;42
19;42
20;42
21;42
22;42
23;42
24;77
25;77
26;77
27;77
28;77
29;77
30;77
31;77
32;77
33;77
34;77
35;77
36;77
37;77
38;77
39;77
40;77
41;77
42;77
43;77
44;77
45;77
46;77
47;77
48;77
49;77
50;77
51;77
52;77
53;77
54;77
55;77
56;77
57;77
58;77
59;77
60;77
61;77
62;77
63;77
64;77
65;77
66;77
67;77
68;77
69;77
70;77
71;77
72;77
73;77
74;77
75;77
76;77
77;77
78;77
79;77
80;77
81;77
82;77
83;77
84;77
85;77
86;77
87;77
88;77
89;77
90;77
91;77
92;77
93;77
94;77
95;77
96;77
97;77
98;77
99;77
100;77
101;77
102;77
103;77
104;77
105;77
106;77
107;77
108;77
109;77
110;77
111;77
112;77
113;77
114;77
115;77
116;77
117;77
118;77
119;77
120;77
121;77
122;77
123;77
124;77
125;77
126;77
127;77
128;77
129;77
130;77
131;77
132;77
133;77
134;77
135;77
136;77
137;77
138;77
139;77
140;77
141;77
142;77
143;77
144;77
145;77
146;77
147;77
148;77
149;77
150;77
151;77
152;77
153;77
154;77
155;77
156;77
157;77
158;77
159;77
160;77
161;77
162;77
163;77
164;77
165;77
166;77
167;77
168;77
169;77
170;77
171;77
172;77
173;77
174;77
175;77
176;77
177;77
178;77
179;77
180;77
181;77
182;77
183;77
184;77
185;77
186;77
187;77
188;77
189;77
190;77
191;77
192;77
193;77
194;77
195;77
196;77
197;77
198;77
199;77
200;77
201;77
202;77
203;77
204;77
205;77
206;77
207;77
208;77
209;77
210;77
211;77
212;77
213;77
214;77
215;77
216;77
217;77
218;77
219;77
220;77
221;77
222;77
223;77
224;77
225;77
226;77
227;77
228;77
229;77
230;77
231;77
232;77
233;77
234;77
235;77
236;77
237;77
238;77
239;77
240;77
241;77
242;77
243;77
244;77
245;77
246;77
247;77
248;77
249;77
250;77
251;77
252;77
253;77
254;77
255;77
256;77
257;77
258;77
259;77
260;77
261;77
262;77
263;77
264;77
265;77
266;77
267;77
268;77
269;77
270;77
271;77
272;77
273;77
274;77
275;77
276;77
277;77
278;77
279;77
280;77
281;77
282;77
283;77
284;77
285;77
286;77
287;77
288;77
289;77
290;77
291;77
292;77
293;77
294;77
295;77
296;77
297;77
298;77
299;77
300;77
301;77
302;77
303;77
304;77
305;77
306;77
307;77
308;77
309;77
310;77
311;77
312;77
313;77
314;77
315;77
316;77
317;77
318;77
319;77
320;77
321;77
322;77
323;77
324;77
325;77
326;77
327;77
328;77
329;77
330;77
331;77
332;77
333;77
334;77
335;77
336;77
337;77
338;77
339;77
340;77
341;77
342;77
343;77
344;77
345;77
346;77
347;77
348;77
349;77
350;77
351;77
352;77
353;77
354;77
355;77
356;77
357;77
358;77
359;77
360;77
361;77
362;77
363;77
364;77
365;77
366;77
367;77
368;77
369;77
370;77
371;77
372;77
373;77
374;77
375;77
376;77
377;77
378;77
379;77
380;77
381;77
382;77
383;77
384;77
385;77
386;77
387;77
388;77
389;77
390;77
391;77
392;77
393;77
394;77
395;77
396;77
397;77
398;77
399;77
400;77
401;77
402;77
403;77
404;77
405;77
406;77
407;77
408;77
409;77
410;77
411;77
412;77
413;77
414;77
415;77
416;77
417;77
418;77
419;77
420;77
421;77
422;77
423;77
424;77
425;77
426;77
427;77
428;77
429;77
430;77
431;77
432;77
433;77
434;77
435;77
436;77
437;77
438;77
439;77
440;77
441;77
442;77
443;77
444;77
445;77
446;77
447;77
448;77
449;77
450;77
451;77
452;77
453;77
454;77
455;77
456;77
457;77
458;77
459;77
460;77
461;77
462;77
463;77
464;77
465;77
466;77
467;77
468;77
469;77
470;77
471;77
472;77
473;77
474;77
475;77
476;77
477;77
478;77
479;77
480;77
481;77
482;77
483;77
484;77
485;77
486;77
487;77
488;77
489;77
490;77
491;77
492;77
493;77
494;77
495;77
496;77
497;77
498;77
499;77
500;77
501;77
502;77
503;77
504;77
505;77
506;77
507;77
508;77
509;77
510;77
511;77
512;77
513;77
514;77
515;77
516;77
517;77
518;77
519;77
520;77
521;77
522;77
523;77
524;77
525;77
526;77
527;77
528;77
529;77
530;77
531;77
532;77
533;77
534;77
535;77
536;77
537;77
538;77
539;77
540;77
541;77
542;77
543;77
544;77
545;77
546;77
547;77
548;77
549;77
550;77
551;77
552;77
553;77
554;77
555;77
556;77
557;77
558;77
559;77
560;77
561;77
562;77
563;77
564;77
565;77
566;77
567;77
568;77
569;77
570;77
571;77
572;77
573;77
574;77
575;77
576;77
577;77
578;77
579;77
580;77
581;77
582;77
583;77
584;77
585;77
586;77
587;77
588;77
589;77
590;77
591;77
592;77
593;77
594;77
595;77
596;77
597;77
598;77
599;77
600;77
601;77
602;77
603;77
604;77
605;77
606;77
607;77
608;77
609;77
610;77
611;77
612;77
613;77
614;77
615;77
616;77
617;77
618;77
619;77
620;77
621;77
622;77
623;77
624;77
625;77
626;77
627;77
628;77
629;77
630;77
631;77
632;77
633;77
634;77
635;77
636;77
637;77
638;77
639;77
640;77
641;77
642;77
643;77
644;77
645;77
646;77
647;77
648;77
649;77
650;77
651;77
652;77
653;77
654;77
655;77
656;77
657;77
658;77
659;77
660;77
661;77
662;77
663;77
664;77
665;77
666;77
667;77
668;77
669;77
670;77
671;77
672;77
673;77
674;77
675;77
676;77
677;77
678;77
679;77
680;77
681;77
682;77
683;77
684;77
685;77
686;77
687;77
688;77
689;77
690;77
691;77
692;77
693;77
694;77
695;77
696;77
697;77
698;77
699;77
700;77
701;77
702;77
703;77
704;77
705;77
706;77
707;77
708;77
709;77
710;77
711;77
712;77
713;77
714;77
715;77
716;77
717;77
718;77
719;77
720;77
721;77
722;77
723;77
724;77
725;77
726;77
727;77
728;77
729;77
730;77
731;77
732;77
733;77
734;77
735;77
736;77
737;77
738;77
739;77
740;77
741;77
742;77
743;77
744;77
745;77
746;77
747;77
748;77
749;77
750;77
751;77
752;77
753;77
754;77
755;77
756;77
757;77
758;77
759;77
760;77
761;77
762;77
763;77
764;77
765;77
766;77
767;77
768;77
769;77
770;77
771;77
772;77
773;77
774;77
775;77
776;77
777;77
778;77
779;77
780;77
781;77
782;77
783;77
784;77
785;77
786;77
787;77
788;77
789;77
790;77
791;77
792;77
793;77
794;77
795;77
796;77
797;77
798;77
799;77
800;77
801;77
802;77
803;77
804;77
805;77
806;77
807;77
808;77
809;77
810;77
811;77
812;77
813;77
814;77
815;77
816;77
817;77
818;77
819;77
820;77
821;77
822;77
823;77
824;77
825;77
826;77
827;77
828;77
829;77
830;77
831;77
832;77
833;77
834;77
835;77
836;77
837;77
838;77
839;77
840;77
841;77
842;77
843;77
844;77
845;77
846;77
847;77
848;77
849;77
850;77
851;77
852;77
853;77
854;77
855;77
856;77
857;77
858;77
859;77
860;77
861;77
862;77
863;77
864;77
865;77
866;77
867;77
868;77
869;77
870;77
871;77
872;77
873;77
874;77
875;77
876;77
877;77
878;77
879;77
880;77
881;77
882;77
883;77
884;77
885;77
886;77
887;77
888;77
889;77
890;77
891;77
892;77
893;77
894;77
895;77
896;77
897;77
898;77
899;77
900;77
901;77
902;77
903;77
904;77
905;77
906;77
907;77
908;77
909;77
910;77
911;77
912;77
913;77
914;77
915;77
916;77
917;77
918;77
919;77
920;77
921;77
922;77
923;77
924;77
925;77
926;77
927;77
928;77
929;77
930;77
931;77
932;77
933;77
934;77
935;77
936;77
937;77
938;77
939;77
940;77
941;77
942;77
943;77
944;77
945;77
946;77
947;77
948;77
949;77
950;77
951;77
952;77
953;77
954;77
955;77
956;77
957;77
958;77
959;77
960;77
961;77
962;77
963;77
964;77
965;77
966;77
967;77
968;77
969;77
970;77
971;77
972;77
973;77
974;77
975;77
976;77
977;77
978;77
979;77
980;77
981;77
982;77
983;77
984;77
985;77
986;77
987;77
988;77
989;77
990;77
991;77
992;77
993;77
994;77
995;77
996;77
997;77
998;77
999;77
1000;77
1001;77
1002;77
1003;77
1004;77
1005;77
1006;77
1007;77
1008;77
1009;77
1010;77
1011;77
1012;77
1013;77
1014;77
1015;77
1016;77
1017;77
1018;77
1019;77
1020;77
1021;77
1022;77
1023;77
1024;77
1025;77
1026;77
1027;77
1028;77
1029;77
1030;77
1031;77
1032;77
1033;77
1034;77
1035;77
1036;77
1037;77
1038;77
1039;77
1040;77
1041;77
1042;77
1043;77
1044;77
1045;77
1046;77
1047;77
1048;77
1049;77
1050;77
1051;77
1052;77
1053;77
1054;77
1055;77
1056;77
1057;77
1058;77
1059;77
1060;77
1061;77
1062;77
1063;77
1064;77
1065;77
1066;77
1067;77
1068;77
1069;77
1070;77
1071;77
1072;77
1073;77
1074;77
1075;77
1076;77
1077;77
1078;77
1079;77
1080;77
1081;77
1082;77
1083;77
1084;77
1085;77
1086;77
1087;77
1088;77
1089;77
1090;77
1091;77
1092;77
1093;77
1094;77
1095;81
1096;81
1097;81
1098;81
1099;81
1100;81
1101;81
1102;81
1103;81
1104;81
1105;81
1106;81
1107;81
1108;81
1109;81
1110;81
1111;81
1112;81
1113;81
1114;81
1115;81
1116;81
1117;81
1118;81
1119;81
1120;81
1121;81
1122;81
1123;81
1124;81
1125;81
1126;81
1127;81
1128;81
1129;81
1130;81
1131;81
1132;81
1133;81
1134;81
1135;81
1136;81
1137;81
1138;81
1139;81
1140;81
1141;81
1142;81
1143;81
1144;81
1145;81
1146;81
1147;81
1148;81
1149;81
1150;81
1151;81
1152;81
1153;81
1154;81
1155;81
1156;81
1157;81
1158;81
1159;81
1160;81
1161;81
1162;81
1163;81
1164;81
1165;81
1166;81
1167;81
1168;81
1169;81
1170;81
1171;81
1172;81
1173;81
1174;81
1175;81
1176;81
1177;81
1178;81
1179;81
1180;81
1181;81
1182;81
1183;81
1184;81
1185;81
1186;81
1187;81
1188;82
1189;82
1190;82
1191;82
1192;82
1193;82
1194;82
1195;82
1196;82
1197;82
1198;82
1199;82
1200;82
1201;82
1202;82
1203;82
1204;82
1205;82
1206;82
1207;82
1208;82
1209;82
1210;82
1211;82
1212;82
1213;82
1214;82
1215;82
1216;82
1217;82
1218;82
1219;82
1220;82
1221;82
1222;82
1223;82
1224;82
1225;82
1226;82
1227;82
1228;82
1229;82
1230;82
1231;82
1232;82
1233;82
1234;82
1235;82
1236;82
1237;82
1238;82
1239;82
1240;82
1241;82
1242;82
1243;82
1244;82
1245;82
1246;82
1247;82
1248;82
1249;82
1250;82
1251;85
1252;85
1253;85
1254;85
1255;85
1256;85
1257;85
1258;85
1259;85
1260;85
1261;85
1262;85
1263;85
1264;85
1265;85
1266;85
1267;85
1268;85
1269;85
1270;85
1271;85
1272;85
1273;85
1274;85
1275;85
1276;85
1277;85
1278;85
1279;85
1280;85
1281;85
1282;85
1283;85
1284;85
1285;85
1286;85
1287;85
1288;85
1289;85
1290;85
1291;85
1292;85
1293;85
1294;85
1295;85
1296;85
1297;85
1298;85
1299;85
1300;85
1301;85
1302;85
1303;85
1304;85
1305;85
1306;85
1307;85
1308;85
1309;85
1310;85
1311;85
1312;85
1313;85
1314;85
1315;85
1316;85
1317;85
1318;85
1319;85
1320;85
1321;85
1322;85
1323;85
1324;85
1325;85
1326;85
1327;85
1328;85
1329;85
1330;85
1331;85
1332;85
1333;85
1334;85
1335;85
1336;85
1337;85
1338;85
1339;85
1340;85
1341;85
1342;85
1343;85
1344;85
1345;85
1346;85
1347;85
1348;85
1349;85
1350;85
1351;85
1352;85
1353;85
1354;85
1355;85
1356;85
1357;85
1358;85
1359;85
1360;85
1361;85
1362;85
1363;85
1364;85
1365;85
1366;85
1367;85
1368;85
1369;85
1370;85
1371;85
1372;85
1373;85
1374;85
1375;85
1376;85
1377;85
1378;85
1379;85
1380;85
1381;85
1382;85
1383;85
1384;85
1385;85
1386;85
1387;85
1388;85
1389;85
1390;85
1391;85
1392;85
1393;85
1394;85
1395;85
1396;85
1397;85
1398;85
1399;85
1400;85
1401;85
1402;85
1403;85
1404;85
1405;85
1406;85
1407;85
1408;85
1409;85
1410;85
1411;85
1412;85
1413;85
1414;85
1415;85
1416;85
1417;85
1418;85
1419;85
1420;85
1421;85
1422;85
1423;85
1424;85
1425;85
1426;85
1427;85
1428;85
1429;85
1430;85
1431;85
1432;85
1433;85
1434;85
1435;85
1436;85
1437;85
1438;85
1439;85
1440;85
1441;85
1442;85
1443;85
1444;85
1445;85
1446;85
1447;85
1448;85
1449;85
1450;85
1451;85
1452;85
1453;85
1454;85
1455;85
1456;85
1457;85
1458;85
1459;85
1460;85
1461;85
1462;85
1463;85
1464;85
1465;85
1466;85
1467;85
1468;85
1469;85
1470;85
1471;85
1472;85
1473;85
1474;85
1475;85
1476;85
1477;85
1478;85
1479;85
1480;85
1481;85
1482;85
1483;85
1484;85
1485;85
1486;85
1487;85
1488;85
1489;85
1490;85
1491;85
1492;85
1493;85
1494;85
1495;85
1496;85
1497;85
1498;85
1499;85
1500;85
1501;85
1502;85
1503;85
1504;85
1505;85
1506;85
1507;85
1508;85
1509;85
1510;85
1511;85
1512;85
1513;85
1514;85
1515;85
1516;85
1517;85
1518;85
1519;85
1520;85
1521;85
1522;85
1523;85
1524;85
1525;85
1526;85
1527;85
1528;85
1529;85
1530;85
1531;85
1532;85
1533;85
1534;85
1535;85
1536;85
1537;85
1538;85
1539;85
1540;85
1541;85
1542;85
1543;85
1544;85
1545;85
1546;85
1547;85
1548;85
1549;85
1550;85
1551;85
1552;85
1553;85
1554;85
1555;85
1556;85
1557;85
1558;85
1559;85
1560;85
1561;85
1562;85
1563;85
1564;85
1565;85
1566;85
1567;85
1568;85
1569;85
1570;85
1571;85
1572;85
1573;85
1574;85
1575;85
1576;85
1577;85
1578;85
1579;85
1580;85
1581;85
1582;85
1583;85
1584;85
1585;85
1586;85
1587;85
1588;85
1589;85
1590;85
1591;85
1592;85
1593;85
1594;85
1595;85
1596;85
1597;85
1598;85
1599;85
1600;85
1601;85
1602;85
1603;85
1604;85
1605;85
1606;85
1607;85
1608;85
1609;85
1610;85
1611;85
1612;85
1613;85
1614;85
1615;85
1616;85
1617;85
1618;85
1619;85
1620;85
1621;85
1622;85
1623;85
1624;85
1625;85
1626;85
1627;85
1628;85
1629;85
1630;85
1631;85
1632;85
1633;85
1634;85
1635;85
1636;85
1637;85
1638;85
1639;85
1640;85
1641;85
1642;85
1643;85
1644;85
1645;85
1646;85
1647;85
1648;85
1649;85
1650;85
1651;85
1652;85
1653;85
1654;85
1655;85
1656;85
1657;85
1658;85
1659;85
1660;85
1661;85
1662;85
1663;85
1664;85
1665;85
1666;85
1667;85
1668;85
1669;85
1670;85
1671;85
1672;85
1673;85
1674;85
1675;85
1676;85
1677;85
1678;85
1679;85
1680;85
1681;85
1682;85
1683;85
1684;85
1685;85
1686;85
1687;85
1688;85
1689;85
1690;85
1691;85
1692;85
1693;85
1694;85
1695;85
1696;85
1697;85
1698;85
1699;85
1700;85
1701;85
1702;85
1703;85
1704;85
1705;85
1706;85
1707;85
1708;85
1709;85
1710;85
1711;85
1712;85
1713;85
1714;85
1715;85
1716;85
1717;85
1718;85
1719;85
1720;85
1721;85
1722;85
1723;85
1724;85
1725;85
1726;85
1727;85
1728;85
1729;85
1730;85
1731;85
1732;85
1733;85
1734;85
1735;85
1736;85
1737;85
1738;85
1739;85
1740;85
1741;85
1742;85
1743;85
1744;85
1745;85
1746;85
1747;85
1748;85
1749;85
1750;85
1751;85
1752;85
1753;85
1754;85
1755;85
1756;85
1757;85
1758;85
1759;85
1760;85
1761;85
1762;85
1763;85
1764;85
1765;85
1766;85
1767;85
1768;85
1769;85
1770;85
1771;85
1772;85
1773;85
1774;85
1775;85
1776;85
1777;85
1778;85
1779;85
1780;85
1781;85
1782;85
1783;85
1784;85
1785;85
1786;85
1787;85
1788;85
1789;85
1790;85
1791;85
1792;85
1793;85
1794;85
1795;85
1796;85
1797;85
1798;85
1799;85
1800;85
1801;85
1802;85
1803;85
1804;85
1805;85
1806;85
1807;85
1808;85
1809;85
1810;85
1811;85
1812;85
1813;85
1814;85
1815;85
1816;85
1817;85
1818;85
1819;85
1820;85
1821;85
1822;85
1823;85
1824;85
1825;85
1826;85
1827;85
1828;85
1829;85
1830;85
1831;85
1832;85
1833;85
1834;85
1835;85
1836;85
1837;85
1838;85
1839;85
1840;85
1841;85
1842;85
1843;85
1844;85
1845;85
1846;85
1847;85
1848;85
1849;85
1850;85
1851;85
1852;85
1853;85
1854;85
1855;85
1856;85
1857;85
1858;85
1859;85
1860;85
1861;85
1862;85
1863;85
1864;85
1865;85
1866;85
1867;85
1868;85
1869;85
1870;85
1871;85
1872;85
1873;85
1874;85
1875;85
1876;85
1877;85
1878;85
1879;85
1880;85
1881;85
1882;85
1883;85
1884;85
1885;85
1886;85
1887;85
1888;85
1889;85
1890;85
1891;85
1892;85
1893;85
1894;85
1895;85
1896;85
1897;85
1898;85
1899;85
1900;85
1901;85
1902;85
1903;85
1904;85
1905;85
1906;85
1907;85
1908;85
1909;85
1910;85
1911;85
1912;85
1913;85
1914;85
1915;85
1916;85
1917;85
1918;85
1919;85
1920;85
1921;85
1922;85
1923;85
1924;85
1925;85
1926;85
1927;85
1928;85
1929;85
1930;85
1931;85
1932;85
1933;85
1934;85
1935;85
1936;85
1937;85
1938;85
1939;85
1940;85
1941;85
1942;85
1943;85
1944;85
1945;85
1946;85
1947;85
1948;85
1949;85
1950;85
1951;85
1952;85
1953;85
1954;85
1955;85
1956;85
1957;85
1958;85
1959;85
1960;85
1961;85
1962;85
1963;85
1964;85
1965;85
1966;85
1967;85
1968;85
1969;85
1970;85
1971;85
1972;85
1973;85
1974;85
1975;85
1976;85
1977;85
1978;85
1979;85
1980;85
1981;85
1982;85
1983;85
1984;85
1985;85
1986;85
1987;85
1988;85
1989;85
1990;85
1991;85
1992;85
1993;85
1994;85
1995;85
1996;85
1997;85
1998;85
1999;85
2000;85
2001;85
2002;85
2003;85
2004;85
2005;85
2006;85
2007;85
2008;85
2009;85
2010;85
2011;85
2012;85
2013;85
2014;85
2015;85
2016;85
2017;85
2018;85
2019;85
2020;85
2021;85
2022;85
2023;85
2024;85
2025;85
2026;85
2027;85
2028;85
2029;85
2030;85
2031;85
2032;85
2033;85
2034;85
2035;85
2036;85
2037;85
2038;85
2039;85
2040;85
2041;85
2042;85
2043;85
2044;85
2045;85
2046;85
2047;85
2048;85
2049;85
2050;85
2051;85
2052;85
2053;85
2054;85
2055;85
2056;85
2057;85
2058;85
2059;85
2060;85
2061;85
2062;85
2063;85
2064;85
2065;85
2066;85
2067;85
2068;85
2069;85
2070;85
2071;85
2072;85
2073;85
2074;85
2075;85
2076;85
2077;85
2078;85
2079;85
2080;85
2081;85
2082;85
2083;85
2084;85
2085;85
2086;85
2087;85
2088;85
2089;85
2090;85
2091;85
2092;85
2093;85
2094;85
2095;85
2096;85
2097;85
2098;85
2099;85
2100;85
2101;85
2102;85
2103;85
2104;85
2105;85
2106;85
2107;85
2108;85
2109;85
2110;85
2111;85
2112;85
2113;85
2114;85
2115;85
2116;85
2117;85
2118;85
2119;85
2120;85
2121;85
2122;85
2123;85
2124;85
2125;85
2126;85
2127;85
2128;85
2129;85
2130;85
2131;85
2132;85
2133;85
2134;85
2135;85
2136;85
2137;85
2138;85
2139;85
2140;85
2141;85
2142;85
2143;85
2144;85
2145;85
2146;85
2147;85
2148;85
2149;85
2150;85
2151;85
2152;85
2153;85
2154;85
2155;85
2156;85
2157;85
2158;85
2159;85
2160;85
2161;85
2162;85
2163;85
2164;85
2165;85
2166;85
2167;85
2168;85
2169;85
2170;85
2171;85
2172;85
2173;85
2174;85
2175;85
2176;85
2177;85
2178;85
2179;85
2180;85
2181;85
2182;85
2183;85
2184;85
2185;85
2186;85
2187;85
2188;85
2189;85
2190;85
2191;85
2192;85
2193;85
2194;85
2195;85
2196;85
2197;85
2198;85
2199;85
2200;85
2201;85
2202;85
2203;85
2204;85
2205;85
2206;85
2207;85
2208;85
2209;85
2210;85
2211;85
2212;85
2213;85
2214;85
2215;85
2216;85
2217;85
2218;85
2219;85
2220;85
2221;85
2222;85
2223;85
2224;85
2225;85
2226;85
2227;85
2228;85
2229;85
2230;85
2231;85
2232;85
2233;85
2234;85
2235;85
2236;85
2237;85
2238;85
2239;85
2240;85
2241;85
2242;85
2243;85
2244;85
2245;85
2246;85
2247;85
2248;85
2249;85
2250;85
2251;85
2252;85
2253;85
2254;85
2255;85
2256;85
2257;85
2258;85
2259;85
2260;85
2261;85
2262;85
2263;85
2264;85
2265;85
2266;85
2267;85
2268;85
2269;85
2270;85
2271;85
2272;85
2273;85
2274;85
2275;85
2276;85
2277;85
2278;85
2279;85
2280;85
2281;85
2282;85
2283;85
2284;85
2285;85
2286;85
2287;85
2288;85
2289;85
2290;85
2291;85
2292;85
2293;85
2294;85
2295;85
2296;85
2297;85
2298;85
2299;85
2300;85
2301;85
2302;85
2303;85
2304;85
2305;85
2306;85
2307;85
2308;85
2309;85
2310;85
2311;85
2312;85
2313;85
2314;85
2315;85
2316;85
2317;85
2318;85
2319;85
2320;85
2321;85
2322;85
2323;85
2324;85
2325;85
2326;85
2327;85
2328;85
2329;85
2330;85
2331;85
2332;85
2333;85
2334;85
2335;85
2336;85
2337;85
2338;85
2339;85
2340;85
2341;85
2342;85
2343;85
2344;85
2345;85
2346;85
2347;85
2348;85
2349;85
2350;85
2351;85
2352;85
2353;85
2354;85
2355;85
2356;85
2357;85
2358;85
2359;85
2360;85
2361;85
2362;85
2363;85
2364;85
2365;85
2366;85
2367;85
2368;85
2369;85
2370;85
2371;85
2372;85
2373;85
2374;85
2375;85
2376;85
2377;85
2378;85
2379;85
2380;85
2381;85
2382;85
2383;85
2384;85
2385;85
2386;85
2387;85
2388;85
2389;85
2390;85
2391;85
2392;85
2393;85
2394;85
2395;85
2396;85
2397;85
2398;85
2399;85
2400;85
2401;85
2402;85
2403;85
2404;85
2405;85
2406;85
2407;85
2408;85
2409;85
2410;85
2411;85
2412;85
2413;85
2414;85
2415;85
2416;85
2417;85
2418;85
2419;85
2420;85
2421;85
2422;85
2423;85
2424;85
2425;85
2426;85
2427;85
2428;85
2429;85
2430;85
2431;85
2432;85
2433;85
2434;85
2435;85
2436;85
2437;85
2438;85
2439;85
2440;85
2441;85
2442;85
2443;85
2444;85
2445;85
2446;85
2447;85
2448;85
2449;85
2450;85
2451;85
2452;85
2453;85
2454;85
2455;85
2456;85
2457;85
2458;85
2459;85
2460;85
2461;85
2462;85
2463;85
2464;85
2465;85
2466;85
2467;85
2468;85
2469;85
2470;85
2471;85
2472;85
2473;85
2474;85
2475;85
2476;85
2477;85
2478;85
2479;85
2480;85
2481;85
2482;85
2483;85
2484;85
2485;85
2486;85
2487;85
2488;85
2489;85
2490;85
2491;85
2492;85
2493;85
2494;85
2495;85
2496;85
2497;85
2498;85
2499;85
2500;85
2501;85
2502;85
2503;85
2504;85
2505;85
2506;85
2507;85
2508;85
2509;85
2510;85
2511;85
2512;85
2513;85
2514;85
2515;85
2516;85
2517;85
2518;85
2519;85
2520;85
2521;85
2522;85
2523;85
2524;85
2525;85
2526;85
2527;85
2528;85
2529;85
2530;85
2531;85
2532;85
2533;85
2534;85
2535;85
2536;85
2537;85
2538;85
2539;85
2540;85
2541;85
2542;85
2543;85
2544;85
2545;85
2546;85
2547;85
2548;85
2549;85
2550;85
2551;85
2552;85
2553;85
2554;85
2555;85
2556;85
2557;85
2558;85
2559;85
2560;85
2561;85
2562;85
2563;85
2564;85
2565;85
2566;85
2567;85
2568;85
2569;85
2570;85
2571;85
2572;85
2573;85
2574;85
2575;85
2576;85
2577;85
2578;85
2579;85
2580;85
2581;85
2582;85
2583;85
2584;85
2585;85
2586;85
2587;85
2588;85
2589;85
2590;85
2591;85
2592;85
2593;85
2594;85
2595;85
2596;85
2597;85
2598;85
2599;85
2600;85
2601;85
2602;85
2603;85
2604;85
2605;85
2606;85
2607;85
2608;85
2609;85
2610;85
2611;85
2612;85
2613;85
2614;85
2615;85
2616;85
2617;85
2618;85
2619;85
2620;85
2621;85
2622;85
2623;85
2624;85
2625;85
2626;85
2627;85
2628;85
2629;85
2630;85
2631;85
2632;85
2633;85
2634;85
2635;85
2636;85
2637;85
2638;85
2639;85
2640;85
2641;85
2642;85
2643;85
2644;85
2645;85
2646;85
2647;85
2648;85
2649;85
2650;85
2651;85
2652;85
2653;85
2654;85
2655;85
2656;85
2657;85
2658;85
2659;85
2660;85
2661;85
2662;85
2663;85
2664;85
2665;85
2666;85
2667;85
2668;85
2669;85
2670;85
2671;85
2672;85
2673;85
2674;85
2675;85
2676;85
2677;85
2678;85
2679;85
2680;85
2681;85
2682;85
2683;85
2684;85
2685;85
2686;85
2687;85
2688;85
2689;85
2690;85
2691;85
2692;85
2693;85
2694;85
2695;85
2696;85
2697;85
2698;85
2699;85
2700;85
2701;85
2702;85
2703;85
2704;85
2705;85
2706;85
2707;85
2708;85
2709;85
2710;85
2711;85
2712;85
2713;85
2714;85
2715;85
2716;85
2717;85
2718;85
2719;85
2720;85
2721;85
2722;85
2723;85
2724;85
2725;85
2726;85
2727;85
2728;85
2729;85
2730;85
2731;85
2732;85
2733;85
2734;85
2735;85
2736;85
2737;85
2738;85
2739;85
2740;85
2741;85
2742;85
2743;85
2744;85
2745;85
2746;85
2747;85
2748;85
2749;85
2750;85
2751;85
2752;85
2753;85
2754;85
2755;85
2756;85
2757;85
2758;85
2759;85
2760;85
2761;85
2762;85
2763;85
2764;85
2765;85
2766;85
2767;85
2768;85
2769;85
2770;85
2771;85
2772;85
2773;85
2774;85
2775;85
2776;85
2777;85
2778;85
2779;85
2780;85
2781;85
2782;85
2783;85
2784;85
2785;85
2786;85
2787;85
2788;85
2789;85
2790;85
2791;85
2792;85
2793;85
2794;85
2795;85
2796;85
2797;85
2798;85
2799;85
2800;85
2801;85
2802;85
2803;85
2804;85
2805;85
2806;85
2807;85
2808;85
2809;85
2810;85
2811;85
2812;85
2813;85
2814;85
2815;85
2816;85
2817;85
2818;85
2819;85
2820;85
2821;85
2822;85
2823;85
2824;85
2825;85
2826;85
2827;85
2828;85
2829;85
2830;85
2831;85
2832;85
2833;85
2834;85
2835;85
2836;85
2837;85
2838;85
2839;85
2840;85
2841;85
2842;85
2843;85
2844;85
2845;85
2846;85
2847;85
2848;85
2849;85
2850;85
2851;85
2852;85
2853;85
2854;85
2855;85
2856;85
2857;85
2858;85
2859;85
2860;85
2861;85
2862;85
2863;85
2864;85
2865;85
2866;85
2867;85
2868;85
2869;85
2870;85
2871;85
2872;85
2873;85
2874;85
2875;85
2876;85
2877;85
2878;85
2879;85
2880;85
2881;85
2882;85
2883;85
2884;85
2885;85
2886;85
2887;85
2888;85
2889;85
2890;85
2891;85
2892;85
2893;85
2894;85
2895;85
2896;85
2897;85
2898;85
2899;85
2900;85
2901;85
2902;85
2903;85
2904;85
2905;85
2906;85
2907;85
2908;85
2909;85
2910;85
2911;85
2912;85
2913;85
2914;85
2915;85
2916;85
2917;85
2918;85
2919;85
2920;85
2921;85
2922;85
2923;85
2924;85
2925;85
2926;85
2927;85
2928;85
2929;85
2930;85
2931;85
2932;85
2933;85
2934;85
2935;85
2936;85
2937;85
2938;85
2939;85
2940;85
2941;85
2942;85
2943;85
2944;85
2945;85
2946;85
2947;85
2948;85
2949;85
2950;85
2951;85
2952;85
2953;85
2954;85
2955;85
2956;85
2957;85
2958;85
2959;85
2960;85
2961;85
2962;85
2963;85
2964;85
2965;85
2966;85
2967;85
2968;85
2969;85
2970;85
2971;85
2972;85
2973;85
2974;85
2975;85
2976;85
2977;85
2978;85
2979;85
2980;85
2981;85
2982;85
2983;85
2984;85
2985;85
2986;85
2987;85
2988;85
2989;85
2990;85
2991;85
2992;85
2993;85
2994;85
2995;85
2996;85
2997;85
2998;85
2999;85
3000;85
3001;85
3002;85
3003;85
3004;85
3005;85
3006;85
3007;85
3008;85
3009;85
3010;85
3011;85
3012;85
3013;85
3014;85
3015;85
3016;85
3017;85
3018;85
3019;85
3020;85
3021;85
3022;85
3023;85
3024;85
3025;85
3026;85
3027;85
3028;85
3029;85
3030;85
3031;85
3032;85
3033;85
3034;85
3035;85
3036;85
3037;85
3038;85
3039;85
3040;85
3041;85
3042;85
3043;85
3044;85
3045;85
3046;85
3047;85
3048;85
3049;85
3050;85
3051;85
3052;85
3053;85
3054;85
3055;85
3056;85
3057;85
3058;85
3059;85
3060;85
3061;85
3062;85
3063;85
3064;85
3065;85
3066;85
3067;85
3068;85
3069;85
3070;85
3071;85
3072;85
3073;85
3074;85
3075;85
3076;85
3077;85
3078;85
3079;85
3080;85
3081;85
3082;85
3083;85
3084;85
3085;85
3086;85
3087;85
3088;85
3089;85
3090;85
3091;85
3092;85
3093;85
3094;85
3095;85
3096;85
3097;85
3098;85
3099;85
3100;85
3101;85
3102;85
3103;85
3104;85
3105;85
3106;85
3107;85
3108;85
3109;85
3110;85
3111;85
3112;85
3113;85
3114;85
3115;85
3116;85
3117;85
3118;85
3119;85
3120;85
3121;85
3122;85
3123;85
3124;85
3125;85
3126;85
3127;85
3128;85
3129;85
3130;85
3131;85
3132;85
3133;85
3134;85
3135;85
3136;85
3137;85
3138;85
3139;85
3140;85
3141;85
3142;85
3143;85
3144;85
3145;85
3146;85
3147;85
3148;85
3149;85
3150;85
3151;85
3152;85
3153;85
3154;85
3155;85
3156;85
3157;85
3158;85
3159;85
3160;85
3161;85
3162;85
3163;85
3164;85
3165;85
3166;85
3167;85
3168;85
3169;85
3170;85
3171;85
3172;85
3173;85
3174;85
3175;85
3176;85
3177;85
3178;85
3179;85
3180;85
3181;85
3182;85
3183;85
3184;85
3185;85
3186;85
3187;85
3188;85
3189;85
3190;85
3191;85
3192;85
3193;85
3194;85
3195;85
3196;85
3197;85
3198;85
3199;85
3200;85
3201;85
3202;85
3203;85
3204;85
3205;85
3206;85
3207;85
3208;85
3209;85
3210;85
3211;85
3212;85
3213;85
3214;85
3215;85
3216;85
3217;85
3218;85
3219;85
3220;85
3221;85
3222;85
3223;85
3224;85
3225;85
3226;85
3227;85
3228;85
3229;85
3230;85
3231;85
3232;85
3233;85
3234;85
3235;85
3236;85
3237;85
3238;85
3239;85
3240;85
3241;85
3242;85
3243;85
3244;85
3245;85
3246;85
3247;85
3248;85
3249;85
3250;85
3251;85
3252;85
3253;85
3254;85
3255;85
3256;85
3257;85
3258;85
3259;85
3260;85
3261;85
3262;85
3263;85
3264;85
3265;85
3266;85
3267;85
3268;85
3269;85
3270;85
3271;85
3272;85
3273;85
3274;85
3275;85
3276;85
3277;85
3278;85
3279;85
3280;85
3281;85
3282;85
3283;85
3284;85
3285;85
3286;85
3287;85
3288;85
3289;85
3290;85
3291;85
3292;85
3293;85
3294;85
3295;85
3296;85
3297;85
3298;85
3299;85
3300;85
3301;85
3302;85
3303;85
3304;85
3305;85
3306;85
3307;85
3308;85
3309;85
3310;85
3311;85
3312;85
3313;85
3314;85
3315;85
3316;85
3317;85
3318;85
3319;85
3320;85
3321;85
3322;85
3323;85
3324;85
3325;85
3326;85
3327;85
3328;85
3329;85
3330;85
3331;85
3332;85
3333;85
3334;85
3335;85
3336;85
3337;85
3338;85
3339;85
3340;85
3341;85
3342;85
3343;85
3344;85
3345;85
3346;85
3347;85
3348;85
3349;85
3350;85
3351;85
3352;85
3353;85
3354;85
3355;85
3356;85
3357;85
3358;85
3359;85
3360;85
3361;85
3362;85
3363;85
3364;85
3365;85
3366;85
3367;85
3368;85
3369;85
3370;85
3371;85
3372;85
3373;85
3374;85
3375;85
3376;85
3377;85
3378;85
3379;85
3380;85
3381;85
3382;85
3383;85
3384;85
3385;85
3386;85
3387;85
3388;85
3389;85
3390;85
3391;85
3392;85
3393;85
3394;85
3395;85
3396;85
3397;85
3398;85
3399;85
3400;85
3401;85
3402;85
3403;85
3404;85
3405;85
3406;85
3407;85
3408;85
3409;85
3410;85
3411;85
3412;85
3413;85
3414;85
3415;85
3416;85
3417;85
3418;85
3419;85
3420;85
3421;85
3422;85
3423;85
3424;85
3425;85
3426;85
3427;85
3428;85
3429;85
3430;85
3431;85
3432;85
3433;85
3434;85
3435;85
3436;85
3437;85
3438;85
3439;85
3440;85
3441;85
3442;85
3443;85
3444;85
3445;85
3446;85
3447;85
3448;85
3449;85
3450;85
3451;85
3452;85
3453;85
3454;85
3455;85
3456;85
3457;85
3458;85
3459;85
3460;85
3461;85
3462;85
3463;85
3464;85
3465;85
3466;85
3467;85
3468;85
3469;85
3470;85
3471;85
3472;85
3473;85
3474;85
3475;85
3476;85
3477;85
3478;85
3479;85
3480;85
3481;85
3482;85
3483;85
3484;85
3485;85
3486;85
3487;85
3488;85
3489;85
3490;85
3491;85
3492;85
3493;85
3494;85
3495;85
3496;85
3497;85
3498;85
3499;85
3500;85
3501;85
3502;85
3503;85
3504;85
3505;85
3506;85
3507;85
3508;85
3509;85
3510;85
3511;85
3512;85
3513;85
3514;85
3515;85
3516;85
3517;85
3518;85
3519;85
3520;85
3521;85
3522;85
3523;85
3524;85
3525;85
3526;85
3527;85
3528;85
3529;85
3530;85
3531;85
3532;85
3533;85
3534;85
3535;85
3536;85
3537;85
3538;85
3539;85
3540;85
3541;85
3542;85
3543;85
3544;85
3545;85
3546;85
3547;85
3548;85
3549;85
3550;85
3551;85
3552;85
3553;85
3554;85
3555;85
3556;85
3557;85
3558;85
3559;85
3560;85
3561;85
3562;85
3563;85
3564;85
3565;85
3566;85
3567;85
3568;85
3569;85
3570;85
3571;85
3572;85
3573;85
3574;85
3575;85
3576;85
3577;85
3578;85
3579;85
3580;85
3581;85
3582;85
3583;85
3584;85
3585;85
3586;85
3587;85
3588;85
3589;85
3590;85
3591;85
3592;85
3593;85
3594;85
3595;85
3596;85
3597;85
3598;85
3599;85
3600;85
3601;85
3602;85
3603;85
3604;85
3605;85
3606;85
3607;85
3608;85
3609;85
3610;85
3611;85
3612;85
3613;85
3614;85
3615;85
3616;85
3617;85
3618;85
3619;85
3620;85
3621;85
3622;85
3623;85
3624;85
3625;85
3626;85
3627;85
3628;85
3629;85
3630;85
3631;85
3632;85
3633;85
3634;85
3635;85
3636;85
3637;85
3638;85
3639;85
3640;85
3641;85
3642;85
3643;85
3644;85
3645;85
3646;85
3647;85
3648;85
3649;85
3650;85
3651;85
3652;85
3653;85
3654;85
3655;85
3656;85
3657;85
3658;85
3659;85
3660;85
3661;85
3662;85
3663;85
3664;85
3665;85
3666;85
3667;85
3668;85
3669;85
3670;85
3671;85
3672;85
3673;85
3674;85
3675;85
3676;85
3677;85
3678;85
3679;85
3680;85
3681;85
3682;85
3683;85
3684;85
3685;85
3686;85
3687;85
3688;85
3689;85
3690;85
3691;85
3692;85
3693;85
3694;85
3695;85
3696;85
3697;85
3698;85
3699;85
3700;85
3701;85
3702;85
3703;85
3704;85
3705;85
3706;85
3707;85
3708;85
3709;85
3710;85
3711;85
3712;85
3713;85
3714;85
3715;85
3716;85
3717;85
3718;85
3719;85
3720;85
3721;85
3722;85
3723;85
3724;85
3725;85
3726;85
3727;85
3728;85
3729;85
3730;85
3731;85
3732;85
3733;85
3734;85
3735;85
3736;85
3737;85
3738;85
3739;85
3740;85
3741;85
3742;85
3743;85
3744;85
3745;85
3746;85
3747;85
3748;85
3749;85
3750;85
3751;85
3752;85
3753;85
3754;85
3755;85
3756;85
3757;85
3758;85
3759;85
3760;85
3761;85
3762;85
3763;85
3764;85
3765;85
3766;85
3767;85
3768;85
3769;85
3770;85
3771;85
3772;85
3773;85
3774;85
3775;85
3776;85
3777;85
3778;85
3779;85
3780;85
3781;85
3782;85
3783;85
3784;85
3785;85
3786;85
3787;85
3788;85
3789;85
3790;85
3791;85
3792;85
3793;85
3794;85
3795;85
3796;85
3797;85
3798;85
3799;85
3800;85
3801;85
3802;85
3803;85
3804;85
3805;85
3806;85
3807;85
3808;85
3809;85
3810;85
3811;85
3812;85
3813;85
3814;85
3815;85
3816;85
3817;85
3818;85
3819;85
3820;85
3821;85
3822;85
3823;85
3824;85
3825;85
3826;85
3827;85
3828;85
3829;85
3830;85
3831;85
3832;85
3833;85
3834;85
3835;85
3836;85
3837;85
3838;85
3839;85
3840;85
3841;85
3842;85
3843;85
3844;85
3845;85
3846;85
3847;85
3848;85
3849;85
3850;85
3851;85
3852;85
3853;85
3854;85
3855;85
3856;85
3857;85
3858;85
3859;85
3860;85
3861;85
3862;85
3863;85
3864;85
3865;85
3866;85
3867;85
3868;85
3869;85
3870;85
3871;85
3872;85
3873;85
3874;85
3875;85
3876;85
3877;85
3878;85
3879;85
3880;85
3881;85
3882;85
3883;85
3884;85
3885;85
3886;85
3887;85
3888;85
3889;85
3890;85
3891;85
3892;85
3893;85
3894;85
3895;85
3896;85
3897;85
3898;85
3899;85
3900;85
3901;85
3902;85
3903;85
3904;85
3905;85
3906;85
3907;85
3908;85
3909;85
3910;85
3911;85
3912;85
3913;85
3914;85
3915;85
3916;85
3917;85
3918;85
3919;85
3920;85
3921;85
3922;85
3923;85
3924;85
3925;85
3926;85
3927;85
3928;85
3929;85
3930;85
3931;85
3932;85
3933;85
3934;85
3935;85
3936;85
3937;85
3938;85
3939;85
3940;85
3941;85
3942;85
3943;85
3944;85
3945;85
3946;85
3947;85
3948;85
3949;85
3950;85
3951;85
3952;85
3953;85
3954;85
3955;85
3956;85
3957;85
3958;85
3959;85
3960;85
3961;85
3962;85
3963;85
3964;85
3965;85
3966;85
3967;85
3968;85
3969;85
3970;85
3971;85
3972;85
3973;85
3974;85
3975;85
3976;85
3977;85
3978;85
3979;85
3980;85
3981;85
3982;85
3983;85
3984;85
3985;85
3986;85
3987;85
3988;85
3989;85
3990;85
3991;85
3992;85
3993;85
3994;85
3995;85
3996;85
3997;85
3998;85
3999;85
4000;85
4001;85
4002;85
4003;85
4004;85
4005;85
4006;85
4007;85
4008;85
4009;85
4010;85
4011;85
4012;85
4013;85
4014;85
4015;85
4016;85
4017;85
4018;85
4019;85
4020;85
4021;85
4022;85
4023;85
4024;85
4025;85
4026;85
4027;85
4028;85
4029;85
4030;85
4031;85
4032;85
4033;85
4034;85
4035;85
4036;85
4037;85
4038;85
4039;85
4040;85
4041;85
4042;85
4043;85
4044;85
4045;85
4046;85
4047;85
4048;85
4049;85
4050;85
4051;85
4052;85
4053;85
4054;85
4055;85
4056;85
4057;85
4058;85
4059;85
4060;85
4061;85
4062;85
4063;85
4064;85
4065;85
4066;85
4067;85
4068;85
4069;85
4070;85
4071;85
4072;85
4073;85
4074;85
4075;85
4076;85
4077;85
4078;85
4079;85
4080;85
4081;85
4082;85
4083;85
4084;85
4085;85
4086;85
4087;85
4088;85
4089;85
4090;85
4091;85
4092;85
4093;85
4094;85
4095;85
4096;85
4097;85
4098;85
4099;85
4100;85
4101;85
4102;85
4103;85
4104;85
4105;85
4106;85
4107;85
4108;85
4109;85
4110;85
4111;85
4112;85
4113;85
4114;85
4115;85
4116;85
4117;85
4118;85
4119;85
4120;85
4121;85
4122;85
4123;85
4124;85
4125;85
4126;85
4127;85
4128;85
4129;85
4130;85
4131;85
4132;85
4133;85
4134;85
4135;85
4136;85
4137;85
4138;85
4139;85
4140;85
4141;85
4142;85
4143;85
4144;85
4145;85
4146;85
4147;85
4148;85
4149;85
4150;85
4151;85
4152;85
4153;85
4154;85
4155;85
4156;85
4157;85
4158;85
4159;85
4160;85
4161;85
4162;85
4163;85
4164;85
4165;85
4166;85
4167;85
4168;85
4169;85
4170;85
4171;85
4172;85
4173;85
4174;85
4175;85
4176;85
4177;85
4178;85
4179;85
4180;85
4181;85
4182;85
4183;85
4184;85
4185;85
4186;85
4187;85
4188;85
4189;85
4190;85
4191;85
4192;85
4193;85
4194;85
4195;85
4196;85
4197;85
4198;85
4199;85
4200;85
4201;85
4202;85
4203;85
4204;85
4205;85
4206;85
4207;85
4208;85
4209;85
4210;85
4211;85
4212;85
4213;85
4214;85
4215;85
4216;85
4217;85
4218;85
4219;85
4220;85
4221;85
4222;85
4223;85
4224;85
4225;85
4226;85
4227;85
4228;85
4229;85
4230;85
4231;85
4232;85
4233;85
4234;85
4235;85
4236;85
4237;85
4238;85
4239;85
4240;85
4241;85
4242;85
4243;85
4244;85
4245;85
4246;85
4247;85
4248;85
4249;85
4250;85
4251;85
4252;85
4253;85
4254;85
4255;85
4256;85
4257;85
4258;85
4259;85
4260;85
4261;85
4262;85
4263;85
4264;85
4265;85
4266;85
4267;85
4268;85
4269;85
4270;85
4271;85
4272;85
4273;85
4274;85
4275;85
4276;85
4277;85
4278;85
4279;85
4280;85
4281;85
4282;85
4283;85
4284;85
4285;85
4286;85
4287;85
4288;85
4289;85
4290;85
4291;85
4292;85
4293;85
4294;85
4295;85
4296;85
4297;85
4298;85
4299;85
4300;85
4301;85
4302;85
4303;85
4304;85
4305;85
4306;85
4307;85
4308;85
4309;85
4310;85
4311;85
4312;85
4313;85
4314;85
4315;85
4316;85
4317;85
4318;85
4319;85
4320;85
4321;85
4322;85
4323;85
4324;85
4325;85
4326;85
4327;85
4328;85
4329;85
4330;85
4331;85
4332;85
4333;85
4334;85
4335;85
4336;85
4337;85
4338;85
4339;85
4340;85
4341;85
4342;85
4343;85
4344;85
4345;85
4346;85
4347;85
4348;85
4349;85
4350;85
4351;85
4352;85
4353;85
4354;85
4355;85
4356;85
4357;85
4358;85
4359;85
4360;85
4361;85
4362;85
4363;85
4364;85
4365;85
4366;85
4367;85
4368;85
4369;85
4370;85
4371;85
4372;85
4373;85
4374;85
4375;85
4376;85
4377;85
4378;85
4379;85
4380;85
4381;85
4382;85
4383;85
4384;85
4385;85
4386;85
4387;85
4388;85
4389;85
4390;85
4391;85
4392;85
4393;85
4394;85
4395;85
4396;85
4397;85
4398;85
4399;85
4400;85
4401;85
4402;85
4403;85
4404;85
4405;85
4406;85
4407;85
4408;85
4409;85
4410;85
4411;85
4412;85
4413;85
4414;85
4415;85
4416;85
4417;85
4418;85
4419;85
4420;85
4421;85
4422;85
4423;85
4424;85
4425;85
4426;85
4427;85
4428;85
4429;85
4430;85
4431;85
4432;85
4433;85
4434;85
4435;85
4436;85
4437;85
4438;85
4439;85
4440;85
4441;85
4442;85
4443;85
4444;85
4445;85
4446;85
4447;85
4448;85
4449;85
4450;85
4451;85
4452;85
4453;85
4454;85
4455;85
4456;85
4457;85
4458;85
4459;85
4460;85
4461;85
4462;85
4463;85
4464;85
4465;85
4466;85
4467;85
4468;85
4469;85
4470;85
4471;85
4472;85
4473;85
4474;85
4475;85
4476;85
4477;85
4478;85
4479;85
4480;85
4481;85
4482;85
4483;85
4484;85
4485;85
4486;85
4487;85
4488;85
4489;85
4490;85
4491;85
4492;85
4493;85
4494;85
4495;85
4496;85
4497;85
4498;85
4499;85
4500;85
4501;85
4502;85
4503;85
4504;85
4505;85
4506;85
4507;85
4508;85
4509;85
4510;85
4511;85
4512;85
4513;85
4514;85
4515;85
4516;85
4517;85
4518;85
4519;85
4520;85
4521;85
4522;85
4523;85
4524;85
4525;85
4526;85
4527;85
4528;85
4529;85
4530;85
4531;85
4532;85
4533;85
4534;85
4535;85
4536;85
4537;85
4538;85
4539;85
4540;85
4541;85
4542;85
4543;85
4544;85
4545;85
4546;85
4547;85
4548;85
4549;85
4550;85
4551;85
4552;85
4553;85
4554;85
4555;85
4556;85
4557;85
4558;85
4559;85
4560;85
4561;85
4562;85
4563;85
4564;85
4565;85
4566;85
4567;85
4568;85
4569;85
4570;85
4571;85
4572;85
4573;85
4574;85
4575;85
4576;85
4577;85
4578;85
4579;85
4580;85
4581;85
4582;85
4583;85
4584;85
4585;85
4586;85
4587;85
4588;85
4589;85
4590;85
4591;85
4592;85
4593;85
4594;85
4595;85
4596;85
4597;85
4598;85
4599;85
4600;85
4601;85
4602;85
4603;85
4604;85
4605;85
4606;85
4607;85
4608;85
4609;85
4610;85
4611;85
4612;85
4613;85
4614;85
4615;85
4616;85
4617;85
4618;85
4619;85
4620;85
4621;85
4622;85
4623;85
4624;85
4625;85
4626;85
4627;85
4628;85
4629;85
4630;85
4631;85
4632;85
4633;85
4634;85
4635;85
4636;85
4637;85
4638;85
4639;85
4640;85
4641;85
4642;85
4643;85
4644;85
4645;85
4646;85
4647;85
4648;85
4649;85
4650;85
4651;85
4652;85
4653;85
4654;85
4655;85
4656;85
4657;85
4658;85
4659;85
4660;85
4661;85
4662;85
4663;85
4664;85
4665;85
4666;85
4667;85
4668;85
4669;85
4670;85
4671;85
4672;85
4673;85
4674;85
4675;85
4676;85
4677;85
4678;85
4679;85
4680;85
4681;85
4682;85
4683;85
4684;85
4685;85
4686;85
4687;85
4688;85
4689;85
4690;85
4691;85
4692;85
4693;85
4694;85
4695;85
4696;85
4697;85
4698;85
4699;85
4700;85
4701;85
4702;85
4703;85
4704;85
4705;85
4706;85
4707;85
4708;85
4709;85
4710;85
4711;85
4712;85
4713;85
4714;85
4715;85
4716;85
4717;85
4718;85
4719;85
4720;85
4721;85
4722;85
4723;85
4724;85
4725;85
4726;85
4727;85
4728;85
4729;85
4730;85
4731;85
4732;85
4733;85
4734;85
4735;85
4736;85
4737;85
4738;85
4739;85
4740;85
4741;85
4742;85
4743;85
4744;85
4745;85
4746;85
4747;85
4748;85
4749;85
4750;85
4751;85
4752;85
4753;85
4754;85
4755;85
4756;85
4757;85
4758;85
4759;85
4760;85
4761;85
4762;85
4763;85
4764;85
4765;85
4766;85
4767;85
4768;85
4769;85
4770;85
4771;85
4772;85
4773;85
4774;85
4775;85
4776;85
4777;85
4778;85
4779;85
4780;85
4781;85
4782;85
4783;85
4784;85
4785;85
4786;85
4787;85
4788;85
4789;85
4790;85
4791;85
4792;85
4793;85
4794;85
4795;85
4796;85
4797;85
4798;85
4799;85
4800;85
4801;85
4802;85
4803;85
4804;85
4805;85
4806;85
4807;85
4808;85
4809;85
4810;85
4811;85
4812;85
4813;85
4814;85
4815;85
4816;85
4817;85
4818;85
4819;85
4820;85
4821;85
4822;85
4823;85
4824;85
4825;85
4826;85
4827;85
4828;85
4829;85
4830;85
4831;85
4832;85
4833;85
4834;85
4835;85
4836;85
4837;85
4838;85
4839;85
4840;85
4841;85
4842;85
4843;85
4844;85
4845;85
4846;85
4847;85
4848;85
4849;85
4850;85
4851;85
4852;85
4853;85
4854;85
4855;85
4856;85
4857;85
4858;85
4859;85
4860;85
4861;85
4862;85
4863;85
4864;85
4865;85
4866;85
4867;85
4868;85
4869;85
4870;85
4871;85
4872;85
4873;85
4874;85
4875;85
4876;85
4877;85
4878;85
4879;85
4880;85
4881;85
4882;85
4883;85
4884;85
4885;85
4886;85
4887;85
4888;85
4889;85
4890;85
4891;85
4892;85
4893;85
4894;85
4895;85
4896;85
4897;85
4898;85
4899;85
4900;85
4901;85
4902;85
4903;85
4904;85
4905;85
4906;85
4907;85
4908;85
4909;85
4910;85
4911;85
4912;85
4913;85
4914;85
4915;85
4916;85
4917;85
4918;85
4919;85
4920;85
4921;85
4922;85
4923;85
4924;85
4925;85
4926;85
4927;85
4928;85
4929;85
4930;85
4931;85
4932;85
4933;85
4934;85
4935;85
4936;85
4937;85
4938;85
4939;85
4940;85
4941;85
4942;85
4943;85
4944;85
4945;85
4946;85
4947;85
4948;85
4949;85
4950;85
4951;85
4952;85
4953;85
4954;85
4955;85
4956;85
4957;85
4958;85
4959;85
4960;85
4961;85
4962;85
4963;85
4964;85
4965;85
4966;85
4967;85
4968;85
4969;85
4970;85
4971;85
4972;85
4973;85
4974;85
4975;85
4976;85
4977;85
4978;85
4979;85
4980;85
4981;85
4982;85
4983;85
4984;85
4985;85
4986;85
4987;85
4988;85
4989;85
4990;85
4991;85
4992;85
4993;85
4994;85
4995;85
4996;85
4997;85
4998;85
4999;85
5000;85
5001;85
5002;85
5003;85
5004;85
5005;85
5006;85
5007;85
5008;85
5009;85
5010;85
5011;85
5012;85
5013;85
5014;85
5015;85
5016;85
5017;85
5018;85
5019;85
5020;85
5021;85
5022;85
5023;85
5024;85
5025;85
5026;85
5027;85
5028;85
5029;85
5030;85
5031;85
5032;85
5033;85
5034;85
5035;85
5036;85
5037;85
5038;85
5039;85
5040;85
5041;85
5042;85
5043;85
5044;85
5045;85
5046;85
5047;85
5048;85
5049;85
5050;85
5051;85
5052;85
5053;85
5054;85
5055;85
5056;85
5057;85
5058;85
5059;85
5060;85
5061;85
5062;85
5063;85
5064;85
5065;85
5066;85
5067;85
5068;85
5069;85
5070;85
5071;85
5072;85
5073;85
5074;85
5075;85
5076;85
5077;85
5078;85
5079;85
5080;85
5081;85
5082;85
5083;85
5084;85
5085;85
5086;85
5087;85
5088;85
5089;85
5090;85
5091;85
5092;85
5093;85
5094;85
5095;85
5096;85
5097;85
5098;85
5099;85
5100;85
5101;85
5102;85
5103;85
5104;85
5105;85
5106;85
5107;85
5108;85
5109;85
5110;85
5111;85
5112;85
5113;85
5114;85
5115;85
5116;85
5117;85
5118;85
5119;85
5120;85
5121;85
5122;85
5123;85
5124;85
5125;85
5126;85
5127;85
5128;85
5129;85
5130;85
5131;85
5132;85
5133;85
5134;85
5135;85
5136;85
5137;85
5138;85
5139;85
5140;85
5141;85
5142;85
5143;85
5144;85
5145;85
5146;85
5147;85
5148;85
5149;85
5150;85
5151;85
5152;85
5153;85
5154;85
5155;85
5156;85
5157;85
5158;85
5159;85
5160;86
5161;86
5162;86
5163;86
5164;86
5165;86
5166;86
5167;86
5168;86
5169;86
5170;86
5171;86
5172;86
5173;86
5174;86
5175;86
5176;86
5177;86
5178;86
5179;86
5180;86
5181;86
5182;86
5183;86
5184;86
5185;86
5186;86
5187;86
5188;86
5189;86
5190;86
5191;86
5192;86
5193;86
5194;86
5195;86
5196;86
5197;86
5198;86
5199;86
5200;86
5201;86
5202;86
5203;86
5204;86
5205;86
5206;86
5207;86
5208;86
5209;86
5210;86
5211;86
5212;86
5213;86
5214;86
5215;86
5216;86
5217;86
5218;86
5219;86
5220;86
5221;86
5222;86
5223;86
5224;86
5225;86
5226;86
5227;86
5228;86
5229;86
5230;86
5231;86
5232;86
5233;86
5234;86
5235;86
5236;86
5237;86
5238;86
5239;86
5240;86
5241;86
5242;86
5243;86
5244;86
5245;86
5246;86
5247;86
5248;86
5249;86
5250;86
5251;86
5252;86
5253;86
5254;86
5255;86
5256;86
5257;86
5258;86
5259;86
5260;86
5261;86
5262;86
5263;86
5264;86
5265;86
5266;86
5267;86
5268;86
5269;86
5270;86
5271;86
5272;86
5273;86
5274;86
5275;86
5276;86
5277;86
5278;86
5279;86
5280;86
5281;86
5282;86
5283;86
5284;86
5285;86
5286;86
5287;86
5288;86
5289;86
5290;86
5291;86
5292;86
5293;86
5294;86
5295;86
5296;86
5297;86
5298;86
5299;86
5300;86
5301;86
5302;86
5303;86
5304;86
5305;86
5306;86
5307;86
5308;86
5309;86
5310;86
5311;86
5312;86
5313;86
5314;86
5315;86
5316;86
5317;86
5318;86
5319;86
5320;86
5321;86
5322;86
5323;86
5324;86
5325;86
5326;86
5327;86
5328;86
5329;86
5330;86
5331;86
5332;86
5333;86
5334;86
5335;86
5336;86
5337;86
5338;86
5339;86
5340;86
5341;86
5342;86
5343;86
5344;86
5345;86
5346;86
5347;86
5348;86
5349;86
5350;86
5351;86
5352;86
5353;86
5354;86
5355;86
5356;86
5357;86
5358;86
5359;86
5360;86
5361;86
5362;86
5363;86
5364;86
5365;86
5366;86
5367;86
5368;86
5369;86
5370;86
5371;86
5372;86
5373;86
5374;86
5375;86
5376;86
5377;86
5378;86
5379;86
5380;86
5381;86
5382;86
5383;86
5384;86
5385;86
5386;86
5387;86
5388;86
5389;86
5390;86
5391;86
5392;86
5393;86
5394;86
5395;86
5396;86
5397;86
5398;86
5399;86
5400;86
5401;86
5402;86
5403;86
5404;86
5405;86
5406;86
5407;86
5408;86
5409;86
5410;86
5411;86
5412;86
5413;86
5414;86
5415;86
5416;86
5417;86
5418;86
5419;86
5420;86
5421;86
5422;86
5423;86
5424;86
5425;86
5426;86
5427;86
5428;86
5429;86
5430;86
5431;86
5432;86
5433;86
5434;86
5435;86
5436;86
5437;86
5438;86
5439;86
5440;86
5441;86
5442;86
5443;86
5444;86
5445;86
5446;86
5447;86
5448;86
5449;86
5450;86
5451;86
5452;86
5453;86
5454;86
5455;86
5456;86
5457;86
5458;86
5459;86
5460;86
5461;86
5462;86
5463;86
5464;86
5465;86
5466;86
5467;86
5468;86
5469;86
5470;86
5471;86
5472;86
5473;86
5474;86
5475;86
5476;86
5477;86
5478;86
5479;86
5480;86
5481;86
5482;86
5483;86
5484;86
5485;86
5486;86
5487;86
5488;86
5489;86
5490;86
5491;86
5492;86
5493;86
5494;86
5495;86
5496;86
5497;86
5498;86
5499;86
5500;86
5501;86
5502;86
5503;86
5504;86
5505;86
5506;86
5507;86
5508;86
5509;86
5510;86
5511;86
5512;86
5513;86
5514;86
5515;86
5516;86
5517;86
5518;86
5519;86
5520;86
5521;86
5522;86
5523;86
5524;86
5525;86
5526;86
5527;86
5528;86
5529;86
5530;86
5531;86
5532;86
5533;86
5534;86
5535;86
5536;86
5537;86
5538;86
5539;86
5540;86
5541;86
5542;86
5543;86
5544;86
5545;86
5546;86
5547;86
5548;86
5549;86
5550;86
5551;86
5552;86
5553;86
5554;86
5555;86
5556;86
5557;86
5558;86
5559;86
5560;86
5561;86
5562;86
5563;86
5564;86
5565;86
5566;86
5567;86
5568;86
5569;86
5570;86
5571;86
5572;86
5573;86
5574;86
5575;86
5576;86
5577;86
5578;86
5579;86
5580;86
5581;86
5582;86
5583;86
5584;86
5585;86
5586;86
5587;86
5588;86
5589;86
5590;86
5591;86
5592;86
5593;86
5594;86
5595;86
5596;86
5597;86
5598;86
5599;86
5600;86
5601;86
5602;86
5603;86
5604;86
5605;86
5606;86
5607;86
5608;86
5609;86
5610;86
5611;86
5612;86
5613;86
5614;86
5615;86
5616;86
5617;86
5618;86
5619;86
5620;86
5621;86
5622;86
5623;86
5624;86
5625;86
5626;86
5627;86
5628;86
5629;86
5630;86
5631;86
5632;86
5633;86
5634;86
5635;86
5636;86
5637;86
5638;86
5639;86
5640;86
5641;86
5642;86
5643;86
5644;86
5645;86
5646;86
5647;86
5648;86
5649;86
5650;86
5651;86
5652;86
5653;86
5654;86
5655;86
5656;86
5657;86
5658;86
5659;86
5660;86
5661;86
5662;86
5663;86
5664;86
5665;86
5666;86
5667;86
5668;86
5669;86
5670;86
5671;86
5672;86
5673;86
5674;86
5675;86
5676;86
5677;86
5678;86
5679;86
5680;86
5681;86
5682;86
5683;86
5684;86
5685;86
5686;86
5687;86
5688;86
5689;86
5690;86
5691;86
5692;86
5693;86
5694;86
5695;86
5696;86
5697;86
5698;86
5699;86
5700;86
5701;86
5702;86
5703;86
5704;86
5705;86
5706;86
5707;86
5708;86
5709;86
5710;86
5711;86
5712;86
5713;86
5714;86
5715;86
5716;86
5717;86
5718;86
5719;86
5720;86
5721;86
5722;86
5723;86
5724;86
5725;86
5726;86
5727;86
5728;86
5729;86
5730;86
5731;86
5732;86
5733;86
5734;86
5735;86
5736;86
5737;86
5738;86
5739;86
5740;86
5741;86
5742;86
5743;86
5744;86
5745;86
5746;86
5747;86
5748;86
5749;86
5750;86
5751;86
5752;86
5753;86
5754;86
5755;86
5756;86
5757;86
5758;86
5759;86
5760;86
5761;86
5762;86
5763;86
5764;86
5765;86
5766;86
5767;86
5768;86
5769;86
5770;86
5771;86
5772;86
5773;86
5774;86
5775;86
5776;86
5777;86
5778;86
5779;86
5780;86
5781;86
5782;86
5783;86
5784;86
5785;86
5786;86
5787;86
5788;86
5789;86
5790;86
5791;86
5792;86
5793;86
5794;86
5795;86
5796;86
5797;86
5798;86
5799;86
5800;86
5801;86
5802;86
5803;86
5804;86
5805;86
5806;86
5807;86
5808;86
5809;86
5810;86
5811;86
5812;86
5813;86
5814;86
5815;86
5816;86
5817;86
5818;86
5819;86
5820;86
5821;86
5822;86
5823;86
5824;86
5825;86
5826;86
5827;86
5828;86
5829;86
5830;86
5831;86
5832;86
5833;86
5834;86
5835;86
5836;86
5837;86
5838;86
5839;86
5840;86
5841;86
5842;86
5843;86
5844;86
5845;86
5846;86
5847;86
5848;86
5849;86
5850;86
5851;86
5852;86
5853;86
5854;86
5855;86
5856;86
5857;86
5858;86
5859;86
5860;86
5861;86
5862;86
5863;86
5864;86
5865;86
5866;86
5867;86
5868;86
5869;86
5870;86
5871;86
5872;86
5873;86
5874;86
5875;86
5876;86
5877;86
5878;86
5879;86
5880;86
5881;86
5882;86
5883;86
5884;86
5885;86
5886;86
5887;86
5888;86
5889;86
5890;86
5891;86
5892;86
5893;86
5894;86
5895;86
5896;86
5897;86
5898;86
5899;86
5900;86
5901;86
5902;86
5903;86
5904;86
5905;86
5906;86
5907;86
5908;86
5909;86
5910;86
5911;86
5912;86
5913;86
5914;86
5915;86
5916;86
5917;86
5918;86
5919;86
5920;86
5921;86
5922;86
5923;86
5924;86
5925;86
5926;86
5927;86
5928;86
5929;86
5930;86
5931;86
5932;86
5933;86
5934;86
5935;86
5936;86
5937;86
5938;86
5939;86
5940;86
5941;86
5942;86
5943;86
5944;86
5945;86
5946;86
5947;86
5948;86
5949;86
5950;86
5951;86
5952;86
5953;86
5954;86
5955;86
5956;86
5957;86
5958;86
5959;86
5960;86
5961;86
5962;86
5963;86
5964;86
5965;86
5966;86
5967;86
5968;86
5969;86
5970;86
5971;86
5972;86
5973;86
5974;86
5975;86
5976;86
5977;86
5978;86
5979;86
5980;86
5981;86
5982;86
5983;86
5984;86
5985;86
5986;86
5987;86
5988;86
5989;86
5990;86
5991;86
5992;86
5993;86
5994;86
5995;86
5996;86
5997;86
5998;86
5999;86
6000;86
6001;86
6002;86
6003;86
6004;86
6005;86
6006;86
6007;86
6008;86
6009;86
6010;86
6011;86
6012;86
6013;86
6014;86
6015;86
6016;86
6017;86
6018;86
6019;86
6020;86
6021;86
6022;86
6023;86
6024;86
6025;86
6026;86
6027;86
6028;86
6029;86
6030;86
6031;86
6032;86
6033;86
6034;86
6035;86
6036;86
6037;86
6038;86
6039;86
6040;86
6041;86
6042;86
6043;86
6044;86
6045;86
6046;86
6047;86
6048;86
6049;86
6050;86
6051;86
6052;86
6053;86
6054;86
6055;86
6056;86
6057;86
6058;86
6059;86
6060;86
6061;86
6062;86
6063;86
6064;86
6065;86
6066;86
6067;86
6068;86
6069;86
6070;86
6071;86
6072;86
6073;86
6074;86
6075;86
6076;86
6077;86
6078;86
6079;86
6080;86
6081;86
6082;86
6083;86
6084;86
6085;86
6086;86
6087;86
6088;86
6089;86
6090;86
6091;86
6092;86
6093;86
6094;86
6095;86
6096;86
6097;86
6098;86
6099;86
6100;86
6101;86
6102;86
6103;86
6104;86
6105;86
6106;86
6107;86
6108;86
6109;86
6110;86
6111;86
6112;86
6113;86
6114;86
6115;86
6116;86
6117;86
6118;86
6119;86
6120;86
6121;86
6122;86
6123;86
6124;86
6125;86
6126;86
6127;86
6128;86
6129;86
6130;86
6131;86
6132;86
6133;86
6134;86
6135;86
6136;86
6137;86
6138;86
6139;86
6140;86
6141;86
6142;86
6143;86
6144;86
6145;86
6146;86
6147;86
6148;86
6149;86
6150;86
6151;86
6152;86
6153;86
6154;86
6155;86
6156;86
6157;86
6158;86
6159;86
6160;86
6161;86
6162;86
6163;86
6164;86
6165;86
6166;86
6167;86
6168;86
6169;86
6170;86
6171;86
6172;86
6173;86
6174;86
6175;86
6176;86
6177;86
6178;86
6179;86
6180;86
6181;86
6182;86
6183;86
6184;86
6185;86
6186;86
6187;86
6188;86
6189;86
6190;86
6191;86
6192;86
6193;86
6194;86
6195;86
6196;86
6197;86
6198;86
6199;86
6200;86
6201;86
6202;86
6203;86
6204;86
6205;86
6206;86
6207;86
6208;86
6209;86
6210;86
6211;86
6212;86
6213;86
6214;86
6215;86
6216;86
6217;86
6218;86
6219;86
6220;86
6221;86
6222;86
6223;86
6224;86
6225;86
6226;86
6227;86
6228;86
6229;86
6230;86
6231;86
6232;86
6233;86
6234;86
6235;86
6236;86
6237;86
6238;86
6239;86
6240;86
6241;86
6242;86
6243;86
6244;86
6245;86
6246;86
6247;86
6248;86
6249;86
6250;86
6251;86
6252;86
6253;86
6254;86
6255;86
6256;86
6257;86
6258;86
6259;86
6260;86
6261;86
6262;86
6263;86
6264;86
6265;86
6266;86
6267;86
6268;86
6269;86
6270;86
6271;86
6272;86
6273;86
6274;86
6275;86
6276;86
6277;86
6278;86
6279;86
6280;86
6281;86
6282;86
6283;86
6284;86
6285;86
6286;86
6287;86
6288;86
6289;86
6290;86
6291;86
6292;86
6293;86
6294;86
6295;86
6296;86
6297;86
6298;86
6299;86
6300;86
6301;86
6302;86
6303;86
6304;86
6305;86
6306;86
6307;86
6308;86
6309;86
6310;86
6311;86
6312;86
6313;86
6314;86
6315;86
6316;86
6317;86
6318;86
6319;86
6320;86
6321;86
6322;86
6323;86
6324;86
6325;86
6326;86
6327;86
6328;86
6329;86
6330;86
6331;86
6332;86
6333;86
6334;86
6335;86
6336;86
6337;86
6338;86
6339;86
6340;86
6341;86
6342;86
6343;86
6344;86
6345;86
6346;86
6347;86
6348;86
6349;86
6350;86
6351;86
6352;86
6353;86
6354;86
6355;86
6356;86
6357;86
6358;86
6359;86
6360;86
6361;86
6362;86
6363;86
6364;86
6365;86
6366;86
6367;86
6368;86
6369;86
6370;86
6371;86
6372;86
6373;86
6374;86
6375;86
6376;86
6377;86
6378;86
6379;86
6380;86
6381;86
6382;86
6383;86
6384;86
6385;86
6386;86
6387;86
6388;86
6389;86
6390;86
6391;86
6392;86
6393;86
6394;86
6395;86
6396;86
6397;86
6398;86
6399;86
6400;86
6401;86
6402;86
6403;86
6404;86
6405;86
6406;86
6407;86
6408;86
6409;86
6410;86
6411;86
6412;86
6413;86
6414;86
6415;86
6416;86
6417;86
6418;86
6419;86
6420;86
6421;86
6422;86
6423;86
6424;86
6425;86
6426;86
6427;86
6428;86
6429;86
6430;86
6431;86
6432;86
6433;86
6434;86
6435;86
6436;86
6437;86
6438;86
6439;86
6440;86
6441;86
6442;86
6443;86
6444;86
6445;86
6446;86
6447;86
6448;86
6449;86
6450;86
6451;86
6452;86
6453;86
6454;86
6455;86
6456;86
6457;86
6458;86
6459;86
6460;86
6461;86
6462;86
6463;86
6464;86
6465;86
6466;86
6467;86
6468;86
6469;86
6470;86
6471;86
6472;86
6473;86
6474;86
6475;86
6476;86
6477;86
6478;86
6479;86
6480;86
6481;86
6482;86
6483;86
6484;86
6485;86
6486;86
6487;86
6488;86
6489;86
6490;86
6491;86
6492;86
6493;86
6494;86
6495;86
6496;86
6497;86
6498;86
6499;86
6500;86
6501;86
6502;86
6503;86
6504;86
6505;86
6506;86
6507;86
6508;86
6509;86
6510;86
6511;86
6512;86
6513;86
6514;86
6515;86
6516;86
6517;86
6518;86
6519;86
6520;86
6521;86
6522;86
6523;86
6524;86
6525;86
6526;86
6527;86
6528;86
6529;86
6530;86
6531;86
6532;86
6533;86
6534;86
6535;86
6536;86
6537;86
6538;86
6539;86
6540;86
6541;86
6542;86
6543;86
6544;86
6545;86
6546;86
6547;86
6548;86
6549;86
6550;86
6551;86
6552;86
6553;86
6554;86
6555;86
6556;86
6557;86
6558;86
6559;86
6560;86
6561;86
6562;86
6563;86
6564;86
6565;86
6566;86
6567;86
6568;86
6569;86
6570;86
6571;86
6572;86
6573;86
6574;86
6575;86
6576;86
6577;86
6578;86
6579;86
6580;86
6581;86
6582;86
6583;86
6584;86
6585;86
6586;86
6587;86
6588;86
6589;86
6590;86
6591;86
6592;86
6593;86
6594;86
6595;86
6596;86
6597;86
6598;86
6599;86
6600;86
6601;86
6602;86
6603;86
6604;86
6605;86
6606;86
6607;86
6608;86
6609;86
6610;86
6611;86
6612;86
6613;86
6614;86
6615;86
6616;86
6617;86
6618;86
6619;86
6620;86
6621;86
6622;86
6623;86
6624;86
6625;86
6626;86
6627;86
6628;86
6629;86
6630;86
6631;86
6632;86
6633;86
6634;86
6635;86
6636;86
6637;86
6638;86
6639;86
6640;86
6641;86
6642;86
6643;86
6644;86
6645;86
6646;86
6647;86
6648;86
6649;86
6650;86
6651;86
6652;86
6653;86
6654;86
6655;86
6656;86
6657;86
6658;86
6659;86
6660;86
6661;86
6662;86
6663;86
6664;86
6665;86
6666;86
6667;86
6668;86
6669;86
6670;86
6671;86
6672;86
6673;86
6674;86
6675;86
6676;86
6677;86
6678;86
6679;86
6680;86
6681;86
6682;86
6683;86
6684;86
6685;86
6686;86
6687;86
6688;86
6689;86
6690;86
6691;86
6692;86
6693;86
6694;86
6695;86
6696;86
6697;86
6698;86
6699;86
6700;86
6701;86
6702;86
6703;86
6704;86
6705;86
6706;86
6707;86
6708;86
6709;86
6710;86
6711;86
6712;86
6713;86
6714;86
6715;86
6716;86
6717;86
6718;86
6719;86
6720;86
6721;86
6722;86
6723;86
6724;86
6725;86
6726;86
6727;86
6728;86
6729;86
6730;86
6731;86
6732;86
6733;86
6734;86
6735;86
6736;86
6737;86
6738;86
6739;86
6740;86
6741;86
6742;86
6743;86
6744;86
6745;86
6746;86
6747;86
6748;86
6749;86
6750;86
6751;86
6752;86
6753;86
6754;86
6755;86
6756;86
6757;86
6758;86
6759;86
6760;86
6761;86
6762;86
6763;86
6764;86
6765;86
6766;86
6767;86
6768;86
6769;86
6770;86
6771;86
6772;86
6773;86
6774;86
6775;86
6776;86
6777;86
6778;86
6779;86
6780;86
6781;86
6782;86
6783;86
6784;86
6785;86
6786;86
6787;86
6788;86
6789;86
6790;86
6791;86
6792;86
6793;86
6794;86
6795;86
6796;86
6797;86
6798;86
6799;86
6800;86
6801;86
6802;86
6803;86
6804;86
6805;86
6806;86
6807;86
6808;86
6809;86
6810;86
6811;86
6812;86
6813;86
6814;86
6815;86
6816;86
6817;86
6818;86
6819;86
6820;86
6821;86
6822;86
6823;86
6824;86
6825;86
6826;86
6827;86
6828;86
6829;86
6830;86
6831;86
6832;86
6833;86
6834;86
6835;86
6836;86
6837;86
6838;86
6839;86
6840;86
6841;86
6842;86
6843;86
6844;86
6845;86
6846;86
6847;86
6848;86
6849;86
6850;86
6851;86
6852;86
6853;86
6854;86
6855;86
6856;86
6857;86
6858;86
6859;86
6860;86
6861;86
6862;86
6863;86
6864;86
6865;86
6866;86
6867;86
6868;86
6869;86
6870;86
6871;86
6872;86
6873;86
6874;86
6875;86
6876;86
6877;86
6878;86
6879;86
6880;86
6881;86
6882;86
6883;86
6884;86
6885;86
6886;86
6887;86
6888;86
6889;86
6890;86
6891;86
6892;86
6893;86
6894;86
6895;86
6896;86
6897;86
6898;86
6899;86
6900;86
6901;86
6902;86
6903;86
6904;86
6905;86
6906;86
6907;86
6908;86
6909;86
6910;86
6911;86
6912;86
6913;86
6914;86
6915;86
6916;86
6917;86
6918;86
6919;86
6920;86
6921;86
6922;86
6923;86
6924;86
6925;86
6926;86
6927;86
6928;86
6929;86
6930;86
6931;86
6932;86
6933;86
6934;86
6935;86
6936;86
6937;86
6938;86
6939;86
6940;86
6941;86
6942;86
6943;86
6944;86
6945;86
6946;86
6947;86
6948;86
6949;86
6950;86
6951;86
6952;86
6953;86
6954;86
6955;86
6956;86
6957;86
6958;86
6959;86
6960;86
6961;86
6962;86
6963;86
6964;86
6965;86
6966;86
6967;86
6968;86
6969;86
6970;86
6971;86
6972;86
6973;86
6974;86
6975;86
6976;86
6977;86
6978;86
6979;86
6980;86
6981;86
6982;86
6983;86
6984;86
6985;86
6986;86
6987;86
6988;86
6989;86
6990;86
6991;86
6992;86
6993;86
6994;86
6995;86
6996;86
6997;86
6998;86
6999;86
7000;86
7001;86
7002;86
7003;86
7004;86
7005;86
7006;86
7007;86
7008;86
7009;86
7010;86
7011;86
7012;86
7013;86
7014;86
7015;86
7016;86
7017;86
7018;86
7019;86
7020;86
7021;86
7022;86
7023;86
7024;86
7025;86
7026;86
7027;86
7028;86
7029;86
7030;86
7031;86
7032;86
7033;86
7034;86
7035;86
7036;86
7037;86
7038;86
7039;86
7040;86
7041;86
7042;86
7043;86
7044;86
7045;86
7046;86
7047;86
7048;86
7049;86
7050;86
7051;86
7052;86
7053;86
7054;86
7055;86
7056;86
7057;86
7058;86
7059;86
7060;86
7061;86
7062;86
7063;86
7064;86
7065;86
7066;86
7067;86
7068;86
7069;86
7070;86
7071;86
7072;86
7073;86
7074;86
7075;86
7076;86
7077;86
7078;86
7079;86
7080;86
7081;86
7082;86
7083;86
7084;86
7085;86
7086;86
7087;86
7088;86
7089;86
7090;86
7091;86
7092;86
7093;86
7094;86
7095;86
7096;86
7097;86
7098;86
7099;86
7100;86
7101;86
7102;86
7103;86
7104;86
7105;86
7106;86
7107;86
7108;86
7109;86
7110;86
7111;86
7112;86
7113;86
7114;86
7115;86
7116;86
7117;86
7118;86
7119;86
7120;86
7121;86
7122;86
7123;86
7124;86
7125;86
7126;86
7127;86
7128;86
7129;86
7130;86
7131;86
7132;86
7133;86
7134;86
7135;86
7136;86
7137;86
7138;86
7139;86
7140;86
7141;86
7142;86
7143;86
7144;86
7145;86
7146;86
7147;86
7148;86
7149;86
7150;86
7151;86
7152;86
7153;86
7154;86
7155;86
7156;86
7157;86
7158;86
7159;86
7160;86
7161;86
7162;86
7163;86
7164;86
7165;86
7166;86
7167;86
7168;86
7169;86
7170;86
7171;86
7172;86
7173;86
7174;86
7175;86
7176;86
7177;86
7178;86
7179;86
7180;86
7181;86
7182;86
7183;86
7184;86
7185;86
7186;86
7187;86
7188;86
7189;86
7190;86
7191;86
7192;86
7193;86
7194;86
7195;86
7196;86
7197;86
7198;86
7199;86
7200;86
7201;86
7202;86
7203;86
7204;86
7205;86
7206;86
7207;86
7208;86
7209;86
7210;86
7211;86
7212;86
7213;86
7214;86
7215;86
7216;86
7217;86
7218;86
7219;86
7220;86
7221;86
7222;86
7223;86
7224;86
7225;86
7226;86
7227;86
7228;86
7229;86
7230;86
7231;86
7232;86
7233;86
7234;86
7235;86
7236;86
7237;86
7238;86
7239;86
7240;86
7241;86
7242;86
7243;86
7244;86
7245;86
7246;86
7247;86
7248;86
7249;86
7250;86
7251;86
7252;86
7253;86
7254;86
7255;86
7256;86
7257;86
7258;86
7259;86
7260;86
7261;86
7262;86
7263;86
7264;86
7265;86
7266;86
7267;86
7268;86
7269;86
7270;86
7271;86
7272;86
7273;86
7274;86
7275;86
7276;86
7277;86
7278;86
7279;86
7280;86
7281;86
7282;86
7283;86
7284;86
7285;86
7286;86
7287;86
7288;86
7289;86
7290;86
7291;86
7292;86
7293;86
7294;86
7295;86
7296;86
7297;86
7298;86
7299;86
7300;86
7301;86
7302;86
7303;86
7304;86
7305;86
7306;86
7307;86
7308;86
7309;86
7310;86
7311;86
7312;86
7313;86
7314;86
7315;86
7316;86
7317;86
7318;86
7319;86
7320;86
7321;86
7322;86
7323;86
7324;86
7325;86
7326;86
7327;86
7328;86
7329;86
7330;86
7331;86
7332;86
7333;86
7334;86
7335;86
7336;86
7337;86
7338;86
7339;86
7340;86
7341;86
7342;86
7343;86
7344;86
7345;86
7346;86
7347;86
7348;86
7349;86
7350;86
7351;86
7352;86
7353;86
7354;86
7355;86
7356;86
7357;86
7358;86
7359;86
7360;86
7361;86
7362;86
7363;86
7364;86
7365;86
7366;86
7367;86
7368;86
7369;86
7370;86
7371;86
7372;86
7373;86
7374;86
7375;86
7376;86
7377;86
7378;86
7379;86
7380;86
7381;86
7382;86
7383;86
7384;86
7385;86
7386;86
7387;86
7388;86
7389;86
7390;86
7391;86
7392;86
7393;86
7394;86
7395;86
7396;86
7397;86
7398;86
7399;86
7400;86
7401;86
7402;86
7403;86
7404;86
7405;86
7406;86
7407;86
7408;86
7409;86
7410;86
7411;86
7412;86
7413;86
7414;86
7415;86
7416;86
7417;86
7418;86
7419;86
7420;86
7421;86
7422;86
7423;86
7424;86
7425;86
7426;86
7427;86
7428;86
7429;86
7430;86
7431;86
7432;86
7433;86
7434;86
7435;86
7436;86
7437;86
7438;86
7439;86
7440;86
7441;86
7442;86
7443;86
7444;86
7445;86
7446;86
7447;86
7448;86
7449;86
7450;86
7451;86
7452;86
7453;86
7454;86
7455;86
7456;86
7457;86
7458;86
7459;86
7460;86
7461;86
7462;86
7463;86
7464;86
7465;86
7466;86
7467;86
7468;86
7469;86
7470;86
7471;86
7472;86
7473;86
7474;86
7475;86
7476;86
7477;86
7478;86
7479;86
7480;86
7481;86
7482;86
7483;86
7484;86
7485;86
7486;86
7487;86
7488;86
7489;86
7490;86
7491;86
7492;86
7493;86
7494;86
7495;86
7496;86
7497;86
7498;86
7499;86
7500;86
7501;86
7502;86
7503;86
7504;86
7505;86
7506;86
7507;86
7508;86
7509;86
7510;86
7511;86
7512;86
7513;86
7514;86
7515;86
7516;86
7517;86
7518;86
7519;86
7520;86
7521;86
7522;86
7523;86
7524;86
7525;86
7526;86
7527;86
7528;86
7529;86
7530;86
7531;86
7532;86
7533;86
7534;86
7535;86
7536;86
7537;86
7538;86
7539;86
7540;86
7541;86
7542;86
7543;86
7544;86
7545;86
7546;86
7547;86
7548;86
7549;86
7550;86
7551;86
7552;86
7553;86
7554;86
7555;86
7556;86
7557;86
7558;86
7559;86
7560;86
7561;86
7562;86
7563;86
7564;86
7565;86
7566;86
7567;86
7568;86
7569;86
7570;86
7571;86
7572;86
7573;86
7574;86
7575;86
7576;86
7577;86
7578;86
7579;86
7580;86
7581;86
7582;86
7583;86
7584;86
7585;86
7586;86
7587;86
7588;86
7589;86
7590;86
7591;86
7592;86
7593;86
7594;86
7595;86
7596;86
7597;86
7598;86
7599;86
7600;86
7601;86
7602;86
7603;86
7604;86
7605;86
7606;86
7607;86
7608;86
7609;86
7610;86
7611;86
7612;86
7613;86
7614;86
7615;86
7616;86
7617;86
7618;86
7619;86
7620;86
7621;86
7622;86
7623;86
7624;86
7625;86
7626;86
7627;86
7628;86
7629;86
7630;86
7631;86
7632;86
7633;86
7634;86
7635;86
7636;86
7637;86
7638;86
7639;86
7640;86
7641;86
7642;86
7643;86
7644;86
7645;86
7646;86
7647;86
7648;86
7649;86
7650;86
7651;86
7652;86
7653;86
7654;86
7655;86
7656;86
7657;86
7658;86
7659;86
7660;86
7661;86
7662;86
7663;86
7664;86
7665;86
7666;86
7667;86
7668;86
7669;86
7670;86
7671;86
7672;86
7673;86
7674;86
7675;86
7676;86
7677;86
7678;86
7679;86
7680;86
7681;86
7682;86
7683;86
7684;86
7685;86
7686;86
7687;86
7688;86
7689;86
7690;86
7691;86
7692;86
7693;86
7694;86
7695;86
7696;86
7697;86
7698;86
7699;86
7700;86
7701;86
7702;86
7703;86
7704;86
7705;86
7706;86
7707;86
7708;86
7709;86
7710;86
7711;86
7712;86
7713;86
7714;86
7715;86
7716;86
7717;86
7718;86
7719;86
7720;86
7721;86
7722;86
7723;86
7724;86
7725;86
7726;86
7727;86
7728;86
7729;86
7730;86
7731;86
7732;86
7733;86
7734;86
7735;86
7736;86
7737;86
7738;86
7739;86
7740;86
7741;86
7742;86
7743;86
7744;86
7745;86
7746;86
7747;86
7748;86
7749;86
7750;86
7751;86
7752;86
7753;86
7754;86
7755;86
7756;86
7757;86
7758;86
7759;86
7760;86
7761;86
7762;86
7763;86
7764;86
7765;86
7766;86
7767;86
7768;86
7769;86
7770;86
7771;86
7772;86
7773;86
7774;86
7775;86
7776;86
7777;86
7778;86
7779;86
7780;86
7781;86
7782;86
7783;86
7784;86
7785;86
7786;86
7787;86
7788;86
7789;86
7790;86
7791;86
7792;86
7793;86
7794;86
7795;86
7796;86
7797;86
7798;86
7799;86
7800;86
7801;86
7802;86
7803;86
7804;86
7805;86
7806;86
7807;86
7808;86
7809;86
7810;86
7811;86
7812;86
7813;86
7814;86
7815;86
7816;86
7817;86
7818;86
7819;86
7820;86
7821;86
7822;86
7823;86
7824;86
7825;86
7826;86
7827;86
7828;86
7829;86
7830;86
7831;86
7832;86
7833;86
7834;86
7835;86
7836;86
7837;86
7838;86
7839;86
7840;86
7841;86
7842;86
7843;86
7844;86
7845;86
7846;86
7847;86
7848;86
7849;86
7850;86
7851;86
7852;86
7853;86
7854;86
7855;86
7856;86
7857;86
7858;86
7859;86
7860;86
7861;86
7862;86
7863;86
7864;86
7865;86
7866;86
7867;86
7868;86
7869;86
7870;86
7871;86
7872;86
7873;86
7874;86
7875;86
7876;86
7877;86
7878;86
7879;86
7880;86
7881;86
7882;86
7883;86
7884;86
7885;86
7886;86
7887;86
7888;86
7889;86
7890;86
7891;86
7892;86
7893;86
7894;86
7895;86
7896;86
7897;86
7898;86
7899;86
7900;86
7901;86
7902;86
7903;86
7904;86
7905;86
7906;86
7907;86
7908;86
7909;86
7910;86
7911;86
7912;86
7913;86
7914;86
7915;86
7916;86
7917;86
7918;86
7919;86
7920;86
7921;86
7922;86
7923;86
7924;86
7925;86
7926;86
7927;86
7928;86
7929;86
7930;86
7931;86
7932;86
7933;86
7934;86
7935;86
7936;86
7937;86
7938;86
7939;86
7940;86
7941;86
7942;86
7943;86
7944;86
7945;86
7946;86
7947;86
7948;86
7949;86
7950;86
7951;86
7952;86
7953;86
7954;86
7955;86
7956;86
7957;86
7958;86
7959;86
7960;86
7961;86
7962;86
7963;86
7964;86
7965;86
7966;86
7967;86
7968;86
7969;86
7970;86
7971;86
7972;86
7973;86
7974;86
7975;86
7976;86
7977;86
7978;86
7979;86
7980;86
7981;86
7982;86
7983;86
7984;86
7985;86
7986;86
7987;86
7988;86
7989;86
7990;86
7991;86
7992;86
7993;86
7994;86
7995;86
7996;86
7997;86
7998;86
7999;86
8000;86
8001;86
8002;86
8003;86
8004;86
8005;86
8006;86
8007;86
8008;86
8009;86
8010;86
8011;86
8012;86
8013;86
8014;86
8015;86
8016;86
8017;86
8018;86
8019;86
8020;86
8021;86
8022;86
8023;86
8024;86
8025;86
8026;86
8027;86
8028;86
8029;86
8030;86
8031;86
8032;86
8033;86
8034;86
8035;86
8036;86
8037;86
8038;86
8039;86
8040;86
8041;86
8042;86
8043;86
8044;86
8045;86
8046;86
8047;86
8048;86
8049;86
8050;86
8051;86
8052;86
8053;86
8054;86
8055;86
8056;86
8057;86
8058;86
8059;86
8060;86
8061;86
8062;86
8063;86
8064;86
8065;86
8066;86
8067;86
8068;86
8069;86
8070;86
8071;86
8072;86
8073;86
8074;86
8075;86
8076;86
8077;86
8078;86
8079;86
8080;86
8081;86
8082;86
8083;86
8084;86
8085;86
8086;86
8087;86
8088;86
8089;86
8090;86
8091;86
8092;86
8093;86
8094;86
8095;86
8096;86
8097;86
8098;86
8099;86
8100;86
8101;86
8102;86
8103;86
8104;86
8105;86
8106;86
8107;86
8108;86
8109;86
8110;86
8111;86
8112;86
8113;86
8114;86
8115;86
8116;86
8117;86
8118;86
8119;86
8120;86
8121;86
8122;86
8123;86
8124;86
8125;86
8126;86
8127;86
8128;86
8129;86
8130;86
8131;86
8132;86
8133;86
8134;86
8135;86
8136;86
8137;86
8138;86
8139;86
8140;86
8141;86
8142;86
8143;86
8144;86
8145;86
8146;86
8147;86
8148;86
8149;86
8150;86
8151;86
8152;86
8153;86
8154;86
8155;86
8156;86
8157;86
8158;86
8159;86
8160;86
8161;86
8162;86
8163;86
8164;86
8165;86
8166;86
8167;86
8168;86
8169;86
8170;86
8171;86
8172;86
8173;86
8174;86
8175;86
8176;86
8177;86
8178;86
8179;86
8180;86
8181;86
8182;86
8183;86
8184;86
8185;86
8186;86
8187;86
8188;86
8189;86
8190;86
8191;86
8192;86
8193;86
8194;86
8195;86
8196;86
8197;86
8198;86
8199;86
8200;86
8201;86
8202;86
8203;86
8204;86
8205;86
8206;86
8207;86
8208;86
8209;86
8210;86
8211;86
8212;86
8213;86
8214;86
8215;86
8216;86
8217;86
8218;86
8219;86
8220;86
8221;86
8222;86
8223;86
8224;86
8225;86
8226;86
8227;86
8228;86
8229;86
8230;86
8231;86
8232;86
8233;86
8234;86
8235;86
8236;86
8237;86
8238;86
8239;86
8240;86
8241;86
8242;86
8243;86
8244;86
8245;86
8246;86
8247;86
8248;86
8249;86
8250;86
8251;86
8252;86
8253;86
8254;86
8255;86
8256;86
8257;86
8258;86
8259;86
8260;86
8261;86
8262;86
8263;86
8264;86
8265;86
8266;86
8267;86
8268;86
8269;86
8270;86
8271;86
8272;86
8273;86
8274;86
8275;86
8276;86
8277;86
8278;86
8279;86
8280;86
8281;86
8282;86
8283;86
8284;86
8285;86
8286;86
8287;86
8288;86
8289;86
8290;86
8291;86
8292;86
8293;86
8294;86
8295;86
8296;86
8297;86
8298;86
8299;86
8300;86
8301;86
8302;86
8303;86
8304;86
8305;86
8306;86
8307;86
8308;86
8309;86
8310;86
8311;86
8312;86
8313;86
8314;86
8315;86
8316;86
8317;86
8318;86
8319;86
8320;86
8321;86
8322;86
8323;86
8324;86
8325;86
8326;86
8327;86
8328;86
8329;86
8330;86
8331;86
8332;86
8333;86
8334;86
8335;86
8336;86
8337;86
8338;86
8339;86
8340;86
8341;86
8342;86
8343;86
8344;86
8345;86
8346;86
8347;86
8348;86
8349;86
8350;86
8351;86
8352;86
8353;86
8354;86
8355;86
8356;86
8357;86
8358;86
8359;86
8360;86
8361;86
8362;86
8363;86
8364;86
8365;86
8366;86
8367;86
8368;86
8369;86
8370;86
8371;86
8372;86
8373;86
8374;86
8375;86
8376;86
8377;86
8378;86
8379;86
8380;86
8381;86
8382;86
8383;86
8384;86
8385;86
8386;86
8387;86
8388;86
8389;86
8390;86
8391;86
8392;86
8393;86
8394;86
8395;86
8396;86
8397;86
8398;86
8399;86
8400;86
8401;86
8402;86
8403;86
8404;86
8405;86
8406;86
8407;86
8408;86
8409;86
8410;86
8411;86
8412;86
8413;86
8414;86
8415;86
8416;86
8417;86
8418;86
8419;86
8420;86
8421;86
8422;86
8423;86
8424;86
8425;86
8426;86
8427;86
8428;86
8429;86
8430;86
8431;86
8432;86
8433;86
8434;86
8435;86
8436;86
8437;86
8438;86
8439;86
8440;86
8441;86
8442;86
8443;86
8444;86
8445;86
8446;86
8447;86
8448;86
8449;86
8450;86
8451;86
8452;86
8453;86
8454;86
8455;86
8456;86
8457;86
8458;86
8459;86
8460;86
8461;86
8462;86
8463;86
8464;86
8465;86
8466;86
8467;86
8468;86
8469;86
8470;86
8471;86
8472;86
8473;86
8474;86
8475;86
8476;86
8477;86
8478;86
8479;86
8480;86
8481;86
8482;86
8483;86
8484;86
8485;86
8486;86
8487;86
8488;86
8489;86
8490;86
8491;86
8492;86
8493;86
8494;86
8495;86
8496;86
8497;86
8498;86
8499;86
8500;86
8501;86
8502;86
8503;86
8504;86
8505;86
8506;86
8507;86
8508;86
8509;86
8510;86
8511;86
8512;86
8513;86
8514;86
8515;86
8516;86
8517;86
8518;86
8519;86
8520;86
8521;86
8522;86
8523;86
8524;86
8525;86
8526;86
8527;86
8528;86
8529;86
8530;86
8531;86
8532;86
8533;86
8534;86
8535;86
8536;86
8537;86
8538;86
8539;86
8540;86
8541;86
8542;86
8543;86
8544;86
8545;86
8546;86
8547;86
8548;86
8549;86
8550;86
8551;86
8552;86
8553;86
8554;86
8555;86
8556;86
8557;86
8558;86
8559;86
8560;86
8561;86
8562;86
8563;86
8564;86
8565;86
8566;86
8567;86
8568;86
8569;86
8570;86
8571;86
8572;86
8573;86
8574;86
8575;86
8576;86
8577;86
8578;86
8579;86
8580;86
8581;86
8582;86
8583;86
8584;86
8585;86
8586;86
8587;86
8588;86
8589;86
8590;86
8591;86
8592;86
8593;86
8594;86
8595;86
8596;86
8597;86
8598;86
8599;86
8600;86
8601;86
8602;86
8603;86
8604;86
8605;86
8606;86
8607;86
8608;86
8609;86
8610;86
8611;86
8612;86
8613;86
8614;86
8615;86
8616;86
8617;86
8618;86
8619;86
8620;86
8621;86
8622;86
8623;86
8624;86
8625;86
8626;86
8627;86
8628;86
8629;86
8630;86
8631;86
8632;86
8633;86
8634;86
8635;86
8636;86
8637;86
8638;86
8639;86
8640;86
8641;86
8642;86
8643;86
8644;86
8645;86
8646;86
8647;86
8648;86
8649;86
8650;86
8651;86
8652;86
8653;86
8654;86
8655;86
8656;86
8657;86
8658;86
8659;86
8660;86
8661;86
8662;86
8663;86
8664;86
8665;86
8666;86
8667;86
8668;86
8669;86
8670;86
8671;86
8672;86
8673;86
8674;86
8675;86
8676;86
8677;86
8678;86
8679;86
8680;86
8681;86
8682;86
8683;86
8684;86
8685;86
8686;86
8687;86
8688;86
8689;86
8690;86
8691;86
8692;86
8693;86
8694;86
8695;86
8696;86
8697;86
8698;86
8699;86
8700;86
8701;86
8702;86
8703;86
8704;86
8705;86
8706;86
8707;86
8708;86
8709;86
8710;86
8711;86
8712;86
8713;86
8714;86
8715;86
8716;86
8717;86
8718;86
8719;86
8720;86
8721;86
8722;86
8723;86
8724;86
8725;86
8726;86
8727;86
8728;86
8729;86
8730;86
8731;86
8732;86
8733;86
8734;86
8735;86
8736;86
8737;86
8738;86
8739;86
8740;86
8741;86
8742;86
8743;86
8744;86
8745;86
8746;86
8747;86
8748;86
8749;86
8750;86
8751;86
8752;86
8753;86
8754;86
8755;86
8756;86
8757;86
8758;86
8759;86
8760;86
8761;86
8762;86
8763;86
8764;86
8765;86
8766;86
8767;86
8768;86
8769;86
8770;86
8771;86
8772;86
8773;86
8774;86
8775;86
8776;86
8777;86
8778;86
8779;86
8780;86
8781;86
8782;86
8783;86
8784;86
8785;86
8786;86
8787;86
8788;86
8789;86
8790;86
8791;86
8792;86
8793;86
8794;86
8795;86
8796;86
8797;86
8798;86
8799;86
8800;86
8801;86
8802;86
8803;86
8804;86
8805;86
8806;86
8807;86
8808;86
8809;86
8810;86
8811;86
8812;86
8813;86
8814;86
8815;86
8816;86
8817;86
8818;86
8819;86
8820;86
8821;86
8822;86
8823;86
8824;86
8825;86
8826;86
8827;86
8828;86
8829;86
8830;86
8831;86
8832;86
8833;86
8834;86
8835;86
8836;86
8837;86
8838;86
8839;86
8840;86
8841;86
8842;86
8843;86
8844;86
8845;86
8846;86
8847;86
8848;86
8849;86
8850;86
8851;86
8852;86
8853;86
8854;86
8855;86
8856;86
8857;86
8858;86
8859;86
8860;86
8861;86
8862;86
8863;86
8864;86
8865;86
8866;86
8867;86
8868;86
8869;86
8870;86
8871;86
8872;86
8873;86
8874;86
8875;86
8876;86
8877;86
8878;86
8879;86
8880;86
8881;86
8882;86
8883;86
8884;86
8885;86
8886;86
8887;86
8888;86
8889;86
8890;86
8891;86
8892;86
8893;86
8894;86
8895;86
8896;86
8897;86
8898;86
8899;86
8900;86
8901;86
8902;86
8903;86
8904;86
8905;86
8906;86
8907;86
8908;86
8909;86
8910;86
8911;86
8912;86
8913;86
8914;86
8915;86
8916;86
8917;86
8918;86
8919;86
8920;86
8921;86
8922;86
8923;86
8924;86
8925;86
8926;86
8927;86
8928;86
8929;86
8930;86
8931;86
8932;86
8933;86
8934;86
8935;86
8936;86
8937;86
8938;86
8939;86
8940;86
8941;86
8942;86
8943;86
8944;86
8945;86
8946;86
8947;86
8948;86
8949;86
8950;86
8951;86
8952;86
8953;86
8954;86
8955;86
8956;86
8957;86
8958;86
8959;86
8960;86
8961;86
8962;86
8963;86
8964;86
8965;86
8966;86
8967;86
8968;86
8969;86
8970;86
8971;86
8972;86
8973;86
8974;86
8975;86
8976;86
8977;86
8978;86
8979;86
8980;86
8981;86
8982;86
8983;86
8984;86
8985;86
8986;86
8987;86
8988;86
8989;86
8990;86
8991;86
8992;86
8993;86
8994;86
8995;86
8996;86
8997;86
8998;86
8999;86
9000;86
9001;86
9002;86
9003;86
9004;86
9005;86
9006;86
9007;86
9008;86
9009;86
9010;86
9011;86
9012;86
9013;86
9014;86
9015;86
9016;86
9017;86
9018;86
9019;86
9020;86
9021;86
9022;86
9023;86
9024;86
9025;86
9026;86
9027;86
9028;86
9029;86
9030;86
9031;86
9032;86
9033;86
9034;86
9035;86
9036;86
9037;86
9038;86
9039;86
9040;86
9041;86
9042;86
9043;86
9044;86
9045;86
9046;86
9047;86
9048;86
9049;86
9050;86
9051;86
9052;86
9053;86
9054;86
9055;86
9056;86
9057;86
9058;86
9059;86
9060;86
9061;86
9062;86
9063;86
9064;86
9065;86
9066;86
9067;86
9068;86
9069;86
9070;86
9071;86
9072;86
9073;86
9074;86
9075;86
9076;86
9077;86
9078;86
9079;86
9080;86
9081;86
9082;86
9083;86
9084;86
9085;86
9086;86
9087;86
9088;86
9089;86
9090;86
9091;86
9092;86
9093;86
9094;86
9095;86
9096;86
9097;86
9098;86
9099;86
9100;86
9101;86
9102;86
9103;86
9104;86
9105;86
9106;86
9107;86
9108;86
9109;86
9110;86
9111;86
9112;86
9113;86
9114;86
9115;86
9116;86
9117;86
9118;86
9119;86
9120;86
9121;86
9122;86
9123;86
9124;86
9125;86
9126;86
9127;86
9128;86
9129;86
9130;86
9131;86
9132;86
9133;86
9134;86
9135;86
9136;86
9137;86
9138;86
9139;86
9140;86
9141;86
9142;86
9143;86
9144;86
9145;86
9146;86
9147;86
9148;86
9149;86
9150;86
9151;86
9152;86
9153;86
9154;86
9155;86
9156;86
9157;86
9158;86
9159;86
9160;86
9161;86
9162;86
9163;86
9164;86
9165;86
9166;86
9167;86
9168;86
9169;86
9170;86
9171;86
9172;86
9173;86
9174;86
9175;86
9176;86
9177;86
9178;86
9179;86
9180;86
9181;86
9182;86
9183;86
9184;86
9185;86
9186;86
9187;86
9188;86
9189;86
9190;86
9191;86
9192;86
9193;86
9194;86
9195;86
9196;86
9197;86
9198;86
9199;86
9200;86
9201;86
9202;86
9203;86
9204;86
9205;86
9206;86
9207;86
9208;86
9209;86
9210;86
9211;86
9212;86
9213;86
9214;86
9215;86
9216;86
9217;86
9218;86
9219;86
9220;86
9221;86
9222;86
9223;86
9224;86
9225;86
9226;86
9227;86
9228;86
9229;86
9230;86
9231;86
9232;86
9233;86
9234;86
9235;86
9236;86
9237;86
9238;86
9239;86
9240;86
9241;86
9242;86
9243;86
9244;86
9245;86
9246;86
9247;86
9248;86
9249;86
9250;86
9251;86
9252;86
9253;86
9254;86
9255;86
9256;86
9257;86
9258;86
9259;86
9260;86
9261;86
9262;86
9263;86
9264;86
9265;86
9266;86
9267;86
9268;86
9269;86
9270;86
9271;86
9272;86
9273;86
9274;86
9275;86
9276;86
9277;86
9278;86
9279;86
9280;86
9281;86
9282;86
9283;86
9284;86
9285;86
9286;86
9287;86
9288;86
9289;86
9290;86
9291;86
9292;86
9293;86
9294;86
9295;86
9296;86
9297;86
9298;86
9299;86
9300;86
9301;86
9302;86
9303;86
9304;86
9305;86
9306;86
9307;86
9308;86
9309;86
9310;86
9311;86
9312;86
9313;86
9314;86
9315;86
9316;86
9317;86
9318;86
9319;86
9320;86
9321;86
9322;86
9323;86
9324;86
9325;86
9326;86
9327;86
9328;86
9329;86
9330;86
9331;86
9332;86
9333;86
9334;86
9335;86
9336;86
9337;86
9338;86
9339;86
9340;86
9341;86
9342;86
9343;86
9344;86
9345;86
9346;86
9347;86
9348;86
9349;86
9350;86
9351;86
9352;86
9353;86
9354;86
9355;86
9356;86
9357;86
9358;86
9359;86
9360;86
9361;86
9362;86
9363;86
9364;86
9365;86
9366;86
9367;86
9368;86
9369;86
9370;86
9371;86
9372;86
9373;86
9374;86
9375;86
9376;86
9377;86
9378;86
9379;86
9380;86
9381;86
9382;86
9383;86
9384;86
9385;86
9386;86
9387;86
9388;86
9389;86
9390;86
9391;86
9392;86
9393;86
9394;86
9395;86
9396;86
9397;86
9398;86
9399;86
9400;86
9401;86
9402;86
9403;86
9404;86
9405;86
9406;86
9407;86
9408;86
9409;86
9410;86
9411;86
9412;86
9413;86
9414;86
9415;86
9416;86
9417;86
9418;86
9419;86
9420;86
9421;86
9422;86
9423;86
9424;86
9425;86
9426;86
9427;86
9428;86
9429;86
9430;86
9431;86
9432;86
9433;86
9434;86
9435;86
9436;86
9437;86
9438;86
9439;86
9440;86
9441;86
9442;86
9443;86
9444;86
9445;86
9446;86
9447;86
9448;86
9449;86
9450;86
9451;86
9452;86
9453;86
9454;86
9455;86
9456;86
9457;86
9458;86
9459;86
9460;86
9461;86
9462;86
9463;86
9464;86
9465;86
9466;86
9467;86
9468;86
9469;86
9470;86
9471;86
9472;86
9473;86
9474;86
9475;86
9476;86
9477;86
9478;86
9479;86
9480;86
9481;86
9482;86
9483;86
9484;86
9485;86
9486;86
9487;86
9488;86
9489;86
9490;86
9491;86
9492;86
9493;86
9494;86
9495;86
9496;86
9497;86
9498;86
9499;86
9500;86
9501;86
9502;86
9503;86
9504;86
9505;86
9506;86
9507;86
9508;86
9509;86
9510;86
9511;86
9512;86
9513;86
9514;86
9515;86
9516;86
9517;86
9518;86
9519;86
9520;86
9521;86
9522;86
9523;86
9524;86
9525;86
9526;86
9527;86
9528;86
9529;86
9530;86
9531;86
9532;86
9533;86
9534;86
9535;86
9536;86
9537;86
9538;86
9539;86
9540;86
9541;86
9542;86
9543;86
9544;86
9545;86
9546;86
9547;86
9548;86
9549;86
9550;86
9551;86
9552;86
9553;86
9554;86
9555;86
9556;86
9557;86
9558;86
9559;86
9560;86
9561;86
9562;86
9563;86
9564;86
9565;86
9566;86
9567;86
9568;86
9569;86
9570;86
9571;86
9572;86
9573;86
9574;86
9575;86
9576;86
9577;86
9578;86
9579;86
9580;86
9581;86
9582;86
9583;86
9584;86
9585;86
9586;86
9587;86
9588;86
9589;86
9590;86
9591;86
9592;86
9593;86
9594;86
9595;86
9596;86
9597;86
9598;86
9599;86
9600;86
9601;86
9602;86
9603;86
9604;86
9605;86
9606;86
9607;86
9608;86
9609;86
9610;86
9611;86
9612;86
9613;86
9614;86
9615;86
9616;86
9617;86
9618;86
9619;86
9620;86
9621;86
9622;86
9623;86
9624;86
9625;86
9626;86
9627;86
9628;86
9629;86
9630;86
9631;86
9632;86
9633;86
9634;86
9635;86
9636;86
9637;86
9638;86
9639;86
9640;86
9641;86
9642;86
9643;86
9644;86
9645;86
9646;86
9647;86
9648;86
9649;86
9650;86
9651;86
9652;86
9653;86
9654;86
9655;86
9656;86
9657;86
9658;86
9659;86
9660;86
9661;86
9662;86
9663;86
9664;86
9665;86
9666;86
9667;86
9668;86
9669;86
9670;86
9671;86
9672;86
9673;86
9674;86
9675;86
9676;86
9677;86
9678;86
9679;86
9680;86
9681;86
9682;86
9683;86
9684;86
9685;86
9686;86
9687;86
9688;86
9689;86
9690;86
9691;86
9692;86
9693;86
9694;86
9695;86
9696;86
9697;86
9698;86
9699;86
9700;86
9701;86
9702;86
9703;86
9704;86
9705;86
9706;86
9707;86
9708;86
9709;86
9710;86
9711;86
9712;86
9713;86
9714;86
9715;86
9716;86
9717;86
9718;86
9719;86
9720;86
9721;86
9722;86
9723;86
9724;86
9725;86
9726;86
9727;86
9728;86
9729;86
9730;86
9731;86
9732;86
9733;86
9734;86
9735;86
9736;86
9737;86
9738;86
9739;86
9740;86
9741;86
9742;86
9743;86
9744;86
9745;86
9746;86
9747;86
9748;86
9749;86
9750;86
9751;86
9752;86
9753;86
9754;86
9755;86
9756;86
9757;86
9758;86
9759;86
9760;86
9761;86
9762;86
9763;86
9764;86
9765;86
9766;86
9767;86
9768;86
9769;86
9770;86
9771;86
9772;86
9773;86
9774;86
9775;86
9776;86
9777;86
9778;86
9779;86
9780;86
9781;86
9782;86
9783;86
9784;86
9785;86
9786;86
9787;86
9788;86
9789;86
9790;86
9791;86
9792;86
9793;86
9794;86
9795;86
9796;86
9797;86
9798;86
9799;86
9800;86
9801;86
9802;86
9803;86
9804;86
9805;86
9806;86
9807;86
9808;86
9809;86
9810;86
9811;86
9812;86
9813;86
9814;86
9815;86
9816;86
9817;86
9818;86
9819;86
9820;86
9821;86
9822;86
9823;86
9824;86
9825;86
9826;86
9827;86
9828;86
9829;86
9830;86
9831;86
9832;86
9833;86
9834;86
9835;86
9836;86
9837;86
9838;86
9839;86
9840;86
9841;86
9842;86
9843;86
9844;86
9845;86
9846;86
9847;86
9848;86
9849;86
9850;86
9851;86
9852;86
9853;86
9854;86
9855;86
9856;86
9857;86
9858;86
9859;86
9860;86
9861;86
9862;86
9863;86
9864;86
9865;86
9866;86
9867;86
9868;86
9869;86
9870;86
9871;86
9872;86
9873;86
9874;86
9875;86
9876;86
9877;86
9878;86
9879;86
9880;86
9881;86
9882;86
9883;86
9884;86
9885;86
9886;86
9887;86
9888;86
9889;86
9890;86
9891;86
9892;86
9893;86
9894;86
9895;86
9896;86
9897;86
9898;86
9899;86
9900;86
9901;86
9902;86
9903;86
9904;86
9905;86
9906;86
9907;86
9908;86
9909;86
9910;86
9911;86
9912;86
9913;86
9914;86
9915;86
9916;86
9917;86
9918;86
9919;86
9920;86
9921;86
9922;86
9923;86
9924;86
9925;86
9926;86
9927;86
9928;86
9929;86
9930;86
9931;86
9932;86
9933;86
9934;86
9935;86
9936;86
9937;86
9938;86
9939;86
9940;86
9941;86
9942;86
9943;86
9944;86
9945;86
9946;86
9947;86
9948;86
9949;86
9950;86
9951;86
9952;86
9953;86
9954;86
9955;86
9956;86
9957;86
9958;86
9959;86
9960;86
9961;86
9962;86
9963;86
9964;86
9965;86
9966;86
9967;86
9968;86
9969;86
9970;86
9971;86
9972;86
9973;86
9974;86
9975;86
9976;86
9977;86
9978;86
9979;86
9980;86
9981;86
9982;86
9983;86
9984;86
9985;86
9986;86
9987;86
9988;86
9989;86
9990;86
9991;86
9992;86
9993;86
9994;86
9995;86
9996;86
9997;86
9998;86
9999;86