0;17
1;17
2;17
3;17
4;25
5;25
6;25
7;25
8;25
9;25
10;37
11;37
12;37
13;37
14;37
15;37
16;37
17;37
18;37
19;37
20;37
21;37
22;37
23;37
24;37
25;37
26;37
27;37
28;37
29;37
30;37
31;37
32;37
33;37
34;40
35;40
36;40
37;40
38;40
39;40
40;40
41;40
42;40
43;40
44;40
45;40
46;40
47;40
48;40
49;40
50;44
51;44
52;44
53;44
54;44
55;44
56;44
57;44
58;44
59;44
60;44
61;44
62;44
63;44
64;44
65;44
66;44
67;44
68;44
69;44
70;44
71;44
72;44
73;44
74;44
75;44
76;44
77;44
78;44
79;44
80;44
81;48
82;48
83;48
84;48
85;48
86;48
87;48
88;48
89;48
90;48
91;48
92;48
93;48
94;48
95;48
96;48
97;48
98;48
99;48
100;48
101;48
102;48
103;48
104;48
105;48
106;48
107;48
108;48
109;48
110;48
111;48
112;48
113;48
114;48
115;48
116;60
117;60
118;60
119;60
120;60
121;60
122;60
123;60
124;60
125;60
126;60
127;60
128;60
129;60
130;60
131;60
132;60
133;60
134;60
135;62
136;62
137;62
138;62
139;62
140;62
141;62
142;62
143;62
144;62
145;62
146;62
147;62
148;62
149;62
150;62
151;62
152;62
153;62
154;62
155;62
156;62
157;62
158;62
159;62
160;62
161;62
162;62
163;62
164;62
165;62
166;62
167;62
168;62
169;62
170;62
171;62
172;62
173;62
174;62
175;62
176;62
177;62
178;62
179;62
180;62
181;62
182;62
183;62
184;62
185;62
186;62
187;62
188;62
189;62
190;62
191;62
192;62
193;62
194;62
195;62
196;62
197;62
198;62
199;62
200;62
201;62
202;62
203;62
204;62
205;62
206;62
207;62
208;62
209;62
210;62
211;62
212;62
213;62
214;62
215;62
216;62
217;62
218;62
219;62
220;62
221;62
222;62
223;62
224;62
225;62
226;62
227;62
228;62
229;62
230;62
231;62
232;62
233;62
234;62
235;62
236;62
237;62
238;62
239;62
240;62
241;62
242;62
243;62
244;62
245;62
246;62
247;62
248;62
249;62
250;62
251;62
252;62
253;62
254;62
255;62
256;62
257;62
258;62
259;62
260;62
261;62
262;62
263;62
264;62
265;62
266;62
267;62
268;62
269;62
270;62
271;62
272;62
273;62
274;62
275;62
276;62
277;62
278;62
279;62
280;62
281;62
282;62
283;62
284;62
285;62
286;62
287;62
288;62
289;62
290;62
291;62
292;62
293;62
294;62
295;62
296;62
297;62
298;62
299;62
300;62
301;62
302;62
303;62
304;62
305;62
306;62
307;62
308;62
309;62
310;62
311;62
312;62
313;62
314;62
315;62
316;62
317;62
318;62
319;62
320;62
321;62
322;62
323;62
324;62
325;62
326;62
327;62
328;62
329;62
330;62
331;62
332;62
333;62
334;62
335;66
336;66
337;66
338;66
339;66
340;66
341;66
342;66
343;66
344;66
345;66
346;66
347;66
348;66
349;66
350;66
351;66
352;66
353;66
354;66
355;66
356;66
357;66
358;66
359;66
360;66
361;66
362;66
363;66
364;66
365;66
366;66
367;66
368;66
369;66
370;66
371;66
372;66
373;66
374;66
375;66
376;66
377;66
378;66
379;66
380;66
381;66
382;66
383;66
384;66
385;66
386;66
387;66
388;66
389;66
390;66
391;66
392;66
393;66
394;66
395;66
396;66
397;66
398;66
399;66
400;66
401;66
402;66
403;66
404;66
405;66
406;66
407;66
408;66
409;66
410;66
411;66
412;66
413;66
414;66
415;66
416;66
417;66
418;66
419;66
420;66
421;66
422;66
423;66
424;66
425;66
426;66
427;66
428;66
429;78
430;78
431;78
432;78
433;78
434;78
435;78
436;78
437;78
438;78
439;78
440;78
441;78
442;78
443;78
444;78
445;78
446;78
447;78
448;78
449;78
450;78
451;78
452;78
453;78
454;78
455;78
456;78
457;78
458;78
459;78
460;78
461;78
462;78
463;78
464;78
465;78
466;78
467;78
468;78
469;78
470;78
471;78
472;78
473;78
474;78
475;78
476;78
477;78
478;78
479;78
480;78
481;78
482;78
483;78
484;78
485;78
486;78
487;78
488;78
489;78
490;78
491;78
492;78
493;78
494;78
495;78
496;78
497;78
498;78
499;78
500;78
501;78
502;78
503;78
504;78
505;78
506;78
507;78
508;78
509;78
510;78
511;78
512;78
513;78
514;78
515;78
516;78
517;78
518;78
519;78
520;78
521;78
522;78
523;78
524;78
525;78
526;78
527;78
528;78
529;78
530;78
531;78
532;78
533;78
534;78
535;78
536;78
537;78
538;78
539;78
540;78
541;78
542;78
543;78
544;78
545;78
546;78
547;78
548;78
549;78
550;78
551;78
552;78
553;78
554;78
555;78
556;78
557;78
558;78
559;78
560;78
561;78
562;78
563;78
564;78
565;78
566;78
567;78
568;78
569;78
570;78
571;78
572;78
573;78
574;78
575;78
576;78
577;78
578;78
579;78
580;78
581;78
582;78
583;78
584;78
585;78
586;78
587;78
588;78
589;78
590;78
591;78
592;78
593;78
594;78
595;78
596;78
597;78
598;78
599;78
600;78
601;78
602;78
603;78
604;78
605;78
606;78
607;78
608;78
609;78
610;78
611;78
612;78
613;78
614;78
615;78
616;78
617;78
618;78
619;78
620;78
621;78
622;78
623;78
624;78
625;78
626;78
627;78
628;78
629;78
630;78
631;78
632;78
633;78
634;78
635;78
636;78
637;78
638;78
639;78
640;78
641;88
642;88
643;88
644;88
645;88
646;88
647;88
648;88
649;88
650;88
651;88
652;88
653;88
654;88
655;88
656;88
657;88
658;88
659;88
660;88
661;88
662;88
663;88
664;88
665;88
666;88
667;88
668;88
669;88
670;88
671;88
672;88
673;88
674;88
675;88
676;88
677;88
678;88
679;88
680;88
681;88
682;88
683;88
684;88
685;88
686;88
687;88
688;88
689;88
690;88
691;88
692;88
693;88
694;88
695;88
696;88
697;88
698;88
699;88
700;88
701;88
702;88
703;88
704;88
705;88
706;88
707;88
708;88
709;88
710;88
711;88
712;88
713;88
714;88
715;88
716;88
717;88
718;88
719;88
720;88
721;88
722;88
723;88
724;88
725;88
726;88
727;88
728;88
729;88
730;88
731;88
732;88
733;88
734;88
735;88
736;88
737;88
738;88
739;88
740;88
741;88
742;88
743;88
744;88
745;88
746;88
747;88
748;88
749;88
750;88
751;88
752;88
753;88
754;88
755;88
756;88
757;88
758;88
759;88
760;88
761;88
762;88
763;88
764;88
765;88
766;88
767;88
768;88
769;88
770;88
771;88
772;88
773;88
774;88
775;88
776;88
777;88
778;88
779;88
780;88
781;88
782;88
783;88
784;88
785;88
786;88
787;88
788;88
789;88
790;88
791;88
792;88
793;88
794;88
795;88
796;88
797;88
798;88
799;88
800;88
801;88
802;88
803;88
804;88
805;88
806;88
807;88
808;88
809;88
810;88
811;88
812;88
813;88
814;88
815;88
816;88
817;88
818;88
819;88
820;88
821;88
822;88
823;88
824;88
825;88
826;88
827;88
828;88
829;88
830;88
831;88
832;88
833;88
834;88
835;88
836;88
837;88
838;88
839;88
840;88
841;88
842;88
843;88
844;88
845;88
846;88
847;88
848;88
849;88
850;88
851;88
852;88
853;88
854;88
855;88
856;88
857;88
858;88
859;88
860;88
861;88
862;88
863;88
864;88
865;88
866;88
867;88
868;88
869;88
870;88
871;88
872;88
873;88
874;88
875;88
876;88
877;88
878;88
879;88
880;88
881;88
882;88
883;88
884;88
885;88
886;88
887;88
888;88
889;88
890;88
891;88
892;88
893;88
894;88
895;88
896;88
897;88
898;88
899;88
900;88
901;88
902;88
903;88
904;88
905;88
906;88
907;88
908;88
909;88
910;88
911;88
912;88
913;88
914;88
915;88
916;88
917;88
918;88
919;88
920;88
921;88
922;88
923;88
924;88
925;88
926;88
927;88
928;88
929;88
930;88
931;88
932;88
933;88
934;88
935;88
936;88
937;88
938;88
939;88
940;88
941;88
942;88
943;88
944;88
945;88
946;88
947;88
948;88
949;88
950;88
951;88
952;88
953;88
954;88
955;88
956;88
957;88
958;88
959;88
960;88
961;88
962;88
963;88
964;88
965;88
966;88
967;88
968;88
969;88
970;88
971;88
972;88
973;88
974;88
975;88
976;88
977;88
978;88
979;88
980;88
981;88
982;88
983;88
984;88
985;88
986;88
987;88
988;88
989;88
990;88
991;88
992;88
993;88
994;88
995;88
996;88
997;88
998;88
999;88
1000;88
1001;88
1002;88
1003;88
1004;88
1005;88
1006;88
1007;88
1008;88
1009;88
1010;88
1011;88
1012;88
1013;88
1014;88
1015;88
1016;88
1017;88
1018;88
1019;88
1020;88
1021;88
1022;88
1023;88
1024;88
1025;88
1026;88
1027;88
1028;88
1029;88
1030;88
1031;88
1032;88
1033;88
1034;88
1035;88
1036;88
1037;88
1038;88
1039;88
1040;88
1041;88
1042;88
1043;88
1044;88
1045;88
1046;88
1047;88
1048;88
1049;88
1050;88
1051;88
1052;88
1053;88
1054;88
1055;88
1056;88
1057;88
1058;88
1059;88
1060;88
1061;88
1062;88
1063;88
1064;88
1065;88
1066;88
1067;88
1068;88
1069;88
1070;88
1071;88
1072;88
1073;88
1074;88
1075;88
1076;88
1077;88
1078;88
1079;88
1080;88
1081;88
1082;88
1083;88
1084;88
1085;88
1086;88
1087;88
1088;88
1089;88
1090;88
1091;88
1092;88
1093;88
1094;88
1095;88
1096;88
1097;88
1098;88
1099;88
1100;88
1101;88
1102;88
1103;88
1104;88
1105;88
1106;88
1107;88
1108;88
1109;88
1110;88
1111;88
1112;88
1113;88
1114;88
1115;88
1116;88
1117;88
1118;88
1119;88
1120;88
1121;88
1122;88
1123;88
1124;88
1125;88
1126;88
1127;88
1128;88
1129;88
1130;88
1131;88
1132;88
1133;88
1134;88
1135;88
1136;88
1137;88
1138;88
1139;88
1140;88
1141;88
1142;88
1143;88
1144;88
1145;88
1146;88
1147;88
1148;88
1149;88
1150;88
1151;88
1152;88
1153;88
1154;88
1155;88
1156;88
1157;88
1158;88
1159;88
1160;88
1161;88
1162;88
1163;88
1164;88
1165;88
1166;88
1167;88
1168;88
1169;88
1170;88
1171;88
1172;88
1173;88
1174;88
1175;88
1176;88
1177;88
1178;88
1179;88
1180;88
1181;88
1182;88
1183;88
1184;88
1185;88
1186;88
1187;88
1188;88
1189;88
1190;88
1191;88
1192;88
1193;88
1194;88
1195;88
1196;88
1197;88
1198;88
1199;88
1200;88
1201;88
1202;88
1203;88
1204;88
1205;88
1206;88
1207;88
1208;88
1209;88
1210;88
1211;88
1212;88
1213;88
1214;88
1215;88
1216;88
1217;88
1218;88
1219;88
1220;88
1221;88
1222;88
1223;88
1224;88
1225;88
1226;88
1227;88
1228;88
1229;88
1230;88
1231;88
1232;88
1233;88
1234;88
1235;88
1236;88
1237;88
1238;88
1239;88
1240;88
1241;88
1242;88
1243;88
1244;88
1245;88
1246;88
1247;88
1248;88
1249;88
1250;88
1251;88
1252;88
1253;88
1254;88
1255;88
1256;88
1257;88
1258;88
1259;88
1260;88
1261;88
1262;88
1263;88
1264;88
1265;88
1266;88
1267;88
1268;88
1269;88
1270;88
1271;88
1272;88
1273;88
1274;88
1275;88
1276;88
1277;88
1278;88
1279;88
1280;88
1281;88
1282;88
1283;88
1284;88
1285;88
1286;88
1287;88
1288;88
1289;88
1290;88
1291;88
1292;88
1293;88
1294;88
1295;88
1296;88
1297;88
1298;88
1299;88
1300;88
1301;88
1302;88
1303;88
1304;88
1305;88
1306;88
1307;88
1308;88
1309;88
1310;88
1311;88
1312;88
1313;88
1314;88
1315;88
1316;88
1317;88
1318;88
1319;88
1320;88
1321;88
1322;88
1323;88
1324;88
1325;88
1326;88
1327;88
1328;88
1329;88
1330;88
1331;88
1332;88
1333;88
1334;88
1335;88
1336;88
1337;88
1338;88
1339;88
1340;88
1341;88
1342;88
1343;88
1344;88
1345;88
1346;88
1347;88
1348;88
1349;88
1350;88
1351;88
1352;88
1353;88
1354;88
1355;88
1356;88
1357;88
1358;88
1359;88
1360;88
1361;88
1362;88
1363;88
1364;88
1365;88
1366;88
1367;88
1368;88
1369;88
1370;88
1371;88
1372;88
1373;88
1374;88
1375;88
1376;88
1377;88
1378;88
1379;88
1380;88
1381;88
1382;88
1383;88
1384;88
1385;88
1386;88
1387;88
1388;88
1389;88
1390;88
1391;88
1392;88
1393;88
1394;88
1395;88
1396;88
1397;88
1398;88
1399;88
1400;88
1401;88
1402;88
1403;88
1404;88
1405;88
1406;88
1407;88
1408;88
1409;88
1410;88
1411;88
1412;88
1413;88
1414;88
1415;88
1416;88
1417;88
1418;88
1419;88
1420;88
1421;88
1422;88
1423;88
1424;88
1425;88
1426;88
1427;88
1428;88
1429;88
1430;88
1431;88
1432;88
1433;88
1434;88
1435;88
1436;88
1437;88
1438;88
1439;88
1440;88
1441;88
1442;88
1443;88
1444;88
1445;88
1446;88
1447;88
1448;88
1449;88
1450;88
1451;88
1452;88
1453;88
1454;88
1455;88
1456;88
1457;88
1458;88
1459;88
1460;88
1461;88
1462;88
1463;88
1464;88
1465;88
1466;88
1467;88
1468;88
1469;88
1470;88
1471;88
1472;88
1473;88
1474;88
1475;88
1476;88
1477;88
1478;88
1479;88
1480;88
1481;88
1482;88
1483;88
1484;88
1485;88
1486;88
1487;88
1488;88
1489;88
1490;88
1491;88
1492;88
1493;88
1494;88
1495;88
1496;88
1497;88
1498;88
1499;88
1500;88
1501;88
1502;88
1503;88
1504;88
1505;88
1506;88
1507;88
1508;88
1509;88
1510;88
1511;88
1512;88
1513;88
1514;88
1515;88
1516;88
1517;88
1518;88
1519;88
1520;88
1521;88
1522;88
1523;88
1524;88
1525;88
1526;88
1527;88
1528;88
1529;88
1530;88
1531;88
1532;88
1533;88
1534;88
1535;88
1536;88
1537;88
1538;88
1539;88
1540;88
1541;88
1542;88
1543;88
1544;88
1545;88
1546;88
1547;88
1548;88
1549;88
1550;88
1551;88
1552;88
1553;88
1554;88
1555;88
1556;88
1557;88
1558;88
1559;88
1560;88
1561;88
1562;88
1563;88
1564;88
1565;88
1566;88
1567;88
1568;88
1569;88
1570;88
1571;88
1572;88
1573;88
1574;88
1575;88
1576;88
1577;88
1578;88
1579;88
1580;88
1581;88
1582;88
1583;88
1584;88
1585;88
1586;88
1587;88
1588;88
1589;88
1590;88
1591;88
1592;88
1593;88
1594;88
1595;88
1596;88
1597;88
1598;88
1599;88
1600;88
1601;88
1602;88
1603;88
1604;88
1605;88
1606;88
1607;88
1608;88
1609;88
1610;88
1611;88
1612;88
1613;88
1614;88
1615;88
1616;88
1617;88
1618;88
1619;88
1620;88
1621;88
1622;88
1623;88
1624;88
1625;88
1626;88
1627;88
1628;88
1629;88
1630;88
1631;88
1632;88
1633;88
1634;88
1635;88
1636;88
1637;88
1638;88
1639;88
1640;88
1641;88
1642;88
1643;88
1644;88
1645;88
1646;88
1647;88
1648;88
1649;88
1650;88
1651;88
1652;88
1653;88
1654;88
1655;88
1656;88
1657;88
1658;88
1659;88
1660;88
1661;88
1662;88
1663;88
1664;88
1665;88
1666;88
1667;88
1668;88
1669;88
1670;88
1671;88
1672;88
1673;88
1674;88
1675;88
1676;88
1677;88
1678;88
1679;88
1680;88
1681;88
1682;88
1683;88
1684;88
1685;88
1686;88
1687;88
1688;88
1689;88
1690;88
1691;88
1692;88
1693;88
1694;88
1695;88
1696;88
1697;88
1698;88
1699;88
1700;88
1701;88
1702;88
1703;88
1704;88
1705;88
1706;88
1707;88
1708;88
1709;88
1710;88
1711;88
1712;88
1713;88
1714;88
1715;88
1716;88
1717;88
1718;88
1719;88
1720;88
1721;88
1722;88
1723;88
1724;88
1725;88
1726;88
1727;88
1728;88
1729;88
1730;88
1731;88
1732;88
1733;88
1734;88
1735;88
1736;88
1737;88
1738;88
1739;88
1740;88
1741;88
1742;88
1743;88
1744;88
1745;88
1746;88
1747;88
1748;88
1749;88
1750;88
1751;88
1752;88
1753;88
1754;88
1755;88
1756;88
1757;88
1758;88
1759;88
1760;88
1761;88
1762;88
1763;88
1764;88
1765;88
1766;88
1767;88
1768;88
1769;88
1770;88
1771;88
1772;88
1773;88
1774;88
1775;88
1776;88
1777;88
1778;88
1779;88
1780;88
1781;88
1782;88
1783;88
1784;88
1785;88
1786;88
1787;88
1788;88
1789;88
1790;88
1791;88
1792;88
1793;88
1794;88
1795;88
1796;88
1797;88
1798;88
1799;88
1800;88
1801;88
1802;88
1803;88
1804;88
1805;88
1806;88
1807;88
1808;88
1809;88
1810;88
1811;88
1812;88
1813;88
1814;88
1815;88
1816;88
1817;88
1818;88
1819;88
1820;88
1821;88
1822;88
1823;88
1824;88
1825;88
1826;88
1827;88
1828;88
1829;88
1830;88
1831;88
1832;88
1833;88
1834;88
1835;88
1836;88
1837;88
1838;88
1839;88
1840;88
1841;88
1842;88
1843;88
1844;88
1845;88
1846;88
1847;88
1848;88
1849;88
1850;88
1851;88
1852;88
1853;88
1854;88
1855;88
1856;88
1857;88
1858;88
1859;88
1860;88
1861;88
1862;88
1863;88
1864;88
1865;88
1866;88
1867;88
1868;88
1869;88
1870;88
1871;88
1872;88
1873;88
1874;88
1875;88
1876;88
1877;88
1878;88
1879;88
1880;88
1881;88
1882;88
1883;88
1884;88
1885;88
1886;88
1887;88
1888;88
1889;88
1890;88
1891;88
1892;88
1893;88
1894;88
1895;88
1896;88
1897;88
1898;88
1899;88
1900;88
1901;88
1902;88
1903;88
1904;88
1905;88
1906;88
1907;88
1908;88
1909;88
1910;88
1911;88
1912;88
1913;88
1914;88
1915;88
1916;88
1917;88
1918;88
1919;88
1920;88
1921;88
1922;88
1923;88
1924;88
1925;88
1926;88
1927;88
1928;88
1929;88
1930;88
1931;88
1932;88
1933;88
1934;88
1935;88
1936;88
1937;88
1938;88
1939;88
1940;88
1941;88
1942;88
1943;88
1944;88
1945;88
1946;88
1947;88
1948;88
1949;88
1950;88
1951;88
1952;88
1953;88
1954;88
1955;88
1956;88
1957;88
1958;88
1959;88
1960;88
1961;88
1962;88
1963;88
1964;88
1965;88
1966;88
1967;88
1968;88
1969;88
1970;88
1971;88
1972;88
1973;88
1974;88
1975;88
1976;88
1977;88
1978;88
1979;88
1980;88
1981;88
1982;88
1983;88
1984;88
1985;88
1986;88
1987;88
1988;88
1989;88
1990;88
1991;88
1992;88
1993;88
1994;88
1995;88
1996;88
1997;88
1998;88
1999;88
2000;88
2001;88
2002;88
2003;88
2004;88
2005;88
2006;88
2007;88
2008;88
2009;88
2010;88
2011;88
2012;88
2013;88
2014;88
2015;88
2016;88
2017;88
2018;88
2019;88
2020;88
2021;88
2022;88
2023;88
2024;88
2025;88
2026;88
2027;88
2028;88
2029;88
2030;88
2031;88
2032;88
2033;88
2034;88
2035;88
2036;88
2037;88
2038;88
2039;88
2040;88
2041;88
2042;88
2043;88
2044;88
2045;88
2046;88
2047;88
2048;88
2049;88
2050;88
2051;88
2052;88
2053;88
2054;88
2055;88
2056;88
2057;88
2058;88
2059;88
2060;88
2061;88
2062;88
2063;88
2064;88
2065;88
2066;88
2067;88
2068;88
2069;88
2070;88
2071;88
2072;88
2073;88
2074;88
2075;88
2076;88
2077;88
2078;88
2079;88
2080;88
2081;88
2082;88
2083;88
2084;88
2085;88
2086;88
2087;88
2088;88
2089;88
2090;88
2091;88
2092;88
2093;88
2094;88
2095;88
2096;88
2097;88
2098;88
2099;88
2100;88
2101;88
2102;88
2103;88
2104;88
2105;88
2106;88
2107;88
2108;88
2109;88
2110;88
2111;88
2112;88
2113;88
2114;88
2115;88
2116;88
2117;88
2118;88
2119;88
2120;88
2121;88
2122;88
2123;88
2124;88
2125;88
2126;88
2127;88
2128;88
2129;88
2130;88
2131;88
2132;88
2133;88
2134;88
2135;88
2136;88
2137;88
2138;88
2139;88
2140;88
2141;88
2142;88
2143;88
2144;88
2145;88
2146;88
2147;88
2148;88
2149;88
2150;88
2151;88
2152;88
2153;88
2154;88
2155;88
2156;88
2157;88
2158;88
2159;88
2160;88
2161;88
2162;88
2163;88
2164;88
2165;88
2166;88
2167;88
2168;88
2169;88
2170;88
2171;88
2172;88
2173;88
2174;88
2175;88
2176;88
2177;88
2178;88
2179;88
2180;88
2181;88
2182;88
2183;88
2184;88
2185;88
2186;88
2187;88
2188;88
2189;88
2190;88
2191;88
2192;88
2193;88
2194;88
2195;88
2196;88
2197;88
2198;88
2199;88
2200;88
2201;88
2202;88
2203;88
2204;88
2205;88
2206;88
2207;88
2208;88
2209;88
2210;88
2211;88
2212;88
2213;88
2214;88
2215;88
2216;88
2217;88
2218;88
2219;88
2220;88
2221;88
2222;88
2223;88
2224;88
2225;88
2226;88
2227;88
2228;88
2229;88
2230;88
2231;88
2232;88
2233;88
2234;88
2235;88
2236;88
2237;88
2238;88
2239;88
2240;88
2241;88
2242;88
2243;88
2244;88
2245;88
2246;88
2247;88
2248;88
2249;88
2250;88
2251;88
2252;88
2253;88
2254;88
2255;88
2256;88
2257;88
2258;88
2259;88
2260;88
2261;88
2262;88
2263;88
2264;88
2265;88
2266;88
2267;88
2268;88
2269;88
2270;88
2271;88
2272;88
2273;88
2274;88
2275;88
2276;88
2277;88
2278;88
2279;88
2280;88
2281;88
2282;88
2283;88
2284;88
2285;88
2286;88
2287;88
2288;88
2289;88
2290;88
2291;88
2292;88
2293;88
2294;88
2295;88
2296;88
2297;88
2298;88
2299;88
2300;88
2301;88
2302;88
2303;88
2304;88
2305;88
2306;88
2307;88
2308;88
2309;88
2310;88
2311;88
2312;88
2313;88
2314;88
2315;88
2316;88
2317;88
2318;88
2319;88
2320;88
2321;88
2322;88
2323;88
2324;88
2325;88
2326;88
2327;88
2328;88
2329;88
2330;88
2331;88
2332;88
2333;88
2334;88
2335;88
2336;88
2337;88
2338;88
2339;88
2340;88
2341;88
2342;88
2343;88
2344;88
2345;88
2346;88
2347;88
2348;88
2349;88
2350;88
2351;88
2352;88
2353;88
2354;88
2355;88
2356;88
2357;88
2358;88
2359;88
2360;88
2361;88
2362;88
2363;88
2364;88
2365;88
2366;88
2367;88
2368;88
2369;88
2370;88
2371;88
2372;88
2373;88
2374;88
2375;88
2376;88
2377;88
2378;88
2379;88
2380;88
2381;88
2382;88
2383;88
2384;88
2385;88
2386;88
2387;88
2388;88
2389;88
2390;88
2391;88
2392;88
2393;88
2394;88
2395;88
2396;88
2397;88
2398;88
2399;88
2400;88
2401;88
2402;88
2403;88
2404;88
2405;88
2406;88
2407;88
2408;88
2409;88
2410;88
2411;88
2412;88
2413;88
2414;88
2415;88
2416;88
2417;88
2418;88
2419;88
2420;88
2421;88
2422;88
2423;88
2424;88
2425;88
2426;88
2427;88
2428;88
2429;88
2430;88
2431;88
2432;88
2433;88
2434;88
2435;88
2436;88
2437;88
2438;88
2439;88
2440;88
2441;88
2442;88
2443;88
2444;88
2445;88
2446;88
2447;88
2448;88
2449;88
2450;88
2451;88
2452;88
2453;88
2454;88
2455;88
2456;88
2457;88
2458;88
2459;88
2460;88
2461;88
2462;88
2463;88
2464;88
2465;88
2466;88
2467;88
2468;88
2469;88
2470;88
2471;88
2472;88
2473;88
2474;88
2475;88
2476;88
2477;88
2478;88
2479;88
2480;88
2481;88
2482;88
2483;88
2484;88
2485;88
2486;88
2487;88
2488;88
2489;88
2490;88
2491;88
2492;88
2493;88
2494;88
2495;88
2496;88
2497;88
2498;88
2499;88
2500;88
2501;88
2502;88
2503;88
2504;88
2505;88
2506;88
2507;88
2508;88
2509;88
2510;88
2511;88
2512;88
2513;88
2514;88
2515;88
2516;88
2517;88
2518;88
2519;88
2520;88
2521;88
2522;88
2523;88
2524;88
2525;88
2526;88
2527;88
2528;88
2529;88
2530;88
2531;88
2532;88
2533;88
2534;88
2535;88
2536;88
2537;88
2538;88
2539;88
2540;88
2541;88
2542;88
2543;88
2544;88
2545;88
2546;88
2547;88
2548;88
2549;88
2550;88
2551;88
2552;88
2553;88
2554;88
2555;88
2556;88
2557;88
2558;88
2559;88
2560;88
2561;88
2562;88
2563;88
2564;88
2565;88
2566;88
2567;88
2568;88
2569;88
2570;88
2571;88
2572;88
2573;88
2574;88
2575;88
2576;88
2577;88
2578;88
2579;88
2580;88
2581;88
2582;88
2583;88
2584;88
2585;88
2586;88
2587;88
2588;88
2589;88
2590;88
2591;88
2592;88
2593;88
2594;88
2595;88
2596;88
2597;88
2598;88
2599;88
2600;88
2601;88
2602;88
2603;88
2604;88
2605;88
2606;88
2607;88
2608;88
2609;88
2610;88
2611;88
2612;88
2613;88
2614;88
2615;88
2616;88
2617;88
2618;88
2619;88
2620;88
2621;88
2622;88
2623;88
2624;88
2625;88
2626;88
2627;88
2628;88
2629;88
2630;88
2631;88
2632;88
2633;88
2634;88
2635;88
2636;88
2637;88
2638;88
2639;88
2640;88
2641;88
2642;88
2643;88
2644;88
2645;88
2646;88
2647;88
2648;88
2649;88
2650;88
2651;88
2652;88
2653;88
2654;88
2655;88
2656;88
2657;88
2658;88
2659;88
2660;88
2661;88
2662;88
2663;88
2664;88
2665;88
2666;88
2667;88
2668;88
2669;88
2670;88
2671;88
2672;88
2673;88
2674;88
2675;88
2676;88
2677;88
2678;88
2679;88
2680;88
2681;88
2682;88
2683;88
2684;88
2685;88
2686;88
2687;88
2688;88
2689;88
2690;88
2691;88
2692;88
2693;88
2694;88
2695;88
2696;88
2697;88
2698;88
2699;88
2700;88
2701;88
2702;88
2703;88
2704;88
2705;88
2706;88
2707;88
2708;88
2709;88
2710;88
2711;88
2712;88
2713;88
2714;88
2715;88
2716;88
2717;88
2718;88
2719;88
2720;88
2721;88
2722;88
2723;88
2724;88
2725;88
2726;88
2727;88
2728;88
2729;88
2730;88
2731;88
2732;88
2733;88
2734;88
2735;88
2736;88
2737;88
2738;88
2739;88
2740;88
2741;88
2742;88
2743;88
2744;88
2745;88
2746;88
2747;88
2748;88
2749;88
2750;88
2751;88
2752;88
2753;88
2754;88
2755;88
2756;88
2757;88
2758;88
2759;88
2760;88
2761;88
2762;88
2763;88
2764;88
2765;88
2766;88
2767;88
2768;88
2769;88
2770;88
2771;88
2772;88
2773;88
2774;88
2775;88
2776;88
2777;88
2778;88
2779;88
2780;88
2781;88
2782;88
2783;88
2784;88
2785;88
2786;88
2787;88
2788;88
2789;88
2790;88
2791;88
2792;88
2793;88
2794;88
2795;88
2796;88
2797;88
2798;88
2799;88
2800;88
2801;88
2802;88
2803;88
2804;88
2805;88
2806;88
2807;88
2808;88
2809;88
2810;88
2811;88
2812;88
2813;88
2814;88
2815;88
2816;88
2817;88
2818;88
2819;88
2820;88
2821;88
2822;88
2823;88
2824;88
2825;88
2826;88
2827;88
2828;88
2829;88
2830;88
2831;88
2832;88
2833;88
2834;88
2835;88
2836;88
2837;88
2838;88
2839;88
2840;88
2841;88
2842;88
2843;88
2844;88
2845;88
2846;88
2847;88
2848;88
2849;88
2850;88
2851;88
2852;88
2853;88
2854;88
2855;88
2856;88
2857;88
2858;88
2859;88
2860;88
2861;88
2862;88
2863;88
2864;88
2865;88
2866;88
2867;88
2868;88
2869;88
2870;88
2871;88
2872;88
2873;88
2874;88
2875;88
2876;88
2877;88
2878;88
2879;88
2880;88
2881;88
2882;88
2883;88
2884;88
2885;88
2886;88
2887;88
2888;88
2889;88
2890;88
2891;88
2892;88
2893;88
2894;88
2895;88
2896;88
2897;88
2898;88
2899;88
2900;88
2901;88
2902;88
2903;88
2904;88
2905;88
2906;88
2907;88
2908;88
2909;88
2910;88
2911;88
2912;88
2913;88
2914;88
2915;88
2916;88
2917;88
2918;88
2919;88
2920;88
2921;88
2922;88
2923;88
2924;88
2925;88
2926;88
2927;88
2928;88
2929;88
2930;88
2931;88
2932;88
2933;88
2934;88
2935;88
2936;88
2937;88
2938;88
2939;88
2940;88
2941;88
2942;88
2943;88
2944;88
2945;88
2946;88
2947;88
2948;88
2949;88
2950;88
2951;88
2952;88
2953;88
2954;88
2955;88
2956;88
2957;88
2958;88
2959;88
2960;88
2961;88
2962;88
2963;88
2964;88
2965;88
2966;88
2967;88
2968;88
2969;88
2970;88
2971;88
2972;88
2973;88
2974;88
2975;88
2976;88
2977;88
2978;88
2979;88
2980;88
2981;88
2982;88
2983;88
2984;88
2985;88
2986;88
2987;88
2988;88
2989;88
2990;88
2991;88
2992;88
2993;88
2994;88
2995;88
2996;88
2997;88
2998;88
2999;88
3000;88
3001;88
3002;88
3003;88
3004;88
3005;88
3006;88
3007;88
3008;88
3009;88
3010;88
3011;88
3012;88
3013;88
3014;88
3015;88
3016;88
3017;88
3018;88
3019;88
3020;88
3021;88
3022;88
3023;88
3024;88
3025;88
3026;88
3027;88
3028;88
3029;88
3030;88
3031;88
3032;88
3033;88
3034;88
3035;88
3036;88
3037;88
3038;88
3039;88
3040;88
3041;88
3042;88
3043;88
3044;88
3045;88
3046;88
3047;88
3048;88
3049;88
3050;88
3051;88
3052;88
3053;88
3054;88
3055;88
3056;88
3057;88
3058;88
3059;88
3060;88
3061;88
3062;88
3063;88
3064;88
3065;88
3066;88
3067;88
3068;88
3069;88
3070;88
3071;88
3072;88
3073;88
3074;88
3075;88
3076;88
3077;88
3078;88
3079;88
3080;88
3081;88
3082;88
3083;88
3084;88
3085;88
3086;88
3087;88
3088;88
3089;88
3090;88
3091;88
3092;88
3093;88
3094;88
3095;88
3096;88
3097;88
3098;88
3099;88
3100;88
3101;88
3102;88
3103;88
3104;88
3105;88
3106;88
3107;88
3108;88
3109;88
3110;88
3111;88
3112;88
3113;88
3114;88
3115;88
3116;88
3117;88
3118;88
3119;88
3120;88
3121;88
3122;88
3123;88
3124;88
3125;88
3126;88
3127;88
3128;88
3129;88
3130;88
3131;88
3132;88
3133;88
3134;88
3135;88
3136;88
3137;88
3138;88
3139;88
3140;88
3141;88
3142;88
3143;88
3144;88
3145;88
3146;88
3147;88
3148;88
3149;88
3150;88
3151;88
3152;88
3153;88
3154;88
3155;88
3156;88
3157;88
3158;88
3159;88
3160;88
3161;88
3162;88
3163;88
3164;88
3165;88
3166;88
3167;88
3168;88
3169;88
3170;88
3171;88
3172;88
3173;88
3174;88
3175;88
3176;88
3177;88
3178;88
3179;88
3180;88
3181;88
3182;88
3183;88
3184;88
3185;88
3186;88
3187;88
3188;88
3189;88
3190;88
3191;88
3192;88
3193;88
3194;88
3195;88
3196;88
3197;88
3198;88
3199;88
3200;88
3201;88
3202;88
3203;88
3204;88
3205;88
3206;88
3207;88
3208;88
3209;88
3210;88
3211;88
3212;88
3213;88
3214;88
3215;88
3216;88
3217;88
3218;88
3219;88
3220;88
3221;88
3222;88
3223;88
3224;88
3225;88
3226;88
3227;88
3228;88
3229;88
3230;88
3231;88
3232;88
3233;88
3234;88
3235;88
3236;88
3237;88
3238;88
3239;88
3240;88
3241;88
3242;88
3243;88
3244;88
3245;88
3246;88
3247;88
3248;88
3249;88
3250;88
3251;88
3252;88
3253;88
3254;88
3255;88
3256;88
3257;88
3258;88
3259;88
3260;88
3261;88
3262;88
3263;88
3264;88
3265;88
3266;88
3267;88
3268;88
3269;88
3270;88
3271;88
3272;88
3273;88
3274;88
3275;88
3276;88
3277;88
3278;88
3279;88
3280;88
3281;88
3282;88
3283;88
3284;88
3285;88
3286;88
3287;88
3288;88
3289;88
3290;88
3291;88
3292;88
3293;88
3294;88
3295;88
3296;88
3297;88
3298;88
3299;88
3300;88
3301;88
3302;88
3303;88
3304;88
3305;88
3306;88
3307;88
3308;88
3309;88
3310;88
3311;88
3312;88
3313;88
3314;88
3315;88
3316;88
3317;88
3318;88
3319;88
3320;88
3321;88
3322;88
3323;88
3324;88
3325;88
3326;88
3327;88
3328;88
3329;88
3330;88
3331;88
3332;88
3333;88
3334;88
3335;88
3336;88
3337;88
3338;88
3339;88
3340;88
3341;88
3342;88
3343;88
3344;88
3345;88
3346;88
3347;88
3348;88
3349;88
3350;88
3351;88
3352;88
3353;88
3354;88
3355;88
3356;88
3357;88
3358;88
3359;88
3360;88
3361;88
3362;88
3363;88
3364;88
3365;88
3366;88
3367;88
3368;88
3369;88
3370;88
3371;88
3372;88
3373;88
3374;88
3375;88
3376;88
3377;88
3378;88
3379;88
3380;88
3381;88
3382;88
3383;88
3384;88
3385;88
3386;88
3387;88
3388;88
3389;88
3390;88
3391;88
3392;88
3393;88
3394;88
3395;88
3396;88
3397;88
3398;88
3399;88
3400;88
3401;88
3402;88
3403;88
3404;88
3405;88
3406;88
3407;88
3408;88
3409;88
3410;88
3411;88
3412;88
3413;88
3414;88
3415;88
3416;88
3417;88
3418;88
3419;88
3420;88
3421;88
3422;88
3423;88
3424;88
3425;88
3426;88
3427;88
3428;88
3429;88
3430;88
3431;88
3432;88
3433;88
3434;88
3435;88
3436;88
3437;88
3438;88
3439;88
3440;88
3441;88
3442;88
3443;88
3444;88
3445;88
3446;88
3447;88
3448;88
3449;88
3450;88
3451;88
3452;88
3453;88
3454;88
3455;88
3456;88
3457;88
3458;88
3459;88
3460;88
3461;88
3462;88
3463;88
3464;88
3465;88
3466;88
3467;88
3468;88
3469;88
3470;88
3471;88
3472;88
3473;88
3474;88
3475;88
3476;88
3477;88
3478;88
3479;88
3480;88
3481;88
3482;88
3483;88
3484;88
3485;88
3486;88
3487;88
3488;88
3489;88
3490;88
3491;88
3492;88
3493;88
3494;88
3495;88
3496;88
3497;88
3498;88
3499;88
3500;88
3501;88
3502;88
3503;88
3504;88
3505;88
3506;88
3507;88
3508;88
3509;88
3510;88
3511;88
3512;88
3513;88
3514;88
3515;88
3516;88
3517;88
3518;88
3519;88
3520;88
3521;88
3522;88
3523;88
3524;88
3525;88
3526;88
3527;88
3528;88
3529;88
3530;88
3531;88
3532;88
3533;88
3534;88
3535;88
3536;88
3537;88
3538;88
3539;88
3540;88
3541;88
3542;88
3543;88
3544;88
3545;88
3546;88
3547;88
3548;88
3549;88
3550;88
3551;88
3552;88
3553;88
3554;88
3555;88
3556;88
3557;88
3558;88
3559;88
3560;88
3561;88
3562;88
3563;88
3564;88
3565;88
3566;88
3567;88
3568;88
3569;88
3570;88
3571;88
3572;88
3573;88
3574;88
3575;88
3576;88
3577;88
3578;88
3579;88
3580;88
3581;88
3582;88
3583;88
3584;88
3585;88
3586;88
3587;88
3588;88
3589;88
3590;88
3591;88
3592;88
3593;88
3594;88
3595;88
3596;88
3597;88
3598;88
3599;88
3600;88
3601;88
3602;88
3603;88
3604;88
3605;88
3606;88
3607;88
3608;88
3609;88
3610;88
3611;88
3612;88
3613;88
3614;88
3615;88
3616;88
3617;88
3618;88
3619;88
3620;88
3621;88
3622;88
3623;88
3624;88
3625;88
3626;88
3627;88
3628;88
3629;88
3630;88
3631;88
3632;88
3633;88
3634;88
3635;88
3636;88
3637;88
3638;88
3639;88
3640;88
3641;88
3642;88
3643;88
3644;88
3645;88
3646;88
3647;88
3648;88
3649;88
3650;88
3651;88
3652;88
3653;88
3654;88
3655;88
3656;88
3657;88
3658;88
3659;88
3660;88
3661;88
3662;88
3663;88
3664;88
3665;88
3666;88
3667;88
3668;88
3669;88
3670;88
3671;88
3672;88
3673;88
3674;88
3675;88
3676;88
3677;88
3678;88
3679;88
3680;88
3681;88
3682;88
3683;88
3684;88
3685;88
3686;88
3687;88
3688;88
3689;88
3690;88
3691;88
3692;88
3693;88
3694;88
3695;88
3696;88
3697;88
3698;88
3699;88
3700;88
3701;88
3702;88
3703;88
3704;88
3705;88
3706;88
3707;88
3708;88
3709;88
3710;88
3711;88
3712;88
3713;88
3714;88
3715;88
3716;88
3717;88
3718;88
3719;88
3720;88
3721;88
3722;88
3723;88
3724;88
3725;88
3726;88
3727;88
3728;88
3729;88
3730;88
3731;88
3732;88
3733;88
3734;88
3735;88
3736;88
3737;88
3738;88
3739;88
3740;88
3741;88
3742;88
3743;88
3744;88
3745;88
3746;88
3747;88
3748;88
3749;88
3750;88
3751;88
3752;88
3753;88
3754;88
3755;88
3756;88
3757;88
3758;88
3759;88
3760;88
3761;88
3762;88
3763;88
3764;88
3765;88
3766;88
3767;88
3768;88
3769;88
3770;88
3771;88
3772;88
3773;88
3774;88
3775;88
3776;88
3777;88
3778;88
3779;88
3780;88
3781;88
3782;88
3783;88
3784;88
3785;88
3786;88
3787;88
3788;88
3789;88
3790;88
3791;88
3792;88
3793;88
3794;88
3795;88
3796;88
3797;88
3798;88
3799;88
3800;88
3801;88
3802;88
3803;88
3804;88
3805;88
3806;88
3807;88
3808;88
3809;88
3810;88
3811;88
3812;88
3813;88
3814;88
3815;88
3816;88
3817;88
3818;88
3819;88
3820;88
3821;88
3822;88
3823;88
3824;88
3825;88
3826;88
3827;88
3828;88
3829;88
3830;88
3831;88
3832;88
3833;88
3834;88
3835;88
3836;88
3837;88
3838;88
3839;88
3840;88
3841;88
3842;88
3843;88
3844;88
3845;88
3846;88
3847;88
3848;88
3849;88
3850;88
3851;88
3852;88
3853;88
3854;88
3855;88
3856;88
3857;88
3858;88
3859;88
3860;88
3861;88
3862;88
3863;88
3864;88
3865;88
3866;88
3867;88
3868;88
3869;88
3870;88
3871;88
3872;88
3873;88
3874;88
3875;88
3876;88
3877;88
3878;88
3879;88
3880;88
3881;88
3882;88
3883;88
3884;88
3885;88
3886;88
3887;88
3888;88
3889;88
3890;88
3891;88
3892;88
3893;88
3894;88
3895;88
3896;88
3897;88
3898;88
3899;88
3900;88
3901;88
3902;88
3903;88
3904;88
3905;88
3906;88
3907;88
3908;88
3909;88
3910;88
3911;88
3912;88
3913;88
3914;88
3915;88
3916;88
3917;88
3918;88
3919;88
3920;88
3921;88
3922;88
3923;88
3924;88
3925;88
3926;88
3927;88
3928;88
3929;88
3930;88
3931;88
3932;88
3933;88
3934;88
3935;88
3936;88
3937;88
3938;88
3939;88
3940;88
3941;88
3942;88
3943;88
3944;88
3945;88
3946;88
3947;88
3948;88
3949;88
3950;88
3951;88
3952;88
3953;88
3954;88
3955;88
3956;88
3957;88
3958;88
3959;88
3960;88
3961;88
3962;88
3963;88
3964;88
3965;88
3966;88
3967;88
3968;88
3969;88
3970;88
3971;88
3972;88
3973;88
3974;88
3975;88
3976;88
3977;88
3978;88
3979;88
3980;88
3981;88
3982;88
3983;88
3984;88
3985;88
3986;88
3987;88
3988;88
3989;88
3990;88
3991;88
3992;88
3993;88
3994;88
3995;88
3996;88
3997;88
3998;88
3999;88
4000;88
4001;88
4002;88
4003;88
4004;88
4005;88
4006;88
4007;88
4008;88
4009;88
4010;88
4011;88
4012;88
4013;88
4014;88
4015;88
4016;88
4017;88
4018;88
4019;88
4020;88
4021;88
4022;88
4023;88
4024;88
4025;88
4026;88
4027;88
4028;88
4029;88
4030;88
4031;88
4032;88
4033;88
4034;88
4035;88
4036;88
4037;88
4038;88
4039;88
4040;88
4041;88
4042;88
4043;88
4044;88
4045;88
4046;88
4047;88
4048;88
4049;88
4050;88
4051;88
4052;88
4053;88
4054;88
4055;88
4056;88
4057;88
4058;88
4059;88
4060;88
4061;88
4062;88
4063;88
4064;88
4065;88
4066;88
4067;88
4068;88
4069;88
4070;88
4071;88
4072;88
4073;88
4074;88
4075;88
4076;88
4077;88
4078;88
4079;88
4080;88
4081;88
4082;88
4083;88
4084;88
4085;88
4086;88
4087;88
4088;88
4089;88
4090;88
4091;88
4092;88
4093;88
4094;88
4095;88
4096;88
4097;88
4098;88
4099;88
4100;88
4101;88
4102;88
4103;88
4104;88
4105;88
4106;88
4107;88
4108;88
4109;88
4110;88
4111;88
4112;88
4113;88
4114;88
4115;88
4116;88
4117;88
4118;88
4119;88
4120;88
4121;88
4122;88
4123;88
4124;88
4125;88
4126;88
4127;88
4128;88
4129;88
4130;88
4131;88
4132;88
4133;88
4134;88
4135;88
4136;88
4137;88
4138;88
4139;88
4140;88
4141;88
4142;88
4143;88
4144;88
4145;88
4146;88
4147;88
4148;88
4149;88
4150;88
4151;88
4152;88
4153;88
4154;88
4155;88
4156;88
4157;88
4158;88
4159;88
4160;88
4161;88
4162;88
4163;88
4164;88
4165;88
4166;88
4167;88
4168;88
4169;88
4170;88
4171;88
4172;88
4173;88
4174;88
4175;88
4176;88
4177;88
4178;88
4179;88
4180;88
4181;88
4182;88
4183;88
4184;88
4185;88
4186;88
4187;88
4188;88
4189;88
4190;88
4191;88
4192;88
4193;88
4194;88
4195;88
4196;88
4197;88
4198;88
4199;88
4200;88
4201;88
4202;88
4203;88
4204;88
4205;88
4206;88
4207;88
4208;88
4209;88
4210;88
4211;88
4212;88
4213;88
4214;88
4215;88
4216;88
4217;88
4218;88
4219;88
4220;88
4221;88
4222;88
4223;88
4224;88
4225;88
4226;88
4227;88
4228;88
4229;88
4230;88
4231;88
4232;88
4233;88
4234;88
4235;88
4236;88
4237;88
4238;88
4239;88
4240;88
4241;88
4242;88
4243;88
4244;88
4245;88
4246;88
4247;88
4248;88
4249;88
4250;88
4251;88
4252;88
4253;88
4254;88
4255;88
4256;88
4257;88
4258;88
4259;88
4260;88
4261;88
4262;88
4263;88
4264;88
4265;88
4266;88
4267;88
4268;88
4269;88
4270;88
4271;88
4272;88
4273;88
4274;88
4275;88
4276;88
4277;88
4278;88
4279;88
4280;88
4281;88
4282;88
4283;88
4284;88
4285;88
4286;88
4287;88
4288;88
4289;88
4290;88
4291;88
4292;88
4293;88
4294;88
4295;88
4296;88
4297;88
4298;88
4299;88
4300;88
4301;88
4302;88
4303;88
4304;88
4305;88
4306;88
4307;88
4308;88
4309;88
4310;88
4311;88
4312;88
4313;88
4314;88
4315;88
4316;88
4317;88
4318;88
4319;88
4320;88
4321;88
4322;88
4323;88
4324;88
4325;88
4326;88
4327;88
4328;88
4329;88
4330;88
4331;88
4332;88
4333;88
4334;88
4335;88
4336;88
4337;88
4338;88
4339;88
4340;88
4341;88
4342;88
4343;88
4344;88
4345;88
4346;88
4347;88
4348;88
4349;88
4350;88
4351;88
4352;88
4353;88
4354;88
4355;88
4356;88
4357;88
4358;88
4359;88
4360;88
4361;88
4362;88
4363;88
4364;88
4365;88
4366;88
4367;88
4368;88
4369;88
4370;88
4371;88
4372;88
4373;88
4374;88
4375;88
4376;88
4377;88
4378;88
4379;88
4380;88
4381;88
4382;88
4383;88
4384;88
4385;88
4386;88
4387;88
4388;88
4389;88
4390;88
4391;88
4392;88
4393;88
4394;88
4395;88
4396;88
4397;88
4398;88
4399;88
4400;88
4401;88
4402;88
4403;88
4404;88
4405;88
4406;88
4407;88
4408;88
4409;88
4410;88
4411;88
4412;88
4413;88
4414;88
4415;88
4416;88
4417;88
4418;88
4419;88
4420;88
4421;88
4422;88
4423;88
4424;88
4425;88
4426;88
4427;88
4428;88
4429;88
4430;88
4431;88
4432;88
4433;88
4434;88
4435;88
4436;88
4437;88
4438;88
4439;88
4440;88
4441;88
4442;88
4443;88
4444;88
4445;88
4446;88
4447;88
4448;88
4449;88
4450;88
4451;88
4452;88
4453;88
4454;88
4455;88
4456;88
4457;88
4458;88
4459;88
4460;88
4461;88
4462;88
4463;88
4464;88
4465;88
4466;88
4467;88
4468;88
4469;88
4470;88
4471;88
4472;88
4473;88
4474;88
4475;88
4476;88
4477;88
4478;88
4479;88
4480;88
4481;88
4482;88
4483;88
4484;88
4485;88
4486;88
4487;88
4488;88
4489;88
4490;88
4491;88
4492;88
4493;88
4494;88
4495;88
4496;88
4497;88
4498;88
4499;88
4500;88
4501;88
4502;88
4503;88
4504;88
4505;88
4506;88
4507;88
4508;88
4509;88
4510;88
4511;88
4512;88
4513;88
4514;88
4515;88
4516;88
4517;88
4518;88
4519;88
4520;88
4521;88
4522;88
4523;88
4524;88
4525;88
4526;88
4527;88
4528;88
4529;88
4530;88
4531;88
4532;88
4533;88
4534;88
4535;88
4536;88
4537;88
4538;88
4539;88
4540;88
4541;88
4542;88
4543;88
4544;88
4545;88
4546;88
4547;88
4548;88
4549;88
4550;88
4551;88
4552;88
4553;88
4554;88
4555;88
4556;88
4557;88
4558;88
4559;88
4560;88
4561;88
4562;88
4563;88
4564;88
4565;88
4566;88
4567;88
4568;88
4569;88
4570;88
4571;88
4572;88
4573;88
4574;88
4575;88
4576;88
4577;88
4578;88
4579;88
4580;88
4581;88
4582;88
4583;88
4584;88
4585;88
4586;88
4587;88
4588;88
4589;88
4590;88
4591;88
4592;88
4593;88
4594;88
4595;88
4596;88
4597;88
4598;88
4599;88
4600;88
4601;88
4602;88
4603;88
4604;88
4605;88
4606;88
4607;88
4608;88
4609;88
4610;88
4611;88
4612;88
4613;88
4614;88
4615;88
4616;88
4617;88
4618;88
4619;88
4620;88
4621;88
4622;88
4623;88
4624;88
4625;88
4626;88
4627;88
4628;88
4629;88
4630;88
4631;88
4632;88
4633;88
4634;88
4635;88
4636;88
4637;88
4638;88
4639;88
4640;88
4641;88
4642;88
4643;88
4644;88
4645;88
4646;88
4647;88
4648;88
4649;88
4650;88
4651;88
4652;88
4653;88
4654;88
4655;88
4656;88
4657;88
4658;88
4659;88
4660;88
4661;88
4662;88
4663;88
4664;88
4665;88
4666;88
4667;88
4668;88
4669;88
4670;88
4671;88
4672;88
4673;88
4674;88
4675;88
4676;88
4677;88
4678;88
4679;88
4680;88
4681;88
4682;88
4683;88
4684;88
4685;88
4686;88
4687;88
4688;88
4689;88
4690;88
4691;88
4692;88
4693;88
4694;88
4695;88
4696;88
4697;88
4698;88
4699;88
4700;88
4701;88
4702;88
4703;88
4704;88
4705;88
4706;88
4707;88
4708;88
4709;88
4710;88
4711;88
4712;88
4713;88
4714;88
4715;88
4716;88
4717;88
4718;88
4719;88
4720;88
4721;88
4722;88
4723;88
4724;88
4725;88
4726;88
4727;88
4728;88
4729;88
4730;88
4731;88
4732;88
4733;88
4734;88
4735;88
4736;88
4737;88
4738;88
4739;88
4740;88
4741;88
4742;88
4743;88
4744;88
4745;88
4746;88
4747;88
4748;88
4749;88
4750;88
4751;88
4752;88
4753;88
4754;88
4755;88
4756;88
4757;88
4758;88
4759;88
4760;88
4761;88
4762;88
4763;88
4764;88
4765;88
4766;88
4767;88
4768;88
4769;88
4770;88
4771;88
4772;88
4773;88
4774;88
4775;88
4776;88
4777;88
4778;88
4779;88
4780;88
4781;88
4782;88
4783;88
4784;88
4785;88
4786;88
4787;88
4788;88
4789;88
4790;88
4791;88
4792;88
4793;88
4794;88
4795;88
4796;88
4797;88
4798;88
4799;88
4800;88
4801;88
4802;88
4803;88
4804;88
4805;88
4806;88
4807;88
4808;88
4809;88
4810;88
4811;88
4812;88
4813;88
4814;88
4815;88
4816;88
4817;88
4818;88
4819;88
4820;88
4821;88
4822;88
4823;88
4824;88
4825;88
4826;88
4827;88
4828;88
4829;88
4830;88
4831;88
4832;88
4833;88
4834;88
4835;88
4836;88
4837;88
4838;88
4839;88
4840;88
4841;88
4842;88
4843;88
4844;88
4845;88
4846;88
4847;88
4848;88
4849;88
4850;88
4851;88
4852;88
4853;88
4854;88
4855;88
4856;88
4857;88
4858;88
4859;88
4860;88
4861;88
4862;88
4863;88
4864;88
4865;88
4866;88
4867;88
4868;88
4869;88
4870;88
4871;88
4872;88
4873;88
4874;88
4875;88
4876;88
4877;88
4878;88
4879;88
4880;88
4881;88
4882;88
4883;88
4884;88
4885;88
4886;88
4887;88
4888;88
4889;88
4890;88
4891;88
4892;88
4893;88
4894;88
4895;88
4896;88
4897;88
4898;88
4899;88
4900;88
4901;88
4902;88
4903;88
4904;88
4905;88
4906;88
4907;88
4908;88
4909;88
4910;88
4911;88
4912;88
4913;88
4914;88
4915;88
4916;88
4917;88
4918;88
4919;88
4920;88
4921;88
4922;88
4923;88
4924;88
4925;88
4926;88
4927;88
4928;88
4929;88
4930;88
4931;88
4932;88
4933;88
4934;88
4935;88
4936;88
4937;88
4938;88
4939;88
4940;88
4941;88
4942;88
4943;88
4944;88
4945;88
4946;88
4947;88
4948;88
4949;88
4950;88
4951;88
4952;88
4953;88
4954;88
4955;88
4956;88
4957;88
4958;88
4959;88
4960;88
4961;88
4962;88
4963;88
4964;88
4965;88
4966;88
4967;88
4968;88
4969;88
4970;88
4971;88
4972;88
4973;88
4974;88
4975;88
4976;88
4977;88
4978;88
4979;88
4980;88
4981;88
4982;88
4983;88
4984;88
4985;88
4986;88
4987;88
4988;88
4989;88
4990;88
4991;88
4992;88
4993;88
4994;88
4995;88
4996;88
4997;88
4998;88
4999;88
5000;88
5001;88
5002;88
5003;88
5004;88
5005;88
5006;88
5007;88
5008;88
5009;88
5010;88
5011;88
5012;88
5013;88
5014;88
5015;88
5016;88
5017;88
5018;88
5019;88
5020;88
5021;88
5022;88
5023;88
5024;88
5025;88
5026;88
5027;88
5028;88
5029;88
5030;88
5031;88
5032;88
5033;88
5034;88
5035;88
5036;88
5037;88
5038;88
5039;88
5040;88
5041;88
5042;88
5043;88
5044;88
5045;88
5046;88
5047;88
5048;88
5049;88
5050;88
5051;88
5052;88
5053;88
5054;88
5055;88
5056;88
5057;88
5058;88
5059;88
5060;88
5061;88
5062;88
5063;88
5064;88
5065;88
5066;88
5067;88
5068;88
5069;88
5070;88
5071;88
5072;88
5073;88
5074;88
5075;88
5076;88
5077;88
5078;88
5079;88
5080;88
5081;88
5082;88
5083;88
5084;88
5085;88
5086;88
5087;88
5088;88
5089;88
5090;88
5091;88
5092;88
5093;88
5094;88
5095;88
5096;88
5097;88
5098;88
5099;88
5100;88
5101;88
5102;88
5103;88
5104;88
5105;88
5106;88
5107;88
5108;88
5109;88
5110;88
5111;88
5112;88
5113;88
5114;88
5115;88
5116;88
5117;88
5118;88
5119;88
5120;88
5121;88
5122;88
5123;88
5124;88
5125;88
5126;88
5127;88
5128;88
5129;88
5130;88
5131;88
5132;88
5133;88
5134;88
5135;88
5136;88
5137;88
5138;88
5139;88
5140;88
5141;88
5142;88
5143;88
5144;88
5145;88
5146;88
5147;88
5148;88
5149;88
5150;88
5151;88
5152;88
5153;88
5154;88
5155;88
5156;88
5157;88
5158;88
5159;88
5160;88
5161;88
5162;88
5163;88
5164;88
5165;88
5166;88
5167;88
5168;88
5169;88
5170;88
5171;88
5172;88
5173;88
5174;88
5175;88
5176;88
5177;88
5178;88
5179;88
5180;88
5181;88
5182;88
5183;88
5184;88
5185;88
5186;88
5187;88
5188;88
5189;88
5190;88
5191;88
5192;88
5193;88
5194;88
5195;88
5196;88
5197;88
5198;88
5199;88
5200;88
5201;88
5202;88
5203;88
5204;88
5205;88
5206;88
5207;88
5208;88
5209;88
5210;88
5211;88
5212;88
5213;88
5214;88
5215;88
5216;88
5217;88
5218;88
5219;88
5220;88
5221;88
5222;88
5223;88
5224;88
5225;88
5226;88
5227;88
5228;88
5229;88
5230;88
5231;88
5232;88
5233;88
5234;88
5235;88
5236;88
5237;88
5238;88
5239;88
5240;88
5241;88
5242;88
5243;88
5244;88
5245;88
5246;88
5247;88
5248;88
5249;88
5250;88
5251;88
5252;88
5253;88
5254;88
5255;88
5256;88
5257;88
5258;88
5259;88
5260;88
5261;88
5262;88
5263;88
5264;88
5265;88
5266;88
5267;88
5268;88
5269;88
5270;88
5271;88
5272;88
5273;88
5274;88
5275;88
5276;88
5277;88
5278;88
5279;88
5280;88
5281;88
5282;88
5283;88
5284;88
5285;88
5286;88
5287;88
5288;88
5289;88
5290;88
5291;88
5292;88
5293;88
5294;88
5295;88
5296;88
5297;88
5298;88
5299;88
5300;88
5301;88
5302;88
5303;88
5304;88
5305;88
5306;88
5307;88
5308;88
5309;88
5310;88
5311;88
5312;88
5313;88
5314;88
5315;88
5316;88
5317;88
5318;88
5319;88
5320;88
5321;88
5322;88
5323;88
5324;88
5325;88
5326;88
5327;88
5328;88
5329;88
5330;88
5331;88
5332;88
5333;88
5334;88
5335;88
5336;88
5337;88
5338;88
5339;88
5340;88
5341;88
5342;88
5343;88
5344;88
5345;88
5346;88
5347;88
5348;88
5349;88
5350;88
5351;88
5352;88
5353;88
5354;88
5355;88
5356;88
5357;88
5358;88
5359;88
5360;88
5361;88
5362;88
5363;88
5364;88
5365;88
5366;88
5367;88
5368;88
5369;88
5370;88
5371;88
5372;88
5373;88
5374;88
5375;88
5376;88
5377;88
5378;88
5379;88
5380;88
5381;88
5382;88
5383;88
5384;88
5385;88
5386;88
5387;88
5388;88
5389;88
5390;88
5391;88
5392;88
5393;88
5394;88
5395;88
5396;88
5397;88
5398;88
5399;88
5400;88
5401;88
5402;88
5403;88
5404;88
5405;88
5406;88
5407;88
5408;88
5409;88
5410;88
5411;88
5412;88
5413;88
5414;88
5415;88
5416;88
5417;88
5418;88
5419;88
5420;88
5421;88
5422;88
5423;88
5424;88
5425;88
5426;88
5427;88
5428;88
5429;88
5430;88
5431;88
5432;88
5433;88
5434;88
5435;88
5436;88
5437;88
5438;88
5439;88
5440;88
5441;88
5442;88
5443;88
5444;88
5445;88
5446;88
5447;88
5448;88
5449;88
5450;88
5451;88
5452;88
5453;88
5454;88
5455;88
5456;88
5457;88
5458;88
5459;88
5460;88
5461;88
5462;88
5463;88
5464;88
5465;88
5466;88
5467;88
5468;88
5469;88
5470;88
5471;88
5472;88
5473;88
5474;88
5475;88
5476;88
5477;88
5478;88
5479;88
5480;88
5481;88
5482;88
5483;88
5484;88
5485;88
5486;88
5487;88
5488;88
5489;88
5490;88
5491;88
5492;88
5493;88
5494;88
5495;88
5496;88
5497;88
5498;88
5499;88
5500;88
5501;88
5502;88
5503;88
5504;88
5505;88
5506;88
5507;88
5508;88
5509;88
5510;88
5511;88
5512;88
5513;88
5514;88
5515;88
5516;88
5517;88
5518;88
5519;88
5520;88
5521;88
5522;88
5523;88
5524;88
5525;88
5526;88
5527;88
5528;88
5529;88
5530;88
5531;88
5532;88
5533;88
5534;88
5535;88
5536;88
5537;88
5538;88
5539;88
5540;88
5541;88
5542;88
5543;88
5544;88
5545;88
5546;88
5547;88
5548;88
5549;88
5550;88
5551;88
5552;88
5553;88
5554;88
5555;88
5556;88
5557;88
5558;88
5559;88
5560;88
5561;88
5562;88
5563;88
5564;88
5565;88
5566;88
5567;88
5568;88
5569;88
5570;88
5571;88
5572;88
5573;88
5574;88
5575;88
5576;88
5577;88
5578;88
5579;88
5580;88
5581;88
5582;88
5583;88
5584;88
5585;88
5586;88
5587;88
5588;88
5589;88
5590;88
5591;88
5592;88
5593;88
5594;88
5595;88
5596;88
5597;88
5598;88
5599;88
5600;88
5601;88
5602;88
5603;88
5604;88
5605;88
5606;88
5607;88
5608;88
5609;88
5610;88
5611;88
5612;88
5613;88
5614;88
5615;88
5616;88
5617;88
5618;88
5619;88
5620;88
5621;88
5622;88
5623;88
5624;88
5625;88
5626;88
5627;88
5628;88
5629;88
5630;88
5631;88
5632;88
5633;88
5634;88
5635;88
5636;88
5637;88
5638;88
5639;88
5640;88
5641;88
5642;88
5643;88
5644;88
5645;88
5646;88
5647;88
5648;88
5649;88
5650;88
5651;88
5652;88
5653;88
5654;88
5655;88
5656;88
5657;88
5658;88
5659;88
5660;88
5661;88
5662;88
5663;88
5664;88
5665;88
5666;88
5667;88
5668;88
5669;88
5670;88
5671;88
5672;88
5673;88
5674;88
5675;88
5676;88
5677;88
5678;88
5679;88
5680;88
5681;88
5682;88
5683;88
5684;88
5685;88
5686;88
5687;88
5688;88
5689;88
5690;88
5691;88
5692;88
5693;88
5694;88
5695;88
5696;88
5697;88
5698;88
5699;88
5700;88
5701;88
5702;88
5703;88
5704;88
5705;88
5706;88
5707;88
5708;88
5709;88
5710;88
5711;88
5712;88
5713;88
5714;88
5715;88
5716;88
5717;88
5718;88
5719;88
5720;88
5721;88
5722;88
5723;88
5724;88
5725;88
5726;88
5727;88
5728;88
5729;88
5730;88
5731;88
5732;88
5733;88
5734;88
5735;88
5736;88
5737;88
5738;88
5739;88
5740;88
5741;88
5742;88
5743;88
5744;88
5745;88
5746;88
5747;88
5748;88
5749;88
5750;88
5751;88
5752;88
5753;88
5754;88
5755;88
5756;88
5757;88
5758;88
5759;88
5760;88
5761;88
5762;88
5763;88
5764;88
5765;88
5766;88
5767;88
5768;88
5769;88
5770;88
5771;88
5772;88
5773;88
5774;88
5775;88
5776;88
5777;88
5778;88
5779;88
5780;88
5781;88
5782;88
5783;88
5784;88
5785;88
5786;88
5787;88
5788;88
5789;88
5790;88
5791;88
5792;88
5793;88
5794;88
5795;88
5796;88
5797;88
5798;88
5799;88
5800;88
5801;88
5802;88
5803;88
5804;88
5805;88
5806;88
5807;88
5808;88
5809;88
5810;88
5811;88
5812;88
5813;88
5814;88
5815;88
5816;88
5817;88
5818;88
5819;88
5820;88
5821;88
5822;88
5823;88
5824;88
5825;88
5826;88
5827;88
5828;88
5829;88
5830;88
5831;88
5832;88
5833;88
5834;88
5835;88
5836;88
5837;88
5838;88
5839;88
5840;88
5841;88
5842;88
5843;88
5844;88
5845;88
5846;88
5847;88
5848;88
5849;88
5850;88
5851;88
5852;88
5853;88
5854;88
5855;88
5856;88
5857;88
5858;88
5859;88
5860;88
5861;88
5862;88
5863;88
5864;88
5865;88
5866;88
5867;88
5868;88
5869;88
5870;88
5871;88
5872;88
5873;88
5874;88
5875;88
5876;88
5877;88
5878;88
5879;88
5880;88
5881;88
5882;88
5883;88
5884;88
5885;88
5886;88
5887;88
5888;88
5889;88
5890;88
5891;88
5892;88
5893;88
5894;88
5895;88
5896;88
5897;88
5898;88
5899;88
5900;88
5901;88
5902;88
5903;88
5904;88
5905;88
5906;88
5907;88
5908;88
5909;88
5910;88
5911;88
5912;88
5913;88
5914;88
5915;88
5916;88
5917;88
5918;88
5919;88
5920;88
5921;88
5922;88
5923;88
5924;88
5925;88
5926;88
5927;88
5928;88
5929;88
5930;88
5931;88
5932;88
5933;88
5934;88
5935;88
5936;88
5937;88
5938;88
5939;88
5940;88
5941;88
5942;88
5943;88
5944;88
5945;88
5946;88
5947;88
5948;88
5949;88
5950;88
5951;88
5952;88
5953;88
5954;88
5955;88
5956;88
5957;88
5958;88
5959;88
5960;88
5961;88
5962;88
5963;88
5964;88
5965;88
5966;88
5967;88
5968;88
5969;88
5970;88
5971;88
5972;88
5973;88
5974;88
5975;88
5976;88
5977;88
5978;88
5979;88
5980;88
5981;88
5982;88
5983;88
5984;88
5985;88
5986;88
5987;88
5988;88
5989;88
5990;88
5991;88
5992;88
5993;88
5994;88
5995;88
5996;88
5997;88
5998;88
5999;88
6000;88
6001;88
6002;88
6003;88
6004;88
6005;88
6006;88
6007;88
6008;88
6009;88
6010;88
6011;88
6012;88
6013;88
6014;88
6015;88
6016;88
6017;88
6018;88
6019;88
6020;88
6021;88
6022;88
6023;88
6024;88
6025;88
6026;88
6027;88
6028;88
6029;88
6030;88
6031;88
6032;88
6033;88
6034;88
6035;88
6036;88
6037;88
6038;88
6039;88
6040;88
6041;88
6042;88
6043;88
6044;88
6045;88
6046;88
6047;88
6048;88
6049;88
6050;88
6051;88
6052;88
6053;88
6054;88
6055;88
6056;88
6057;88
6058;88
6059;88
6060;88
6061;88
6062;88
6063;88
6064;88
6065;88
6066;88
6067;88
6068;88
6069;88
6070;88
6071;88
6072;88
6073;88
6074;88
6075;88
6076;88
6077;88
6078;88
6079;88
6080;88
6081;88
6082;88
6083;88
6084;88
6085;88
6086;88
6087;88
6088;88
6089;88
6090;88
6091;88
6092;88
6093;88
6094;88
6095;88
6096;88
6097;88
6098;88
6099;88
6100;88
6101;88
6102;88
6103;88
6104;88
6105;88
6106;88
6107;88
6108;88
6109;88
6110;88
6111;88
6112;88
6113;88
6114;88
6115;88
6116;88
6117;88
6118;88
6119;88
6120;88
6121;88
6122;88
6123;88
6124;88
6125;88
6126;88
6127;88
6128;88
6129;88
6130;88
6131;88
6132;88
6133;88
6134;88
6135;88
6136;88
6137;88
6138;88
6139;88
6140;88
6141;88
6142;88
6143;88
6144;88
6145;88
6146;88
6147;88
6148;88
6149;88
6150;88
6151;88
6152;88
6153;88
6154;88
6155;88
6156;88
6157;88
6158;88
6159;88
6160;88
6161;88
6162;88
6163;88
6164;88
6165;88
6166;88
6167;88
6168;88
6169;88
6170;88
6171;88
6172;88
6173;88
6174;88
6175;88
6176;88
6177;88
6178;88
6179;88
6180;88
6181;88
6182;88
6183;88
6184;88
6185;88
6186;88
6187;88
6188;88
6189;88
6190;88
6191;88
6192;88
6193;88
6194;88
6195;88
6196;88
6197;88
6198;88
6199;88
6200;88
6201;88
6202;88
6203;88
6204;88
6205;88
6206;88
6207;88
6208;88
6209;88
6210;88
6211;88
6212;88
6213;88
6214;88
6215;88
6216;88
6217;88
6218;88
6219;88
6220;88
6221;88
6222;88
6223;88
6224;88
6225;88
6226;88
6227;88
6228;88
6229;88
6230;88
6231;88
6232;88
6233;88
6234;88
6235;88
6236;88
6237;88
6238;88
6239;88
6240;88
6241;88
6242;88
6243;88
6244;88
6245;88
6246;88
6247;88
6248;88
6249;88
6250;88
6251;88
6252;88
6253;88
6254;88
6255;88
6256;88
6257;88
6258;88
6259;88
6260;88
6261;88
6262;88
6263;88
6264;88
6265;88
6266;88
6267;88
6268;88
6269;88
6270;88
6271;88
6272;88
6273;88
6274;88
6275;88
6276;88
6277;88
6278;88
6279;88
6280;88
6281;88
6282;88
6283;88
6284;88
6285;88
6286;88
6287;88
6288;88
6289;88
6290;88
6291;88
6292;88
6293;88
6294;88
6295;88
6296;88
6297;88
6298;88
6299;88
6300;88
6301;88
6302;88
6303;88
6304;88
6305;88
6306;88
6307;88
6308;88
6309;88
6310;88
6311;88
6312;88
6313;88
6314;88
6315;88
6316;88
6317;88
6318;88
6319;88
6320;88
6321;88
6322;88
6323;88
6324;88
6325;88
6326;88
6327;88
6328;88
6329;88
6330;88
6331;88
6332;88
6333;88
6334;88
6335;88
6336;88
6337;88
6338;88
6339;88
6340;88
6341;88
6342;88
6343;88
6344;88
6345;88
6346;88
6347;88
6348;88
6349;88
6350;88
6351;88
6352;88
6353;88
6354;88
6355;88
6356;88
6357;88
6358;88
6359;88
6360;88
6361;88
6362;88
6363;88
6364;88
6365;88
6366;88
6367;88
6368;88
6369;88
6370;88
6371;88
6372;88
6373;88
6374;88
6375;88
6376;88
6377;88
6378;88
6379;88
6380;88
6381;88
6382;88
6383;88
6384;88
6385;88
6386;88
6387;88
6388;88
6389;88
6390;88
6391;88
6392;88
6393;88
6394;88
6395;88
6396;88
6397;88
6398;88
6399;88
6400;88
6401;88
6402;88
6403;88
6404;88
6405;88
6406;88
6407;88
6408;88
6409;88
6410;88
6411;88
6412;88
6413;88
6414;88
6415;88
6416;88
6417;88
6418;88
6419;88
6420;88
6421;88
6422;88
6423;88
6424;88
6425;88
6426;88
6427;88
6428;88
6429;88
6430;88
6431;88
6432;88
6433;88
6434;88
6435;88
6436;88
6437;88
6438;88
6439;88
6440;88
6441;88
6442;88
6443;88
6444;88
6445;88
6446;88
6447;88
6448;88
6449;88
6450;88
6451;88
6452;88
6453;88
6454;88
6455;88
6456;88
6457;88
6458;88
6459;88
6460;88
6461;88
6462;88
6463;88
6464;88
6465;88
6466;88
6467;88
6468;88
6469;88
6470;88
6471;88
6472;88
6473;88
6474;88
6475;88
6476;88
6477;88
6478;88
6479;88
6480;88
6481;88
6482;88
6483;88
6484;88
6485;88
6486;88
6487;88
6488;88
6489;88
6490;88
6491;88
6492;88
6493;88
6494;88
6495;88
6496;88
6497;88
6498;88
6499;88
6500;88
6501;88
6502;88
6503;88
6504;88
6505;88
6506;88
6507;88
6508;88
6509;88
6510;88
6511;88
6512;88
6513;88
6514;88
6515;88
6516;88
6517;88
6518;88
6519;88
6520;88
6521;88
6522;88
6523;88
6524;88
6525;88
6526;88
6527;88
6528;88
6529;88
6530;88
6531;88
6532;88
6533;88
6534;88
6535;88
6536;88
6537;88
6538;88
6539;88
6540;88
6541;88
6542;88
6543;88
6544;88
6545;88
6546;88
6547;88
6548;88
6549;88
6550;88
6551;88
6552;88
6553;88
6554;88
6555;88
6556;88
6557;88
6558;88
6559;88
6560;88
6561;88
6562;88
6563;88
6564;88
6565;88
6566;88
6567;88
6568;88
6569;88
6570;88
6571;88
6572;88
6573;88
6574;88
6575;88
6576;88
6577;88
6578;88
6579;88
6580;88
6581;88
6582;88
6583;88
6584;88
6585;88
6586;88
6587;88
6588;88
6589;88
6590;88
6591;88
6592;88
6593;88
6594;88
6595;88
6596;88
6597;88
6598;88
6599;88
6600;88
6601;88
6602;88
6603;88
6604;88
6605;88
6606;88
6607;88
6608;88
6609;88
6610;88
6611;88
6612;88
6613;88
6614;88
6615;88
6616;88
6617;88
6618;88
6619;88
6620;88
6621;88
6622;88
6623;88
6624;88
6625;88
6626;88
6627;88
6628;88
6629;88
6630;88
6631;88
6632;88
6633;88
6634;88
6635;88
6636;88
6637;88
6638;88
6639;88
6640;88
6641;88
6642;88
6643;88
6644;88
6645;88
6646;88
6647;88
6648;88
6649;88
6650;88
6651;88
6652;88
6653;88
6654;88
6655;88
6656;88
6657;88
6658;88
6659;88
6660;88
6661;88
6662;88
6663;88
6664;88
6665;88
6666;88
6667;88
6668;88
6669;88
6670;88
6671;88
6672;88
6673;88
6674;88
6675;88
6676;88
6677;88
6678;88
6679;88
6680;88
6681;88
6682;88
6683;88
6684;88
6685;88
6686;88
6687;88
6688;88
6689;88
6690;88
6691;88
6692;88
6693;88
6694;88
6695;88
6696;88
6697;88
6698;88
6699;88
6700;88
6701;88
6702;88
6703;88
6704;88
6705;88
6706;88
6707;88
6708;88
6709;88
6710;88
6711;88
6712;88
6713;88
6714;88
6715;88
6716;88
6717;88
6718;88
6719;88
6720;88
6721;88
6722;88
6723;88
6724;88
6725;88
6726;88
6727;88
6728;88
6729;88
6730;88
6731;88
6732;88
6733;88
6734;88
6735;88
6736;88
6737;88
6738;88
6739;88
6740;88
6741;88
6742;88
6743;88
6744;88
6745;88
6746;88
6747;88
6748;88
6749;88
6750;88
6751;88
6752;88
6753;88
6754;88
6755;88
6756;88
6757;88
6758;88
6759;88
6760;88
6761;88
6762;88
6763;88
6764;88
6765;88
6766;88
6767;88
6768;88
6769;88
6770;88
6771;88
6772;88
6773;88
6774;88
6775;88
6776;88
6777;88
6778;88
6779;88
6780;88
6781;88
6782;88
6783;88
6784;88
6785;88
6786;88
6787;88
6788;88
6789;88
6790;88
6791;88
6792;88
6793;88
6794;88
6795;88
6796;88
6797;88
6798;88
6799;88
6800;88
6801;88
6802;88
6803;88
6804;88
6805;88
6806;88
6807;88
6808;88
6809;88
6810;88
6811;88
6812;88
6813;88
6814;88
6815;88
6816;88
6817;88
6818;88
6819;88
6820;88
6821;88
6822;88
6823;88
6824;88
6825;88
6826;88
6827;88
6828;88
6829;88
6830;88
6831;88
6832;88
6833;88
6834;88
6835;88
6836;88
6837;88
6838;88
6839;88
6840;88
6841;88
6842;88
6843;88
6844;88
6845;88
6846;88
6847;88
6848;88
6849;88
6850;88
6851;88
6852;88
6853;88
6854;88
6855;88
6856;88
6857;88
6858;88
6859;88
6860;88
6861;88
6862;88
6863;88
6864;88
6865;88
6866;88
6867;88
6868;88
6869;88
6870;88
6871;88
6872;88
6873;88
6874;88
6875;88
6876;88
6877;88
6878;88
6879;88
6880;88
6881;88
6882;88
6883;88
6884;88
6885;88
6886;88
6887;88
6888;88
6889;88
6890;88
6891;88
6892;88
6893;88
6894;88
6895;88
6896;88
6897;88
6898;88
6899;88
6900;88
6901;88
6902;88
6903;88
6904;88
6905;88
6906;88
6907;88
6908;88
6909;88
6910;88
6911;88
6912;88
6913;88
6914;88
6915;88
6916;88
6917;88
6918;88
6919;88
6920;88
6921;88
6922;88
6923;88
6924;88
6925;88
6926;88
6927;88
6928;88
6929;88
6930;88
6931;88
6932;88
6933;88
6934;88
6935;88
6936;88
6937;88
6938;88
6939;88
6940;88
6941;88
6942;88
6943;88
6944;88
6945;88
6946;88
6947;88
6948;88
6949;88
6950;88
6951;88
6952;88
6953;88
6954;88
6955;88
6956;88
6957;88
6958;88
6959;88
6960;88
6961;88
6962;88
6963;88
6964;88
6965;88
6966;88
6967;88
6968;88
6969;88
6970;88
6971;88
6972;88
6973;88
6974;88
6975;88
6976;88
6977;88
6978;88
6979;88
6980;88
6981;88
6982;88
6983;88
6984;88
6985;88
6986;88
6987;88
6988;88
6989;88
6990;88
6991;88
6992;88
6993;88
6994;88
6995;88
6996;88
6997;88
6998;88
6999;88
7000;88
7001;88
7002;88
7003;88
7004;88
7005;88
7006;88
7007;88
7008;88
7009;88
7010;88
7011;88
7012;88
7013;88
7014;88
7015;88
7016;88
7017;88
7018;88
7019;88
7020;88
7021;88
7022;88
7023;88
7024;88
7025;88
7026;88
7027;88
7028;88
7029;88
7030;88
7031;88
7032;88
7033;88
7034;88
7035;88
7036;88
7037;88
7038;88
7039;88
7040;88
7041;88
7042;88
7043;88
7044;88
7045;88
7046;88
7047;88
7048;88
7049;88
7050;88
7051;88
7052;88
7053;88
7054;88
7055;88
7056;88
7057;88
7058;88
7059;88
7060;88
7061;88
7062;88
7063;88
7064;88
7065;88
7066;88
7067;88
7068;88
7069;88
7070;88
7071;88
7072;88
7073;88
7074;88
7075;88
7076;88
7077;88
7078;88
7079;88
7080;88
7081;88
7082;88
7083;88
7084;88
7085;88
7086;88
7087;88
7088;88
7089;88
7090;88
7091;88
7092;88
7093;88
7094;88
7095;88
7096;88
7097;88
7098;88
7099;88
7100;88
7101;88
7102;88
7103;88
7104;88
7105;88
7106;88
7107;88
7108;88
7109;88
7110;88
7111;88
7112;88
7113;88
7114;88
7115;88
7116;88
7117;88
7118;88
7119;88
7120;88
7121;88
7122;88
7123;88
7124;88
7125;88
7126;88
7127;88
7128;88
7129;88
7130;88
7131;88
7132;88
7133;88
7134;88
7135;88
7136;88
7137;88
7138;88
7139;88
7140;88
7141;88
7142;88
7143;88
7144;88
7145;88
7146;88
7147;88
7148;88
7149;88
7150;88
7151;88
7152;88
7153;88
7154;88
7155;88
7156;88
7157;88
7158;88
7159;88
7160;88
7161;88
7162;88
7163;88
7164;88
7165;88
7166;88
7167;88
7168;88
7169;88
7170;88
7171;88
7172;88
7173;88
7174;88
7175;88
7176;88
7177;88
7178;88
7179;88
7180;88
7181;88
7182;88
7183;88
7184;88
7185;88
7186;88
7187;88
7188;88
7189;88
7190;88
7191;88
7192;88
7193;88
7194;88
7195;88
7196;88
7197;88
7198;88
7199;88
7200;88
7201;88
7202;88
7203;88
7204;88
7205;88
7206;88
7207;88
7208;88
7209;88
7210;88
7211;88
7212;88
7213;88
7214;88
7215;88
7216;88
7217;88
7218;88
7219;88
7220;88
7221;88
7222;88
7223;88
7224;88
7225;88
7226;88
7227;88
7228;88
7229;88
7230;88
7231;88
7232;88
7233;88
7234;88
7235;88
7236;88
7237;88
7238;88
7239;88
7240;88
7241;88
7242;88
7243;88
7244;88
7245;88
7246;88
7247;88
7248;88
7249;88
7250;88
7251;88
7252;88
7253;88
7254;88
7255;88
7256;88
7257;88
7258;88
7259;88
7260;88
7261;88
7262;88
7263;88
7264;88
7265;88
7266;88
7267;88
7268;88
7269;88
7270;88
7271;88
7272;88
7273;88
7274;88
7275;88
7276;88
7277;88
7278;88
7279;88
7280;88
7281;88
7282;88
7283;88
7284;88
7285;88
7286;88
7287;88
7288;88
7289;88
7290;88
7291;88
7292;88
7293;88
7294;88
7295;88
7296;88
7297;88
7298;88
7299;88
7300;88
7301;88
7302;88
7303;88
7304;88
7305;88
7306;88
7307;88
7308;88
7309;88
7310;88
7311;88
7312;88
7313;88
7314;88
7315;88
7316;88
7317;88
7318;88
7319;88
7320;88
7321;88
7322;88
7323;88
7324;88
7325;88
7326;88
7327;88
7328;88
7329;88
7330;88
7331;88
7332;88
7333;88
7334;88
7335;88
7336;88
7337;88
7338;88
7339;88
7340;88
7341;88
7342;88
7343;88
7344;88
7345;88
7346;88
7347;88
7348;88
7349;88
7350;88
7351;88
7352;88
7353;88
7354;88
7355;88
7356;88
7357;88
7358;88
7359;88
7360;88
7361;88
7362;88
7363;88
7364;88
7365;88
7366;88
7367;88
7368;88
7369;88
7370;88
7371;88
7372;88
7373;88
7374;88
7375;88
7376;88
7377;88
7378;88
7379;88
7380;88
7381;88
7382;88
7383;88
7384;88
7385;88
7386;88
7387;88
7388;88
7389;88
7390;88
7391;88
7392;88
7393;88
7394;88
7395;88
7396;88
7397;88
7398;88
7399;88
7400;88
7401;88
7402;88
7403;88
7404;88
7405;88
7406;88
7407;88
7408;88
7409;88
7410;88
7411;88
7412;88
7413;88
7414;88
7415;88
7416;88
7417;88
7418;88
7419;88
7420;88
7421;88
7422;88
7423;88
7424;88
7425;88
7426;88
7427;88
7428;88
7429;88
7430;88
7431;88
7432;88
7433;88
7434;88
7435;88
7436;88
7437;88
7438;88
7439;88
7440;88
7441;88
7442;88
7443;88
7444;88
7445;88
7446;88
7447;88
7448;88
7449;88
7450;88
7451;88
7452;88
7453;88
7454;88
7455;88
7456;88
7457;88
7458;88
7459;88
7460;88
7461;88
7462;88
7463;88
7464;88
7465;88
7466;88
7467;88
7468;88
7469;88
7470;88
7471;88
7472;88
7473;88
7474;88
7475;88
7476;88
7477;88
7478;88
7479;88
7480;88
7481;88
7482;88
7483;88
7484;88
7485;88
7486;88
7487;88
7488;88
7489;88
7490;88
7491;88
7492;88
7493;88
7494;88
7495;88
7496;88
7497;88
7498;88
7499;88
7500;88
7501;88
7502;88
7503;88
7504;88
7505;88
7506;88
7507;88
7508;88
7509;88
7510;88
7511;88
7512;88
7513;88
7514;88
7515;88
7516;88
7517;88
7518;88
7519;88
7520;88
7521;88
7522;88
7523;88
7524;88
7525;88
7526;88
7527;88
7528;88
7529;88
7530;88
7531;88
7532;88
7533;88
7534;88
7535;88
7536;88
7537;88
7538;88
7539;88
7540;88
7541;88
7542;88
7543;88
7544;88
7545;88
7546;88
7547;88
7548;88
7549;88
7550;88
7551;88
7552;88
7553;88
7554;88
7555;88
7556;88
7557;88
7558;88
7559;88
7560;88
7561;88
7562;88
7563;88
7564;88
7565;88
7566;88
7567;88
7568;88
7569;88
7570;88
7571;88
7572;88
7573;88
7574;88
7575;88
7576;88
7577;88
7578;88
7579;88
7580;88
7581;88
7582;88
7583;88
7584;88
7585;88
7586;88
7587;88
7588;88
7589;88
7590;88
7591;88
7592;88
7593;88
7594;88
7595;88
7596;88
7597;88
7598;88
7599;88
7600;88
7601;88
7602;88
7603;88
7604;88
7605;88
7606;88
7607;88
7608;88
7609;88
7610;88
7611;88
7612;88
7613;88
7614;88
7615;88
7616;88
7617;88
7618;88
7619;88
7620;88
7621;88
7622;88
7623;88
7624;88
7625;88
7626;88
7627;88
7628;88
7629;88
7630;88
7631;88
7632;88
7633;88
7634;88
7635;88
7636;88
7637;88
7638;88
7639;88
7640;88
7641;88
7642;88
7643;88
7644;88
7645;88
7646;88
7647;88
7648;88
7649;88
7650;88
7651;88
7652;88
7653;88
7654;88
7655;88
7656;88
7657;88
7658;88
7659;88
7660;88
7661;88
7662;88
7663;88
7664;88
7665;88
7666;88
7667;88
7668;88
7669;88
7670;88
7671;88
7672;88
7673;88
7674;88
7675;88
7676;88
7677;88
7678;88
7679;88
7680;88
7681;88
7682;88
7683;88
7684;88
7685;88
7686;88
7687;88
7688;88
7689;88
7690;88
7691;88
7692;88
7693;88
7694;88
7695;88
7696;88
7697;88
7698;88
7699;88
7700;88
7701;88
7702;88
7703;88
7704;88
7705;88
7706;88
7707;88
7708;88
7709;88
7710;88
7711;88
7712;88
7713;88
7714;88
7715;88
7716;88
7717;88
7718;88
7719;88
7720;88
7721;88
7722;88
7723;88
7724;88
7725;88
7726;88
7727;88
7728;88
7729;88
7730;88
7731;88
7732;88
7733;88
7734;88
7735;88
7736;88
7737;88
7738;88
7739;88
7740;88
7741;88
7742;88
7743;88
7744;88
7745;88
7746;88
7747;88
7748;88
7749;88
7750;88
7751;88
7752;88
7753;88
7754;88
7755;88
7756;88
7757;88
7758;88
7759;88
7760;88
7761;88
7762;88
7763;88
7764;88
7765;88
7766;88
7767;88
7768;88
7769;88
7770;88
7771;88
7772;88
7773;88
7774;88
7775;88
7776;88
7777;88
7778;88
7779;88
7780;88
7781;88
7782;88
7783;88
7784;88
7785;88
7786;88
7787;88
7788;88
7789;88
7790;88
7791;88
7792;88
7793;88
7794;88
7795;88
7796;88
7797;88
7798;88
7799;88
7800;88
7801;88
7802;88
7803;88
7804;88
7805;88
7806;88
7807;88
7808;88
7809;88
7810;88
7811;88
7812;88
7813;88
7814;88
7815;88
7816;88
7817;88
7818;88
7819;88
7820;88
7821;88
7822;88
7823;88
7824;88
7825;88
7826;88
7827;88
7828;88
7829;88
7830;88
7831;88
7832;88
7833;88
7834;88
7835;88
7836;88
7837;88
7838;88
7839;88
7840;88
7841;88
7842;88
7843;88
7844;88
7845;88
7846;88
7847;88
7848;88
7849;88
7850;88
7851;88
7852;88
7853;88
7854;88
7855;88
7856;88
7857;88
7858;88
7859;88
7860;88
7861;88
7862;88
7863;88
7864;88
7865;88
7866;88
7867;88
7868;88
7869;88
7870;88
7871;88
7872;88
7873;88
7874;88
7875;88
7876;88
7877;88
7878;88
7879;88
7880;88
7881;88
7882;88
7883;88
7884;88
7885;88
7886;88
7887;88
7888;88
7889;88
7890;88
7891;88
7892;88
7893;88
7894;88
7895;88
7896;88
7897;88
7898;88
7899;88
7900;88
7901;88
7902;88
7903;88
7904;88
7905;88
7906;88
7907;88
7908;88
7909;88
7910;88
7911;88
7912;88
7913;88
7914;88
7915;88
7916;88
7917;88
7918;88
7919;88
7920;88
7921;88
7922;88
7923;88
7924;88
7925;88
7926;88
7927;88
7928;88
7929;88
7930;88
7931;88
7932;88
7933;88
7934;88
7935;88
7936;88
7937;88
7938;88
7939;88
7940;88
7941;88
7942;88
7943;88
7944;88
7945;88
7946;88
7947;88
7948;88
7949;88
7950;88
7951;88
7952;88
7953;88
7954;88
7955;88
7956;88
7957;88
7958;88
7959;88
7960;88
7961;88
7962;88
7963;88
7964;88
7965;88
7966;88
7967;88
7968;88
7969;88
7970;88
7971;88
7972;88
7973;88
7974;88
7975;88
7976;88
7977;88
7978;88
7979;88
7980;88
7981;88
7982;88
7983;88
7984;88
7985;88
7986;88
7987;88
7988;88
7989;88
7990;88
7991;88
7992;88
7993;88
7994;88
7995;88
7996;88
7997;88
7998;88
7999;88
8000;88
8001;88
8002;88
8003;88
8004;88
8005;88
8006;88
8007;88
8008;88
8009;88
8010;88
8011;88
8012;88
8013;88
8014;88
8015;88
8016;88
8017;88
8018;88
8019;88
8020;88
8021;88
8022;88
8023;88
8024;88
8025;88
8026;88
8027;88
8028;88
8029;88
8030;88
8031;88
8032;88
8033;88
8034;88
8035;88
8036;88
8037;88
8038;88
8039;88
8040;88
8041;88
8042;88
8043;88
8044;88
8045;88
8046;88
8047;88
8048;88
8049;88
8050;88
8051;88
8052;88
8053;88
8054;88
8055;88
8056;88
8057;88
8058;88
8059;88
8060;88
8061;88
8062;88
8063;88
8064;88
8065;88
8066;88
8067;88
8068;88
8069;88
8070;88
8071;88
8072;88
8073;88
8074;88
8075;88
8076;88
8077;88
8078;88
8079;88
8080;88
8081;88
8082;88
8083;88
8084;88
8085;88
8086;88
8087;88
8088;88
8089;88
8090;88
8091;88
8092;88
8093;88
8094;88
8095;88
8096;88
8097;88
8098;88
8099;88
8100;88
8101;88
8102;88
8103;88
8104;88
8105;88
8106;88
8107;88
8108;88
8109;88
8110;88
8111;88
8112;88
8113;88
8114;88
8115;88
8116;88
8117;88
8118;88
8119;88
8120;88
8121;88
8122;88
8123;88
8124;88
8125;88
8126;88
8127;88
8128;88
8129;88
8130;88
8131;88
8132;88
8133;88
8134;88
8135;88
8136;88
8137;88
8138;88
8139;88
8140;88
8141;88
8142;88
8143;88
8144;88
8145;88
8146;88
8147;88
8148;88
8149;88
8150;88
8151;88
8152;88
8153;88
8154;88
8155;88
8156;88
8157;88
8158;88
8159;88
8160;88
8161;88
8162;88
8163;88
8164;88
8165;88
8166;88
8167;88
8168;88
8169;88
8170;88
8171;88
8172;88
8173;88
8174;88
8175;88
8176;88
8177;88
8178;88
8179;88
8180;88
8181;88
8182;88
8183;88
8184;88
8185;88
8186;88
8187;88
8188;88
8189;88
8190;88
8191;88
8192;88
8193;88
8194;88
8195;88
8196;88
8197;88
8198;88
8199;88
8200;88
8201;88
8202;88
8203;88
8204;88
8205;88
8206;88
8207;88
8208;88
8209;88
8210;88
8211;88
8212;88
8213;88
8214;88
8215;88
8216;88
8217;88
8218;88
8219;88
8220;88
8221;88
8222;88
8223;88
8224;88
8225;88
8226;88
8227;88
8228;88
8229;88
8230;88
8231;88
8232;88
8233;88
8234;88
8235;88
8236;88
8237;88
8238;88
8239;88
8240;88
8241;88
8242;88
8243;88
8244;88
8245;88
8246;88
8247;88
8248;88
8249;88
8250;88
8251;88
8252;88
8253;88
8254;88
8255;88
8256;88
8257;88
8258;88
8259;88
8260;88
8261;88
8262;88
8263;88
8264;88
8265;88
8266;88
8267;88
8268;88
8269;88
8270;88
8271;88
8272;88
8273;88
8274;88
8275;88
8276;88
8277;88
8278;88
8279;88
8280;88
8281;88
8282;88
8283;88
8284;88
8285;88
8286;88
8287;88
8288;88
8289;88
8290;88
8291;88
8292;88
8293;88
8294;88
8295;88
8296;88
8297;88
8298;88
8299;88
8300;88
8301;88
8302;88
8303;88
8304;88
8305;88
8306;88
8307;88
8308;88
8309;88
8310;88
8311;88
8312;88
8313;88
8314;88
8315;88
8316;88
8317;88
8318;88
8319;88
8320;88
8321;88
8322;88
8323;88
8324;88
8325;88
8326;88
8327;88
8328;88
8329;88
8330;88
8331;88
8332;88
8333;88
8334;88
8335;88
8336;88
8337;88
8338;88
8339;88
8340;88
8341;88
8342;88
8343;88
8344;88
8345;88
8346;88
8347;88
8348;88
8349;88
8350;88
8351;88
8352;88
8353;88
8354;88
8355;88
8356;88
8357;88
8358;88
8359;88
8360;88
8361;88
8362;88
8363;88
8364;88
8365;88
8366;88
8367;88
8368;88
8369;88
8370;88
8371;88
8372;88
8373;88
8374;88
8375;88
8376;88
8377;88
8378;88
8379;88
8380;88
8381;88
8382;88
8383;88
8384;88
8385;88
8386;88
8387;88
8388;88
8389;88
8390;88
8391;88
8392;88
8393;88
8394;88
8395;88
8396;88
8397;88
8398;88
8399;88
8400;88
8401;88
8402;88
8403;88
8404;88
8405;88
8406;88
8407;88
8408;88
8409;88
8410;88
8411;88
8412;88
8413;88
8414;88
8415;88
8416;88
8417;88
8418;88
8419;88
8420;88
8421;88
8422;88
8423;88
8424;88
8425;88
8426;88
8427;88
8428;88
8429;88
8430;88
8431;88
8432;88
8433;88
8434;88
8435;88
8436;88
8437;88
8438;88
8439;88
8440;88
8441;88
8442;88
8443;88
8444;88
8445;88
8446;88
8447;88
8448;88
8449;88
8450;88
8451;88
8452;88
8453;88
8454;88
8455;88
8456;88
8457;88
8458;88
8459;88
8460;88
8461;88
8462;88
8463;88
8464;88
8465;88
8466;88
8467;88
8468;88
8469;88
8470;88
8471;88
8472;88
8473;88
8474;88
8475;88
8476;88
8477;88
8478;88
8479;88
8480;88
8481;88
8482;88
8483;88
8484;88
8485;88
8486;88
8487;88
8488;88
8489;88
8490;88
8491;88
8492;88
8493;88
8494;88
8495;88
8496;88
8497;88
8498;88
8499;88
8500;88
8501;88
8502;88
8503;88
8504;88
8505;88
8506;88
8507;88
8508;88
8509;88
8510;88
8511;88
8512;88
8513;88
8514;88
8515;88
8516;88
8517;88
8518;88
8519;88
8520;88
8521;88
8522;88
8523;88
8524;88
8525;88
8526;88
8527;88
8528;88
8529;88
8530;88
8531;88
8532;88
8533;88
8534;88
8535;88
8536;88
8537;88
8538;88
8539;88
8540;88
8541;88
8542;88
8543;88
8544;88
8545;88
8546;88
8547;88
8548;88
8549;88
8550;88
8551;88
8552;88
8553;88
8554;88
8555;88
8556;88
8557;88
8558;88
8559;88
8560;88
8561;88
8562;88
8563;88
8564;88
8565;88
8566;88
8567;88
8568;88
8569;88
8570;88
8571;88
8572;88
8573;88
8574;88
8575;88
8576;88
8577;88
8578;88
8579;88
8580;88
8581;88
8582;88
8583;88
8584;88
8585;88
8586;88
8587;88
8588;88
8589;88
8590;88
8591;88
8592;88
8593;88
8594;88
8595;88
8596;88
8597;88
8598;88
8599;88
8600;88
8601;88
8602;88
8603;88
8604;88
8605;88
8606;88
8607;88
8608;88
8609;88
8610;88
8611;88
8612;88
8613;88
8614;88
8615;88
8616;88
8617;88
8618;88
8619;88
8620;88
8621;88
8622;88
8623;88
8624;88
8625;88
8626;88
8627;88
8628;88
8629;88
8630;88
8631;88
8632;88
8633;88
8634;88
8635;88
8636;88
8637;88
8638;88
8639;88
8640;88
8641;88
8642;88
8643;88
8644;88
8645;88
8646;88
8647;88
8648;88
8649;88
8650;88
8651;88
8652;88
8653;88
8654;88
8655;88
8656;88
8657;88
8658;88
8659;88
8660;88
8661;88
8662;88
8663;88
8664;88
8665;88
8666;88
8667;88
8668;88
8669;88
8670;88
8671;88
8672;88
8673;88
8674;88
8675;88
8676;88
8677;88
8678;88
8679;88
8680;88
8681;88
8682;88
8683;88
8684;88
8685;88
8686;88
8687;88
8688;88
8689;88
8690;88
8691;88
8692;88
8693;88
8694;88
8695;88
8696;88
8697;88
8698;88
8699;88
8700;88
8701;88
8702;88
8703;88
8704;88
8705;88
8706;88
8707;88
8708;88
8709;88
8710;88
8711;88
8712;88
8713;88
8714;88
8715;88
8716;88
8717;88
8718;88
8719;88
8720;88
8721;88
8722;88
8723;88
8724;88
8725;88
8726;88
8727;88
8728;88
8729;88
8730;88
8731;88
8732;88
8733;88
8734;88
8735;88
8736;88
8737;88
8738;88
8739;88
8740;88
8741;88
8742;88
8743;88
8744;88
8745;88
8746;88
8747;88
8748;88
8749;88
8750;88
8751;88
8752;88
8753;88
8754;88
8755;88
8756;88
8757;88
8758;88
8759;88
8760;88
8761;88
8762;88
8763;88
8764;88
8765;88
8766;88
8767;88
8768;88
8769;88
8770;88
8771;88
8772;88
8773;88
8774;88
8775;88
8776;88
8777;88
8778;88
8779;88
8780;88
8781;88
8782;88
8783;88
8784;88
8785;88
8786;88
8787;88
8788;88
8789;88
8790;88
8791;88
8792;88
8793;88
8794;88
8795;88
8796;88
8797;88
8798;88
8799;88
8800;88
8801;88
8802;88
8803;88
8804;88
8805;88
8806;88
8807;88
8808;88
8809;88
8810;88
8811;88
8812;88
8813;88
8814;88
8815;88
8816;88
8817;88
8818;88
8819;88
8820;88
8821;88
8822;88
8823;88
8824;88
8825;88
8826;88
8827;88
8828;88
8829;88
8830;88
8831;88
8832;88
8833;88
8834;88
8835;88
8836;88
8837;88
8838;88
8839;88
8840;88
8841;88
8842;88
8843;88
8844;88
8845;88
8846;88
8847;88
8848;88
8849;88
8850;88
8851;88
8852;88
8853;88
8854;88
8855;88
8856;88
8857;88
8858;88
8859;88
8860;88
8861;88
8862;88
8863;88
8864;88
8865;88
8866;88
8867;88
8868;88
8869;88
8870;88
8871;88
8872;88
8873;88
8874;88
8875;88
8876;88
8877;88
8878;88
8879;88
8880;88
8881;88
8882;88
8883;88
8884;88
8885;88
8886;88
8887;88
8888;88
8889;88
8890;88
8891;88
8892;88
8893;88
8894;88
8895;88
8896;88
8897;88
8898;88
8899;88
8900;88
8901;88
8902;88
8903;88
8904;88
8905;88
8906;88
8907;88
8908;88
8909;88
8910;88
8911;88
8912;88
8913;88
8914;88
8915;88
8916;88
8917;88
8918;88
8919;88
8920;88
8921;88
8922;88
8923;88
8924;88
8925;88
8926;88
8927;88
8928;88
8929;88
8930;88
8931;88
8932;88
8933;88
8934;88
8935;88
8936;88
8937;88
8938;88
8939;88
8940;88
8941;88
8942;88
8943;88
8944;88
8945;88
8946;88
8947;88
8948;88
8949;88
8950;88
8951;88
8952;88
8953;88
8954;88
8955;88
8956;88
8957;88
8958;88
8959;88
8960;88
8961;88
8962;88
8963;88
8964;88
8965;88
8966;88
8967;88
8968;88
8969;88
8970;88
8971;88
8972;88
8973;88
8974;88
8975;88
8976;88
8977;88
8978;88
8979;88
8980;88
8981;88
8982;88
8983;88
8984;88
8985;88
8986;88
8987;88
8988;88
8989;88
8990;88
8991;88
8992;88
8993;88
8994;88
8995;88
8996;88
8997;88
8998;88
8999;88
9000;88
9001;88
9002;88
9003;88
9004;88
9005;88
9006;88
9007;88
9008;88
9009;88
9010;88
9011;88
9012;88
9013;88
9014;88
9015;88
9016;88
9017;88
9018;88
9019;88
9020;88
9021;88
9022;88
9023;88
9024;88
9025;88
9026;88
9027;88
9028;88
9029;88
9030;88
9031;88
9032;88
9033;88
9034;88
9035;88
9036;88
9037;88
9038;88
9039;88
9040;88
9041;88
9042;88
9043;88
9044;88
9045;88
9046;88
9047;88
9048;88
9049;88
9050;88
9051;88
9052;88
9053;88
9054;88
9055;88
9056;88
9057;88
9058;88
9059;88
9060;88
9061;88
9062;88
9063;88
9064;88
9065;88
9066;88
9067;88
9068;88
9069;88
9070;88
9071;88
9072;88
9073;88
9074;88
9075;88
9076;88
9077;88
9078;88
9079;88
9080;88
9081;88
9082;88
9083;88
9084;88
9085;88
9086;88
9087;88
9088;88
9089;88
9090;88
9091;88
9092;88
9093;88
9094;88
9095;88
9096;88
9097;88
9098;88
9099;88
9100;88
9101;88
9102;88
9103;88
9104;88
9105;88
9106;88
9107;88
9108;88
9109;88
9110;88
9111;88
9112;88
9113;88
9114;88
9115;88
9116;88
9117;88
9118;88
9119;88
9120;88
9121;88
9122;88
9123;88
9124;88
9125;88
9126;88
9127;88
9128;88
9129;88
9130;88
9131;88
9132;88
9133;88
9134;88
9135;88
9136;88
9137;88
9138;88
9139;88
9140;88
9141;88
9142;88
9143;88
9144;88
9145;88
9146;88
9147;88
9148;88
9149;88
9150;88
9151;88
9152;88
9153;88
9154;88
9155;88
9156;88
9157;88
9158;88
9159;88
9160;88
9161;88
9162;88
9163;88
9164;88
9165;88
9166;88
9167;88
9168;88
9169;88
9170;88
9171;88
9172;88
9173;88
9174;88
9175;88
9176;88
9177;88
9178;88
9179;88
9180;88
9181;88
9182;88
9183;88
9184;88
9185;88
9186;88
9187;88
9188;88
9189;88
9190;88
9191;88
9192;88
9193;88
9194;88
9195;88
9196;88
9197;88
9198;88
9199;88
9200;88
9201;88
9202;88
9203;88
9204;88
9205;88
9206;88
9207;88
9208;88
9209;88
9210;88
9211;88
9212;88
9213;88
9214;88
9215;88
9216;88
9217;88
9218;88
9219;88
9220;88
9221;88
9222;88
9223;88
9224;88
9225;88
9226;88
9227;88
9228;88
9229;88
9230;88
9231;88
9232;88
9233;88
9234;88
9235;88
9236;88
9237;88
9238;88
9239;88
9240;88
9241;88
9242;88
9243;88
9244;88
9245;88
9246;88
9247;88
9248;88
9249;88
9250;88
9251;88
9252;88
9253;88
9254;88
9255;88
9256;88
9257;88
9258;88
9259;88
9260;88
9261;88
9262;88
9263;88
9264;88
9265;88
9266;88
9267;88
9268;88
9269;88
9270;88
9271;88
9272;88
9273;88
9274;88
9275;88
9276;88
9277;88
9278;88
9279;88
9280;88
9281;88
9282;88
9283;88
9284;88
9285;88
9286;88
9287;88
9288;88
9289;88
9290;88
9291;88
9292;88
9293;88
9294;88
9295;88
9296;88
9297;88
9298;88
9299;88
9300;88
9301;88
9302;88
9303;88
9304;88
9305;88
9306;88
9307;88
9308;88
9309;88
9310;88
9311;88
9312;88
9313;88
9314;88
9315;88
9316;88
9317;88
9318;88
9319;88
9320;88
9321;88
9322;88
9323;88
9324;88
9325;88
9326;88
9327;88
9328;88
9329;88
9330;88
9331;88
9332;88
9333;88
9334;88
9335;88
9336;88
9337;88
9338;88
9339;88
9340;88
9341;88
9342;88
9343;88
9344;88
9345;88
9346;88
9347;88
9348;88
9349;88
9350;88
9351;88
9352;88
9353;88
9354;88
9355;88
9356;88
9357;88
9358;88
9359;88
9360;88
9361;88
9362;88
9363;88
9364;88
9365;88
9366;88
9367;88
9368;88
9369;88
9370;88
9371;88
9372;88
9373;88
9374;88
9375;88
9376;88
9377;88
9378;88
9379;88
9380;88
9381;88
9382;88
9383;88
9384;88
9385;88
9386;88
9387;88
9388;88
9389;88
9390;88
9391;88
9392;88
9393;88
9394;88
9395;88
9396;88
9397;88
9398;88
9399;88
9400;88
9401;88
9402;88
9403;88
9404;88
9405;88
9406;88
9407;88
9408;88
9409;88
9410;88
9411;88
9412;88
9413;88
9414;88
9415;88
9416;88
9417;88
9418;88
9419;88
9420;88
9421;88
9422;88
9423;88
9424;88
9425;88
9426;88
9427;88
9428;88
9429;88
9430;88
9431;88
9432;88
9433;88
9434;88
9435;88
9436;88
9437;88
9438;88
9439;88
9440;88
9441;88
9442;88
9443;88
9444;88
9445;88
9446;88
9447;88
9448;88
9449;88
9450;88
9451;88
9452;88
9453;88
9454;88
9455;88
9456;88
9457;88
9458;88
9459;88
9460;88
9461;88
9462;88
9463;88
9464;88
9465;88
9466;88
9467;88
9468;88
9469;88
9470;88
9471;88
9472;88
9473;88
9474;88
9475;88
9476;88
9477;88
9478;88
9479;88
9480;88
9481;88
9482;88
9483;88
9484;88
9485;88
9486;88
9487;88
9488;88
9489;88
9490;88
9491;88
9492;88
9493;88
9494;88
9495;88
9496;88
9497;88
9498;88
9499;88
9500;88
9501;88
9502;88
9503;88
9504;88
9505;88
9506;88
9507;88
9508;88
9509;88
9510;88
9511;88
9512;88
9513;88
9514;88
9515;88
9516;88
9517;88
9518;88
9519;88
9520;88
9521;88
9522;88
9523;88
9524;88
9525;88
9526;88
9527;88
9528;88
9529;88
9530;88
9531;88
9532;88
9533;88
9534;88
9535;88
9536;88
9537;88
9538;88
9539;88
9540;88
9541;88
9542;88
9543;88
9544;88
9545;88
9546;88
9547;88
9548;88
9549;88
9550;88
9551;88
9552;88
9553;88
9554;88
9555;88
9556;88
9557;88
9558;88
9559;88
9560;88
9561;88
9562;88
9563;88
9564;88
9565;88
9566;88
9567;88
9568;88
9569;88
9570;88
9571;88
9572;88
9573;88
9574;88
9575;88
9576;88
9577;88
9578;88
9579;88
9580;88
9581;88
9582;88
9583;88
9584;88
9585;88
9586;88
9587;88
9588;88
9589;88
9590;88
9591;88
9592;88
9593;88
9594;88
9595;88
9596;88
9597;88
9598;88
9599;88
9600;88
9601;88
9602;88
9603;88
9604;88
9605;88
9606;88
9607;88
9608;88
9609;88
9610;88
9611;88
9612;88
9613;88
9614;88
9615;88
9616;88
9617;88
9618;88
9619;88
9620;88
9621;88
9622;88
9623;88
9624;88
9625;88
9626;88
9627;88
9628;88
9629;88
9630;88
9631;88
9632;88
9633;88
9634;88
9635;88
9636;88
9637;88
9638;88
9639;88
9640;88
9641;88
9642;88
9643;88
9644;88
9645;88
9646;88
9647;88
9648;88
9649;88
9650;88
9651;88
9652;88
9653;88
9654;88
9655;88
9656;88
9657;88
9658;88
9659;88
9660;88
9661;88
9662;88
9663;88
9664;88
9665;88
9666;88
9667;88
9668;88
9669;88
9670;88
9671;88
9672;88
9673;88
9674;88
9675;88
9676;88
9677;88
9678;88
9679;88
9680;88
9681;88
9682;88
9683;88
9684;88
9685;88
9686;88
9687;88
9688;88
9689;88
9690;88
9691;88
9692;88
9693;88
9694;88
9695;88
9696;88
9697;88
9698;88
9699;88
9700;88
9701;88
9702;88
9703;88
9704;88
9705;88
9706;88
9707;88
9708;88
9709;88
9710;88
9711;88
9712;88
9713;88
9714;88
9715;88
9716;88
9717;88
9718;88
9719;88
9720;88
9721;88
9722;88
9723;88
9724;88
9725;88
9726;88
9727;88
9728;88
9729;88
9730;88
9731;88
9732;88
9733;88
9734;88
9735;88
9736;88
9737;88
9738;88
9739;88
9740;88
9741;88
9742;88
9743;88
9744;88
9745;88
9746;88
9747;88
9748;88
9749;88
9750;88
9751;88
9752;88
9753;88
9754;88
9755;88
9756;88
9757;88
9758;88
9759;88
9760;88
9761;88
9762;88
9763;88
9764;88
9765;88
9766;88
9767;88
9768;88
9769;88
9770;88
9771;88
9772;88
9773;88
9774;88
9775;88
9776;88
9777;88
9778;88
9779;88
9780;88
9781;88
9782;88
9783;88
9784;88
9785;88
9786;88
9787;88
9788;88
9789;88
9790;88
9791;88
9792;88
9793;88
9794;88
9795;88
9796;88
9797;88
9798;88
9799;88
9800;88
9801;88
9802;88
9803;88
9804;88
9805;88
9806;88
9807;88
9808;88
9809;88
9810;88
9811;88
9812;88
9813;88
9814;88
9815;88
9816;88
9817;88
9818;88
9819;88
9820;88
9821;88
9822;88
9823;88
9824;88
9825;88
9826;88
9827;88
9828;88
9829;88
9830;88
9831;88
9832;88
9833;88
9834;88
9835;88
9836;88
9837;88
9838;88
9839;88
9840;88
9841;88
9842;88
9843;88
9844;88
9845;88
9846;88
9847;88
9848;88
9849;88
9850;88
9851;88
9852;88
9853;88
9854;88
9855;88
9856;88
9857;88
9858;88
9859;88
9860;88
9861;88
9862;88
9863;88
9864;88
9865;88
9866;88
9867;88
9868;88
9869;88
9870;88
9871;88
9872;88
9873;88
9874;88
9875;88
9876;88
9877;88
9878;88
9879;88
9880;88
9881;88
9882;88
9883;88
9884;88
9885;88
9886;88
9887;88
9888;88
9889;88
9890;88
9891;88
9892;88
9893;88
9894;88
9895;88
9896;88
9897;88
9898;88
9899;88
9900;88
9901;88
9902;88
9903;88
9904;88
9905;88
9906;88
9907;88
9908;88
9909;88
9910;88
9911;88
9912;88
9913;88
9914;88
9915;88
9916;88
9917;88
9918;88
9919;88
9920;88
9921;88
9922;88
9923;88
9924;88
9925;88
9926;88
9927;88
9928;88
9929;88
9930;88
9931;88
9932;88
9933;88
9934;88
9935;88
9936;88
9937;88
9938;88
9939;88
9940;88
9941;88
9942;88
9943;88
9944;88
9945;88
9946;88
9947;88
9948;88
9949;88
9950;88
9951;88
9952;88
9953;88
9954;88
9955;88
9956;88
9957;88
9958;88
9959;88
9960;88
9961;88
9962;88
9963;88
9964;88
9965;88
9966;88
9967;88
9968;88
9969;88
9970;88
9971;88
9972;88
9973;88
9974;88
9975;88
9976;88
9977;88
9978;88
9979;88
9980;88
9981;88
9982;88
9983;88
9984;88
9985;88
9986;88
9987;88
9988;88
9989;88
9990;88
9991;88
9992;88
9993;88
9994;88
9995;88
9996;88
9997;88
9998;88
9999;88