0;12
1;21
2;21
3;21
4;34
5;34
6;34
7;34
8;34
9;34
10;34
11;34
12;34
13;34
14;34
15;34
16;34
17;55
18;55
19;55
20;55
21;55
22;55
23;55
24;55
25;55
26;55
27;55
28;55
29;55
30;55
31;70
32;70
33;70
34;70
35;70
36;70
37;70
38;70
39;70
40;70
41;70
42;70
43;70
44;70
45;70
46;70
47;70
48;70
49;70
50;70
51;70
52;70
53;70
54;70
55;70
56;70
57;70
58;70
59;70
60;70
61;70
62;70
63;70
64;70
65;70
66;70
67;70
68;70
69;70
70;70
71;70
72;70
73;70
74;70
75;70
76;70
77;70
78;70
79;70
80;70
81;70
82;70
83;70
84;70
85;70
86;70
87;70
88;70
89;70
90;70
91;70
92;70
93;70
94;70
95;70
96;70
97;70
98;70
99;70
100;70
101;70
102;70
103;70
104;70
105;70
106;70
107;70
108;70
109;70
110;70
111;70
112;70
113;70
114;70
115;70
116;70
117;70
118;70
119;70
120;70
121;70
122;70
123;70
124;70
125;70
126;70
127;70
128;73
129;73
130;73
131;73
132;73
133;73
134;73
135;73
136;73
137;73
138;73
139;73
140;73
141;73
142;73
143;73
144;73
145;73
146;73
147;73
148;73
149;73
150;73
151;73
152;73
153;73
154;73
155;73
156;73
157;73
158;73
159;73
160;73
161;73
162;73
163;73
164;73
165;73
166;73
167;73
168;73
169;73
170;73
171;73
172;73
173;73
174;73
175;73
176;73
177;73
178;73
179;73
180;73
181;73
182;73
183;73
184;73
185;73
186;73
187;73
188;73
189;73
190;73
191;73
192;73
193;73
194;73
195;73
196;73
197;73
198;73
199;73
200;73
201;73
202;73
203;73
204;73
205;73
206;73
207;73
208;73
209;73
210;73
211;73
212;73
213;73
214;73
215;73
216;73
217;73
218;73
219;73
220;73
221;73
222;73
223;73
224;73
225;73
226;73
227;73
228;73
229;73
230;73
231;73
232;73
233;73
234;73
235;73
236;73
237;73
238;73
239;73
240;73
241;73
242;73
243;73
244;73
245;73
246;73
247;73
248;73
249;73
250;73
251;73
252;73
253;73
254;73
255;73
256;73
257;73
258;73
259;73
260;73
261;73
262;73
263;73
264;73
265;73
266;73
267;73
268;73
269;73
270;73
271;73
272;73
273;73
274;73
275;73
276;73
277;73
278;73
279;73
280;73
281;73
282;73
283;73
284;73
285;73
286;73
287;73
288;73
289;73
290;73
291;73
292;73
293;73
294;73
295;73
296;73
297;73
298;73
299;73
300;73
301;73
302;76
303;76
304;76
305;76
306;76
307;76
308;76
309;76
310;76
311;76
312;76
313;76
314;76
315;76
316;76
317;76
318;76
319;76
320;76
321;76
322;76
323;76
324;76
325;76
326;76
327;76
328;76
329;76
330;76
331;76
332;76
333;76
334;76
335;76
336;76
337;76
338;76
339;76
340;76
341;76
342;76
343;76
344;76
345;76
346;76
347;76
348;76
349;76
350;76
351;76
352;76
353;76
354;76
355;76
356;76
357;76
358;76
359;76
360;76
361;76
362;76
363;76
364;76
365;76
366;76
367;76
368;76
369;76
370;76
371;76
372;76
373;76
374;76
375;76
376;76
377;76
378;76
379;76
380;76
381;76
382;76
383;76
384;76
385;76
386;76
387;76
388;76
389;76
390;76
391;76
392;76
393;76
394;76
395;76
396;76
397;76
398;76
399;76
400;76
401;76
402;76
403;76
404;76
405;76
406;76
407;76
408;76
409;76
410;76
411;76
412;76
413;76
414;76
415;76
416;76
417;76
418;76
419;76
420;76
421;76
422;76
423;76
424;76
425;76
426;76
427;76
428;76
429;76
430;76
431;76
432;76
433;76
434;76
435;76
436;76
437;76
438;76
439;76
440;76
441;76
442;76
443;76
444;76
445;76
446;76
447;76
448;76
449;76
450;76
451;76
452;76
453;76
454;76
455;76
456;76
457;76
458;76
459;76
460;76
461;76
462;76
463;76
464;76
465;76
466;76
467;76
468;76
469;76
470;76
471;76
472;76
473;76
474;76
475;76
476;76
477;76
478;76
479;76
480;76
481;76
482;76
483;76
484;76
485;76
486;76
487;76
488;76
489;76
490;76
491;76
492;76
493;76
494;76
495;76
496;76
497;76
498;76
499;76
500;76
501;76
502;76
503;76
504;76
505;76
506;76
507;76
508;76
509;76
510;76
511;76
512;76
513;76
514;76
515;76
516;76
517;76
518;76
519;76
520;76
521;76
522;76
523;76
524;76
525;76
526;76
527;76
528;76
529;76
530;76
531;76
532;76
533;76
534;76
535;76
536;76
537;76
538;76
539;76
540;76
541;76
542;76
543;76
544;76
545;76
546;76
547;76
548;76
549;76
550;76
551;76
552;76
553;76
554;76
555;81
556;81
557;81
558;81
559;81
560;81
561;81
562;81
563;81
564;81
565;81
566;81
567;81
568;81
569;81
570;81
571;81
572;81
573;81
574;81
575;81
576;81
577;81
578;81
579;81
580;81
581;81
582;81
583;81
584;81
585;81
586;81
587;81
588;81
589;81
590;81
591;81
592;81
593;81
594;81
595;81
596;81
597;81
598;81
599;81
600;81
601;81
602;81
603;81
604;81
605;81
606;81
607;81
608;81
609;81
610;81
611;81
612;81
613;81
614;81
615;81
616;81
617;81
618;81
619;81
620;81
621;81
622;81
623;81
624;81
625;81
626;81
627;81
628;81
629;81
630;81
631;81
632;81
633;81
634;81
635;81
636;81
637;81
638;81
639;81
640;81
641;81
642;81
643;81
644;81
645;81
646;81
647;81
648;81
649;81
650;81
651;81
652;81
653;81
654;81
655;81
656;81
657;81
658;81
659;81
660;81
661;81
662;81
663;81
664;81
665;81
666;81
667;81
668;81
669;81
670;81
671;81
672;81
673;81
674;81
675;81
676;81
677;81
678;81
679;81
680;81
681;81
682;81
683;81
684;81
685;81
686;81
687;81
688;81
689;81
690;81
691;81
692;81
693;81
694;81
695;81
696;81
697;81
698;81
699;81
700;81
701;81
702;81
703;81
704;81
705;81
706;81
707;81
708;81
709;81
710;81
711;81
712;81
713;81
714;81
715;81
716;81
717;81
718;81
719;81
720;81
721;81
722;81
723;81
724;81
725;81
726;81
727;81
728;81
729;81
730;81
731;81
732;81
733;81
734;81
735;81
736;81
737;81
738;81
739;81
740;81
741;81
742;81
743;81
744;81
745;81
746;81
747;81
748;81
749;81
750;81
751;81
752;81
753;81
754;81
755;81
756;81
757;81
758;81
759;81
760;81
761;81
762;81
763;81
764;81
765;81
766;81
767;81
768;81
769;81
770;81
771;81
772;81
773;81
774;81
775;81
776;81
777;81
778;81
779;81
780;81
781;81
782;81
783;81
784;81
785;81
786;81
787;81
788;81
789;81
790;81
791;81
792;81
793;81
794;81
795;81
796;81
797;81
798;81
799;81
800;81
801;81
802;81
803;81
804;81
805;81
806;81
807;81
808;81
809;81
810;81
811;81
812;81
813;81
814;81
815;81
816;81
817;81
818;81
819;81
820;81
821;81
822;81
823;81
824;81
825;81
826;81
827;81
828;81
829;81
830;81
831;81
832;81
833;81
834;81
835;81
836;81
837;81
838;81
839;81
840;81
841;81
842;81
843;81
844;81
845;81
846;81
847;81
848;81
849;81
850;81
851;81
852;81
853;81
854;81
855;81
856;81
857;81
858;81
859;81
860;81
861;81
862;81
863;81
864;81
865;81
866;81
867;81
868;81
869;81
870;81
871;81
872;81
873;81
874;81
875;81
876;81
877;81
878;81
879;81
880;81
881;81
882;81
883;81
884;81
885;81
886;81
887;81
888;81
889;81
890;81
891;81
892;81
893;81
894;81
895;81
896;81
897;81
898;81
899;81
900;81
901;81
902;81
903;81
904;81
905;81
906;81
907;81
908;81
909;81
910;81
911;81
912;81
913;81
914;81
915;81
916;81
917;81
918;81
919;81
920;81
921;81
922;81
923;81
924;81
925;81
926;81
927;81
928;81
929;81
930;81
931;81
932;81
933;81
934;81
935;81
936;81
937;81
938;81
939;81
940;81
941;81
942;81
943;81
944;81
945;81
946;81
947;81
948;81
949;81
950;81
951;81
952;81
953;81
954;81
955;81
956;81
957;81
958;81
959;81
960;81
961;81
962;81
963;81
964;81
965;81
966;81
967;81
968;81
969;81
970;81
971;81
972;81
973;81
974;81
975;81
976;81
977;81
978;81
979;81
980;81
981;81
982;81
983;81
984;81
985;81
986;81
987;81
988;81
989;81
990;81
991;81
992;81
993;81
994;81
995;81
996;81
997;81
998;81
999;81
1000;81
1001;81
1002;81
1003;81
1004;81
1005;81
1006;81
1007;81
1008;81
1009;81
1010;81
1011;81
1012;81
1013;81
1014;81
1015;81
1016;81
1017;81
1018;81
1019;81
1020;81
1021;81
1022;81
1023;81
1024;81
1025;81
1026;81
1027;81
1028;81
1029;81
1030;81
1031;81
1032;81
1033;81
1034;81
1035;81
1036;81
1037;81
1038;81
1039;81
1040;81
1041;81
1042;81
1043;81
1044;81
1045;81
1046;81
1047;81
1048;81
1049;81
1050;81
1051;81
1052;81
1053;81
1054;81
1055;81
1056;81
1057;81
1058;81
1059;81
1060;81
1061;81
1062;81
1063;81
1064;81
1065;81
1066;81
1067;81
1068;81
1069;81
1070;81
1071;81
1072;81
1073;81
1074;81
1075;81
1076;81
1077;81
1078;81
1079;81
1080;81
1081;81
1082;81
1083;81
1084;81
1085;81
1086;81
1087;81
1088;81
1089;81
1090;81
1091;81
1092;81
1093;81
1094;81
1095;81
1096;81
1097;81
1098;81
1099;81
1100;81
1101;81
1102;81
1103;81
1104;81
1105;81
1106;81
1107;81
1108;81
1109;81
1110;81
1111;81
1112;81
1113;81
1114;81
1115;81
1116;81
1117;81
1118;81
1119;81
1120;81
1121;81
1122;81
1123;81
1124;81
1125;81
1126;81
1127;81
1128;81
1129;81
1130;81
1131;81
1132;81
1133;81
1134;81
1135;81
1136;81
1137;81
1138;81
1139;81
1140;81
1141;81
1142;81
1143;81
1144;81
1145;81
1146;81
1147;81
1148;81
1149;81
1150;81
1151;81
1152;81
1153;81
1154;81
1155;81
1156;81
1157;81
1158;81
1159;81
1160;81
1161;81
1162;81
1163;81
1164;81
1165;81
1166;81
1167;81
1168;81
1169;81
1170;81
1171;81
1172;81
1173;81
1174;81
1175;81
1176;81
1177;81
1178;81
1179;81
1180;81
1181;81
1182;81
1183;81
1184;81
1185;81
1186;81
1187;81
1188;81
1189;81
1190;81
1191;81
1192;81
1193;81
1194;81
1195;81
1196;81
1197;81
1198;81
1199;81
1200;81
1201;81
1202;81
1203;81
1204;81
1205;81
1206;81
1207;81
1208;81
1209;81
1210;81
1211;81
1212;81
1213;81
1214;81
1215;81
1216;81
1217;81
1218;81
1219;81
1220;81
1221;81
1222;81
1223;81
1224;81
1225;81
1226;81
1227;81
1228;81
1229;81
1230;81
1231;81
1232;81
1233;81
1234;81
1235;81
1236;81
1237;81
1238;81
1239;81
1240;81
1241;81
1242;81
1243;81
1244;81
1245;81
1246;81
1247;81
1248;81
1249;81
1250;81
1251;81
1252;81
1253;81
1254;81
1255;81
1256;81
1257;81
1258;81
1259;81
1260;81
1261;81
1262;81
1263;81
1264;81
1265;81
1266;81
1267;81
1268;81
1269;81
1270;81
1271;81
1272;81
1273;81
1274;81
1275;81
1276;81
1277;81
1278;81
1279;81
1280;81
1281;81
1282;81
1283;81
1284;81
1285;81
1286;81
1287;81
1288;81
1289;81
1290;81
1291;81
1292;81
1293;81
1294;81
1295;81
1296;81
1297;81
1298;81
1299;81
1300;81
1301;81
1302;81
1303;81
1304;81
1305;81
1306;81
1307;81
1308;81
1309;81
1310;81
1311;81
1312;81
1313;81
1314;81
1315;81
1316;81
1317;81
1318;81
1319;81
1320;81
1321;81
1322;81
1323;81
1324;81
1325;81
1326;81
1327;81
1328;81
1329;81
1330;81
1331;81
1332;81
1333;81
1334;81
1335;81
1336;81
1337;81
1338;81
1339;81
1340;81
1341;81
1342;81
1343;81
1344;81
1345;81
1346;81
1347;81
1348;81
1349;81
1350;81
1351;81
1352;81
1353;81
1354;81
1355;81
1356;81
1357;81
1358;81
1359;81
1360;81
1361;81
1362;81
1363;81
1364;81
1365;81
1366;81
1367;81
1368;81
1369;81
1370;81
1371;81
1372;81
1373;81
1374;81
1375;81
1376;81
1377;81
1378;81
1379;81
1380;81
1381;81
1382;81
1383;81
1384;81
1385;81
1386;81
1387;81
1388;81
1389;81
1390;81
1391;81
1392;81
1393;81
1394;81
1395;81
1396;81
1397;81
1398;81
1399;81
1400;81
1401;81
1402;81
1403;81
1404;81
1405;81
1406;81
1407;81
1408;81
1409;81
1410;81
1411;81
1412;81
1413;81
1414;81
1415;81
1416;81
1417;81
1418;81
1419;81
1420;81
1421;81
1422;81
1423;81
1424;81
1425;81
1426;81
1427;81
1428;81
1429;81
1430;81
1431;81
1432;81
1433;81
1434;81
1435;81
1436;81
1437;81
1438;81
1439;81
1440;81
1441;81
1442;81
1443;81
1444;81
1445;81
1446;81
1447;81
1448;81
1449;81
1450;81
1451;81
1452;81
1453;81
1454;81
1455;81
1456;81
1457;81
1458;81
1459;81
1460;81
1461;81
1462;81
1463;81
1464;81
1465;81
1466;81
1467;81
1468;81
1469;81
1470;81
1471;81
1472;81
1473;81
1474;81
1475;81
1476;81
1477;81
1478;81
1479;81
1480;81
1481;81
1482;81
1483;81
1484;81
1485;81
1486;81
1487;81
1488;81
1489;81
1490;81
1491;81
1492;81
1493;81
1494;81
1495;81
1496;81
1497;81
1498;81
1499;81
1500;81
1501;81
1502;81
1503;81
1504;81
1505;81
1506;81
1507;81
1508;81
1509;81
1510;81
1511;81
1512;81
1513;81
1514;81
1515;81
1516;81
1517;81
1518;81
1519;81
1520;81
1521;81
1522;81
1523;81
1524;81
1525;81
1526;81
1527;81
1528;81
1529;81
1530;81
1531;81
1532;81
1533;81
1534;81
1535;81
1536;81
1537;81
1538;81
1539;81
1540;81
1541;81
1542;81
1543;81
1544;81
1545;81
1546;81
1547;81
1548;81
1549;81
1550;81
1551;81
1552;81
1553;81
1554;81
1555;81
1556;81
1557;81
1558;81
1559;81
1560;81
1561;81
1562;81
1563;81
1564;81
1565;81
1566;81
1567;81
1568;81
1569;81
1570;81
1571;81
1572;81
1573;81
1574;81
1575;81
1576;81
1577;81
1578;81
1579;81
1580;81
1581;81
1582;81
1583;81
1584;81
1585;81
1586;81
1587;81
1588;81
1589;81
1590;81
1591;81
1592;81
1593;81
1594;81
1595;81
1596;81
1597;81
1598;81
1599;81
1600;81
1601;81
1602;81
1603;81
1604;81
1605;81
1606;81
1607;81
1608;81
1609;81
1610;81
1611;81
1612;81
1613;81
1614;81
1615;81
1616;81
1617;81
1618;81
1619;81
1620;81
1621;81
1622;81
1623;81
1624;81
1625;81
1626;81
1627;81
1628;81
1629;81
1630;81
1631;81
1632;81
1633;81
1634;81
1635;81
1636;81
1637;81
1638;81
1639;81
1640;81
1641;81
1642;81
1643;81
1644;81
1645;81
1646;81
1647;81
1648;81
1649;81
1650;81
1651;81
1652;81
1653;81
1654;81
1655;81
1656;81
1657;81
1658;81
1659;81
1660;81
1661;81
1662;81
1663;81
1664;81
1665;81
1666;81
1667;81
1668;81
1669;81
1670;81
1671;81
1672;81
1673;81
1674;81
1675;81
1676;81
1677;81
1678;81
1679;81
1680;81
1681;81
1682;81
1683;81
1684;81
1685;81
1686;81
1687;81
1688;81
1689;81
1690;81
1691;81
1692;81
1693;81
1694;81
1695;81
1696;81
1697;81
1698;81
1699;81
1700;81
1701;81
1702;81
1703;81
1704;81
1705;81
1706;81
1707;81
1708;81
1709;81
1710;81
1711;81
1712;81
1713;81
1714;81
1715;81
1716;81
1717;81
1718;81
1719;81
1720;81
1721;81
1722;81
1723;81
1724;81
1725;81
1726;81
1727;81
1728;81
1729;81
1730;81
1731;81
1732;81
1733;81
1734;81
1735;81
1736;81
1737;81
1738;81
1739;81
1740;81
1741;81
1742;81
1743;81
1744;81
1745;81
1746;81
1747;81
1748;81
1749;81
1750;81
1751;81
1752;81
1753;81
1754;81
1755;81
1756;81
1757;81
1758;81
1759;81
1760;81
1761;81
1762;81
1763;81
1764;81
1765;81
1766;81
1767;81
1768;81
1769;81
1770;81
1771;81
1772;81
1773;81
1774;81
1775;81
1776;81
1777;81
1778;81
1779;81
1780;81
1781;81
1782;81
1783;81
1784;81
1785;81
1786;81
1787;81
1788;81
1789;81
1790;81
1791;81
1792;81
1793;81
1794;81
1795;81
1796;81
1797;81
1798;81
1799;81
1800;81
1801;81
1802;81
1803;81
1804;81
1805;81
1806;81
1807;81
1808;81
1809;81
1810;81
1811;81
1812;81
1813;81
1814;81
1815;81
1816;81
1817;81
1818;81
1819;81
1820;81
1821;81
1822;81
1823;81
1824;81
1825;81
1826;81
1827;81
1828;81
1829;81
1830;81
1831;81
1832;81
1833;81
1834;81
1835;81
1836;81
1837;81
1838;81
1839;81
1840;81
1841;81
1842;81
1843;81
1844;81
1845;81
1846;81
1847;81
1848;81
1849;81
1850;81
1851;81
1852;81
1853;81
1854;81
1855;81
1856;81
1857;81
1858;81
1859;81
1860;81
1861;81
1862;81
1863;81
1864;81
1865;81
1866;81
1867;81
1868;81
1869;81
1870;81
1871;81
1872;81
1873;81
1874;81
1875;81
1876;81
1877;81
1878;81
1879;81
1880;81
1881;81
1882;81
1883;81
1884;81
1885;81
1886;81
1887;81
1888;81
1889;81
1890;81
1891;81
1892;81
1893;81
1894;81
1895;81
1896;81
1897;81
1898;81
1899;81
1900;81
1901;81
1902;81
1903;81
1904;81
1905;81
1906;81
1907;81
1908;81
1909;81
1910;81
1911;81
1912;81
1913;81
1914;81
1915;81
1916;81
1917;81
1918;81
1919;81
1920;81
1921;81
1922;81
1923;81
1924;81
1925;81
1926;81
1927;81
1928;81
1929;81
1930;81
1931;81
1932;81
1933;81
1934;81
1935;81
1936;81
1937;81
1938;81
1939;81
1940;81
1941;81
1942;81
1943;81
1944;81
1945;81
1946;81
1947;81
1948;81
1949;81
1950;81
1951;81
1952;81
1953;81
1954;81
1955;81
1956;81
1957;81
1958;81
1959;81
1960;81
1961;81
1962;81
1963;81
1964;81
1965;81
1966;81
1967;81
1968;81
1969;81
1970;81
1971;81
1972;81
1973;81
1974;81
1975;81
1976;81
1977;81
1978;81
1979;81
1980;81
1981;81
1982;81
1983;81
1984;81
1985;81
1986;81
1987;81
1988;81
1989;81
1990;81
1991;81
1992;81
1993;81
1994;81
1995;81
1996;81
1997;81
1998;81
1999;81
2000;81
2001;81
2002;81
2003;81
2004;81
2005;81
2006;81
2007;81
2008;81
2009;81
2010;81
2011;81
2012;81
2013;81
2014;81
2015;81
2016;81
2017;81
2018;81
2019;81
2020;81
2021;81
2022;81
2023;81
2024;81
2025;81
2026;81
2027;81
2028;81
2029;81
2030;81
2031;85
2032;85
2033;85
2034;85
2035;85
2036;85
2037;85
2038;85
2039;85
2040;85
2041;85
2042;85
2043;85
2044;85
2045;85
2046;85
2047;85
2048;85
2049;85
2050;85
2051;85
2052;85
2053;85
2054;85
2055;85
2056;85
2057;85
2058;85
2059;85
2060;85
2061;85
2062;85
2063;85
2064;85
2065;85
2066;85
2067;85
2068;85
2069;85
2070;85
2071;85
2072;85
2073;85
2074;85
2075;85
2076;85
2077;85
2078;85
2079;85
2080;85
2081;85
2082;85
2083;85
2084;85
2085;85
2086;85
2087;85
2088;85
2089;85
2090;85
2091;85
2092;85
2093;85
2094;85
2095;85
2096;85
2097;85
2098;85
2099;85
2100;85
2101;85
2102;85
2103;85
2104;85
2105;85
2106;85
2107;85
2108;85
2109;85
2110;85
2111;85
2112;85
2113;85
2114;85
2115;85
2116;85
2117;85
2118;85
2119;85
2120;85
2121;85
2122;85
2123;85
2124;85
2125;85
2126;85
2127;85
2128;85
2129;85
2130;85
2131;85
2132;85
2133;85
2134;85
2135;85
2136;85
2137;85
2138;85
2139;85
2140;85
2141;85
2142;85
2143;85
2144;85
2145;85
2146;85
2147;85
2148;85
2149;85
2150;85
2151;85
2152;85
2153;85
2154;85
2155;85
2156;85
2157;85
2158;85
2159;85
2160;85
2161;85
2162;85
2163;85
2164;85
2165;85
2166;85
2167;85
2168;85
2169;85
2170;85
2171;85
2172;85
2173;85
2174;85
2175;85
2176;85
2177;85
2178;85
2179;85
2180;85
2181;85
2182;85
2183;85
2184;85
2185;85
2186;85
2187;85
2188;85
2189;85
2190;85
2191;85
2192;85
2193;85
2194;85
2195;85
2196;85
2197;85
2198;85
2199;85
2200;85
2201;85
2202;85
2203;85
2204;85
2205;85
2206;85
2207;85
2208;85
2209;85
2210;85
2211;85
2212;85
2213;85
2214;85
2215;85
2216;85
2217;85
2218;85
2219;85
2220;85
2221;85
2222;85
2223;85
2224;85
2225;85
2226;85
2227;85
2228;85
2229;85
2230;85
2231;85
2232;85
2233;85
2234;85
2235;85
2236;85
2237;85
2238;85
2239;85
2240;85
2241;85
2242;85
2243;85
2244;85
2245;85
2246;85
2247;85
2248;85
2249;85
2250;85
2251;85
2252;85
2253;85
2254;85
2255;85
2256;85
2257;85
2258;85
2259;85
2260;85
2261;85
2262;85
2263;85
2264;85
2265;85
2266;85
2267;85
2268;85
2269;85
2270;85
2271;85
2272;85
2273;85
2274;85
2275;85
2276;85
2277;85
2278;85
2279;85
2280;85
2281;85
2282;85
2283;85
2284;85
2285;85
2286;85
2287;85
2288;85
2289;85
2290;85
2291;85
2292;85
2293;85
2294;85
2295;85
2296;85
2297;85
2298;85
2299;85
2300;85
2301;85
2302;85
2303;85
2304;85
2305;85
2306;85
2307;85
2308;85
2309;85
2310;85
2311;85
2312;85
2313;85
2314;85
2315;85
2316;85
2317;85
2318;85
2319;85
2320;85
2321;85
2322;85
2323;85
2324;85
2325;85
2326;85
2327;85
2328;85
2329;85
2330;85
2331;85
2332;85
2333;85
2334;85
2335;85
2336;85
2337;85
2338;85
2339;85
2340;85
2341;85
2342;85
2343;85
2344;85
2345;85
2346;85
2347;85
2348;85
2349;85
2350;85
2351;85
2352;85
2353;85
2354;85
2355;85
2356;85
2357;85
2358;85
2359;85
2360;85
2361;85
2362;85
2363;85
2364;85
2365;85
2366;85
2367;85
2368;85
2369;85
2370;85
2371;85
2372;85
2373;85
2374;85
2375;85
2376;85
2377;85
2378;85
2379;85
2380;85
2381;85
2382;85
2383;85
2384;85
2385;85
2386;85
2387;85
2388;85
2389;85
2390;85
2391;85
2392;85
2393;85
2394;85
2395;85
2396;85
2397;85
2398;85
2399;85
2400;85
2401;85
2402;85
2403;85
2404;85
2405;85
2406;85
2407;85
2408;85
2409;85
2410;85
2411;85
2412;85
2413;85
2414;85
2415;85
2416;85
2417;85
2418;85
2419;85
2420;85
2421;85
2422;85
2423;85
2424;85
2425;85
2426;85
2427;85
2428;85
2429;85
2430;85
2431;85
2432;85
2433;85
2434;85
2435;85
2436;85
2437;85
2438;85
2439;85
2440;85
2441;85
2442;85
2443;85
2444;85
2445;85
2446;85
2447;85
2448;85
2449;85
2450;85
2451;85
2452;85
2453;85
2454;85
2455;85
2456;85
2457;85
2458;85
2459;85
2460;85
2461;85
2462;85
2463;85
2464;85
2465;85
2466;85
2467;85
2468;85
2469;85
2470;85
2471;85
2472;85
2473;85
2474;85
2475;85
2476;85
2477;85
2478;85
2479;85
2480;85
2481;85
2482;85
2483;85
2484;85
2485;85
2486;85
2487;85
2488;85
2489;85
2490;85
2491;85
2492;85
2493;85
2494;85
2495;85
2496;85
2497;85
2498;85
2499;85
2500;85
2501;85
2502;85
2503;85
2504;85
2505;85
2506;85
2507;85
2508;85
2509;85
2510;85
2511;85
2512;85
2513;85
2514;85
2515;85
2516;85
2517;85
2518;85
2519;85
2520;85
2521;85
2522;85
2523;85
2524;85
2525;85
2526;85
2527;85
2528;85
2529;85
2530;85
2531;85
2532;85
2533;85
2534;85
2535;85
2536;85
2537;85
2538;85
2539;85
2540;85
2541;85
2542;85
2543;85
2544;85
2545;85
2546;85
2547;85
2548;85
2549;85
2550;85
2551;85
2552;85
2553;85
2554;85
2555;85
2556;85
2557;85
2558;85
2559;85
2560;85
2561;85
2562;85
2563;85
2564;85
2565;85
2566;85
2567;85
2568;85
2569;85
2570;85
2571;85
2572;85
2573;85
2574;85
2575;85
2576;85
2577;85
2578;85
2579;85
2580;85
2581;85
2582;85
2583;85
2584;85
2585;85
2586;85
2587;85
2588;85
2589;85
2590;85
2591;85
2592;85
2593;85
2594;85
2595;85
2596;85
2597;85
2598;85
2599;85
2600;85
2601;85
2602;85
2603;85
2604;85
2605;85
2606;85
2607;85
2608;85
2609;85
2610;85
2611;85
2612;85
2613;85
2614;85
2615;85
2616;85
2617;85
2618;85
2619;85
2620;85
2621;85
2622;85
2623;85
2624;85
2625;85
2626;85
2627;85
2628;85
2629;85
2630;85
2631;85
2632;85
2633;85
2634;85
2635;85
2636;85
2637;85
2638;85
2639;85
2640;85
2641;85
2642;85
2643;85
2644;85
2645;85
2646;85
2647;85
2648;85
2649;85
2650;85
2651;85
2652;85
2653;85
2654;85
2655;85
2656;85
2657;85
2658;85
2659;85
2660;85
2661;85
2662;85
2663;85
2664;85
2665;85
2666;85
2667;85
2668;85
2669;85
2670;85
2671;85
2672;85
2673;85
2674;85
2675;85
2676;85
2677;85
2678;85
2679;85
2680;85
2681;85
2682;85
2683;85
2684;85
2685;85
2686;85
2687;85
2688;85
2689;85
2690;85
2691;85
2692;85
2693;85
2694;85
2695;85
2696;85
2697;85
2698;85
2699;85
2700;85
2701;85
2702;85
2703;85
2704;85
2705;85
2706;85
2707;85
2708;85
2709;85
2710;85
2711;85
2712;85
2713;85
2714;85
2715;85
2716;85
2717;85
2718;85
2719;85
2720;85
2721;85
2722;85
2723;85
2724;85
2725;85
2726;85
2727;85
2728;85
2729;85
2730;85
2731;85
2732;85
2733;85
2734;85
2735;85
2736;85
2737;85
2738;85
2739;85
2740;85
2741;85
2742;85
2743;85
2744;85
2745;85
2746;85
2747;85
2748;85
2749;85
2750;85
2751;85
2752;85
2753;85
2754;85
2755;85
2756;85
2757;85
2758;85
2759;85
2760;85
2761;85
2762;85
2763;85
2764;85
2765;85
2766;85
2767;85
2768;85
2769;85
2770;85
2771;85
2772;85
2773;85
2774;85
2775;85
2776;85
2777;85
2778;85
2779;85
2780;85
2781;85
2782;85
2783;85
2784;85
2785;85
2786;85
2787;85
2788;85
2789;85
2790;85
2791;85
2792;85
2793;85
2794;85
2795;85
2796;85
2797;85
2798;85
2799;85
2800;85
2801;85
2802;85
2803;85
2804;85
2805;85
2806;85
2807;85
2808;85
2809;85
2810;85
2811;85
2812;85
2813;85
2814;85
2815;85
2816;85
2817;85
2818;85
2819;85
2820;85
2821;85
2822;85
2823;85
2824;85
2825;85
2826;85
2827;85
2828;85
2829;85
2830;85
2831;85
2832;85
2833;85
2834;85
2835;85
2836;85
2837;85
2838;85
2839;85
2840;85
2841;85
2842;85
2843;85
2844;85
2845;85
2846;85
2847;85
2848;85
2849;85
2850;85
2851;85
2852;85
2853;85
2854;85
2855;85
2856;85
2857;85
2858;85
2859;85
2860;85
2861;85
2862;85
2863;85
2864;85
2865;85
2866;85
2867;85
2868;85
2869;85
2870;85
2871;85
2872;85
2873;85
2874;85
2875;85
2876;85
2877;85
2878;85
2879;85
2880;85
2881;85
2882;85
2883;85
2884;85
2885;85
2886;85
2887;85
2888;85
2889;85
2890;85
2891;85
2892;85
2893;85
2894;85
2895;85
2896;85
2897;85
2898;85
2899;85
2900;85
2901;85
2902;85
2903;85
2904;85
2905;85
2906;85
2907;85
2908;85
2909;85
2910;85
2911;85
2912;85
2913;85
2914;85
2915;85
2916;85
2917;85
2918;85
2919;85
2920;85
2921;85
2922;85
2923;85
2924;85
2925;85
2926;85
2927;85
2928;85
2929;85
2930;85
2931;85
2932;85
2933;85
2934;85
2935;85
2936;85
2937;85
2938;85
2939;85
2940;85
2941;85
2942;85
2943;85
2944;85
2945;85
2946;85
2947;85
2948;85
2949;85
2950;85
2951;85
2952;85
2953;85
2954;85
2955;85
2956;85
2957;85
2958;85
2959;85
2960;85
2961;85
2962;85
2963;85
2964;85
2965;85
2966;85
2967;85
2968;85
2969;85
2970;85
2971;85
2972;85
2973;85
2974;85
2975;85
2976;85
2977;85
2978;85
2979;85
2980;85
2981;85
2982;85
2983;85
2984;85
2985;85
2986;85
2987;85
2988;85
2989;85
2990;85
2991;85
2992;85
2993;85
2994;85
2995;85
2996;85
2997;85
2998;85
2999;85
3000;85
3001;85
3002;85
3003;85
3004;85
3005;85
3006;85
3007;85
3008;85
3009;85
3010;85
3011;85
3012;85
3013;85
3014;85
3015;85
3016;85
3017;85
3018;85
3019;85
3020;85
3021;85
3022;85
3023;85
3024;85
3025;85
3026;85
3027;85
3028;85
3029;85
3030;85
3031;85
3032;85
3033;85
3034;85
3035;85
3036;85
3037;85
3038;85
3039;85
3040;85
3041;85
3042;85
3043;85
3044;85
3045;85
3046;85
3047;85
3048;85
3049;85
3050;85
3051;85
3052;85
3053;85
3054;85
3055;85
3056;85
3057;85
3058;85
3059;85
3060;85
3061;85
3062;85
3063;85
3064;85
3065;85
3066;85
3067;85
3068;85
3069;85
3070;85
3071;85
3072;85
3073;85
3074;85
3075;85
3076;85
3077;85
3078;85
3079;85
3080;85
3081;85
3082;85
3083;85
3084;85
3085;85
3086;85
3087;85
3088;85
3089;85
3090;85
3091;85
3092;85
3093;85
3094;85
3095;85
3096;85
3097;85
3098;85
3099;85
3100;85
3101;85
3102;85
3103;85
3104;85
3105;85
3106;85
3107;85
3108;85
3109;85
3110;85
3111;85
3112;85
3113;85
3114;85
3115;85
3116;85
3117;85
3118;85
3119;85
3120;85
3121;85
3122;85
3123;85
3124;85
3125;85
3126;85
3127;85
3128;85
3129;85
3130;85
3131;85
3132;85
3133;85
3134;85
3135;85
3136;85
3137;85
3138;85
3139;85
3140;85
3141;85
3142;85
3143;85
3144;85
3145;85
3146;85
3147;85
3148;85
3149;85
3150;85
3151;85
3152;85
3153;85
3154;85
3155;85
3156;85
3157;85
3158;85
3159;85
3160;85
3161;85
3162;85
3163;85
3164;85
3165;85
3166;85
3167;85
3168;85
3169;85
3170;85
3171;85
3172;85
3173;85
3174;85
3175;85
3176;85
3177;85
3178;85
3179;85
3180;85
3181;85
3182;85
3183;85
3184;85
3185;85
3186;85
3187;85
3188;85
3189;85
3190;85
3191;85
3192;85
3193;85
3194;85
3195;85
3196;85
3197;85
3198;85
3199;85
3200;85
3201;85
3202;85
3203;85
3204;85
3205;85
3206;85
3207;85
3208;85
3209;85
3210;85
3211;85
3212;85
3213;85
3214;85
3215;85
3216;85
3217;85
3218;85
3219;85
3220;85
3221;85
3222;85
3223;85
3224;85
3225;85
3226;85
3227;85
3228;85
3229;85
3230;85
3231;85
3232;85
3233;85
3234;85
3235;85
3236;85
3237;85
3238;85
3239;85
3240;85
3241;85
3242;85
3243;85
3244;85
3245;85
3246;85
3247;85
3248;85
3249;85
3250;85
3251;85
3252;85
3253;85
3254;85
3255;85
3256;85
3257;85
3258;85
3259;85
3260;85
3261;85
3262;85
3263;85
3264;85
3265;85
3266;85
3267;85
3268;85
3269;85
3270;85
3271;85
3272;85
3273;85
3274;85
3275;85
3276;85
3277;85
3278;85
3279;85
3280;85
3281;85
3282;85
3283;85
3284;85
3285;85
3286;85
3287;85
3288;85
3289;85
3290;85
3291;85
3292;85
3293;85
3294;85
3295;85
3296;85
3297;85
3298;85
3299;85
3300;85
3301;85
3302;85
3303;85
3304;85
3305;85
3306;85
3307;85
3308;85
3309;85
3310;85
3311;85
3312;85
3313;85
3314;85
3315;85
3316;85
3317;85
3318;85
3319;85
3320;85
3321;85
3322;85
3323;85
3324;85
3325;85
3326;85
3327;85
3328;85
3329;85
3330;85
3331;85
3332;85
3333;85
3334;85
3335;85
3336;85
3337;85
3338;85
3339;85
3340;85
3341;85
3342;85
3343;85
3344;85
3345;85
3346;85
3347;85
3348;85
3349;85
3350;85
3351;85
3352;85
3353;85
3354;85
3355;85
3356;85
3357;85
3358;85
3359;85
3360;85
3361;85
3362;85
3363;85
3364;85
3365;85
3366;85
3367;85
3368;85
3369;85
3370;85
3371;85
3372;85
3373;85
3374;85
3375;85
3376;85
3377;85
3378;85
3379;85
3380;85
3381;85
3382;85
3383;85
3384;85
3385;85
3386;85
3387;85
3388;85
3389;85
3390;85
3391;85
3392;85
3393;85
3394;85
3395;85
3396;85
3397;85
3398;85
3399;85
3400;85
3401;85
3402;85
3403;85
3404;85
3405;85
3406;85
3407;85
3408;85
3409;85
3410;85
3411;85
3412;85
3413;85
3414;85
3415;85
3416;85
3417;85
3418;85
3419;85
3420;85
3421;85
3422;85
3423;85
3424;85
3425;85
3426;85
3427;85
3428;85
3429;85
3430;85
3431;85
3432;85
3433;85
3434;85
3435;85
3436;85
3437;85
3438;85
3439;85
3440;85
3441;85
3442;85
3443;85
3444;85
3445;85
3446;85
3447;85
3448;85
3449;85
3450;85
3451;85
3452;85
3453;85
3454;85
3455;85
3456;85
3457;85
3458;85
3459;85
3460;85
3461;85
3462;85
3463;85
3464;85
3465;85
3466;85
3467;85
3468;85
3469;85
3470;85
3471;85
3472;85
3473;85
3474;85
3475;85
3476;85
3477;85
3478;85
3479;85
3480;85
3481;85
3482;85
3483;85
3484;85
3485;85
3486;85
3487;85
3488;85
3489;85
3490;85
3491;85
3492;85
3493;85
3494;85
3495;85
3496;85
3497;85
3498;85
3499;85
3500;85
3501;85
3502;85
3503;85
3504;85
3505;85
3506;85
3507;85
3508;85
3509;85
3510;85
3511;85
3512;85
3513;85
3514;85
3515;85
3516;85
3517;85
3518;85
3519;85
3520;85
3521;85
3522;85
3523;85
3524;85
3525;85
3526;85
3527;85
3528;85
3529;85
3530;85
3531;85
3532;85
3533;85
3534;85
3535;85
3536;85
3537;85
3538;85
3539;85
3540;85
3541;85
3542;85
3543;85
3544;85
3545;85
3546;85
3547;85
3548;85
3549;85
3550;85
3551;85
3552;85
3553;85
3554;85
3555;85
3556;85
3557;85
3558;85
3559;85
3560;85
3561;85
3562;85
3563;85
3564;85
3565;85
3566;85
3567;85
3568;85
3569;85
3570;85
3571;85
3572;85
3573;87
3574;87
3575;87
3576;87
3577;87
3578;87
3579;87
3580;87
3581;87
3582;87
3583;87
3584;87
3585;87
3586;87
3587;87
3588;87
3589;87
3590;87
3591;87
3592;87
3593;87
3594;87
3595;87
3596;87
3597;87
3598;87
3599;87
3600;87
3601;87
3602;87
3603;87
3604;87
3605;87
3606;87
3607;87
3608;87
3609;87
3610;87
3611;87
3612;87
3613;87
3614;87
3615;87
3616;87
3617;87
3618;87
3619;87
3620;87
3621;87
3622;87
3623;87
3624;87
3625;87
3626;87
3627;87
3628;87
3629;87
3630;87
3631;87
3632;87
3633;87
3634;87
3635;87
3636;87
3637;87
3638;87
3639;87
3640;87
3641;87
3642;87
3643;87
3644;87
3645;87
3646;87
3647;87
3648;87
3649;87
3650;87
3651;87
3652;87
3653;87
3654;87
3655;87
3656;87
3657;87
3658;87
3659;87
3660;87
3661;87
3662;87
3663;87
3664;87
3665;87
3666;87
3667;87
3668;87
3669;87
3670;87
3671;87
3672;87
3673;87
3674;87
3675;87
3676;87
3677;87
3678;87
3679;87
3680;87
3681;87
3682;87
3683;87
3684;87
3685;87
3686;87
3687;87
3688;87
3689;87
3690;87
3691;87
3692;87
3693;87
3694;87
3695;87
3696;87
3697;87
3698;87
3699;87
3700;87
3701;87
3702;87
3703;87
3704;87
3705;87
3706;87
3707;87
3708;87
3709;87
3710;87
3711;87
3712;87
3713;87
3714;87
3715;87
3716;87
3717;87
3718;87
3719;87
3720;87
3721;87
3722;87
3723;87
3724;87
3725;87
3726;87
3727;87
3728;87
3729;87
3730;87
3731;87
3732;87
3733;87
3734;87
3735;87
3736;87
3737;87
3738;87
3739;87
3740;87
3741;87
3742;87
3743;87
3744;87
3745;87
3746;87
3747;87
3748;87
3749;87
3750;87
3751;87
3752;87
3753;87
3754;87
3755;87
3756;87
3757;87
3758;87
3759;87
3760;87
3761;87
3762;87
3763;87
3764;87
3765;87
3766;87
3767;87
3768;87
3769;87
3770;87
3771;87
3772;87
3773;87
3774;87
3775;87
3776;87
3777;87
3778;87
3779;87
3780;87
3781;87
3782;87
3783;87
3784;87
3785;87
3786;87
3787;87
3788;87
3789;87
3790;87
3791;87
3792;87
3793;87
3794;87
3795;87
3796;87
3797;87
3798;87
3799;87
3800;87
3801;87
3802;87
3803;87
3804;87
3805;87
3806;87
3807;87
3808;87
3809;87
3810;87
3811;87
3812;87
3813;87
3814;87
3815;87
3816;87
3817;87
3818;87
3819;87
3820;87
3821;87
3822;87
3823;87
3824;87
3825;87
3826;87
3827;87
3828;87
3829;87
3830;87
3831;87
3832;87
3833;87
3834;87
3835;87
3836;87
3837;87
3838;87
3839;87
3840;87
3841;87
3842;87
3843;87
3844;87
3845;87
3846;87
3847;87
3848;87
3849;87
3850;87
3851;87
3852;87
3853;87
3854;87
3855;87
3856;87
3857;87
3858;87
3859;87
3860;87
3861;87
3862;87
3863;87
3864;87
3865;87
3866;87
3867;87
3868;87
3869;87
3870;87
3871;87
3872;87
3873;87
3874;87
3875;87
3876;87
3877;87
3878;87
3879;87
3880;87
3881;87
3882;87
3883;87
3884;87
3885;87
3886;87
3887;87
3888;87
3889;87
3890;87
3891;87
3892;87
3893;87
3894;87
3895;87
3896;87
3897;87
3898;87
3899;87
3900;87
3901;87
3902;87
3903;87
3904;87
3905;87
3906;87
3907;87
3908;87
3909;87
3910;87
3911;87
3912;87
3913;87
3914;87
3915;87
3916;87
3917;87
3918;87
3919;87
3920;87
3921;87
3922;87
3923;87
3924;87
3925;87
3926;87
3927;87
3928;87
3929;87
3930;87
3931;87
3932;87
3933;87
3934;87
3935;87
3936;87
3937;87
3938;87
3939;87
3940;87
3941;87
3942;87
3943;87
3944;87
3945;87
3946;87
3947;87
3948;87
3949;87
3950;87
3951;87
3952;87
3953;87
3954;87
3955;87
3956;87
3957;87
3958;87
3959;87
3960;87
3961;87
3962;87
3963;87
3964;87
3965;87
3966;87
3967;87
3968;87
3969;87
3970;87
3971;87
3972;87
3973;87
3974;87
3975;87
3976;87
3977;87
3978;87
3979;87
3980;87
3981;87
3982;87
3983;87
3984;87
3985;87
3986;87
3987;87
3988;87
3989;87
3990;87
3991;87
3992;87
3993;87
3994;87
3995;87
3996;87
3997;87
3998;87
3999;87
4000;87
4001;87
4002;87
4003;87
4004;87
4005;87
4006;87
4007;87
4008;87
4009;87
4010;87
4011;87
4012;87
4013;87
4014;87
4015;87
4016;87
4017;87
4018;87
4019;87
4020;87
4021;87
4022;87
4023;87
4024;87
4025;87
4026;87
4027;87
4028;87
4029;87
4030;87
4031;87
4032;87
4033;87
4034;87
4035;87
4036;87
4037;87
4038;87
4039;87
4040;87
4041;87
4042;87
4043;87
4044;87
4045;87
4046;87
4047;87
4048;87
4049;87
4050;87
4051;87
4052;87
4053;87
4054;87
4055;87
4056;87
4057;87
4058;87
4059;87
4060;87
4061;87
4062;87
4063;87
4064;87
4065;87
4066;87
4067;87
4068;87
4069;87
4070;87
4071;87
4072;87
4073;87
4074;87
4075;87
4076;87
4077;87
4078;87
4079;87
4080;87
4081;87
4082;87
4083;87
4084;87
4085;87
4086;87
4087;87
4088;87
4089;87
4090;87
4091;87
4092;87
4093;87
4094;87
4095;87
4096;87
4097;87
4098;87
4099;87
4100;87
4101;87
4102;87
4103;87
4104;87
4105;87
4106;87
4107;87
4108;87
4109;87
4110;87
4111;87
4112;87
4113;87
4114;87
4115;87
4116;87
4117;87
4118;87
4119;87
4120;87
4121;87
4122;87
4123;87
4124;87
4125;87
4126;87
4127;87
4128;87
4129;87
4130;87
4131;87
4132;87
4133;87
4134;87
4135;87
4136;87
4137;87
4138;87
4139;87
4140;87
4141;87
4142;87
4143;87
4144;87
4145;87
4146;87
4147;87
4148;87
4149;87
4150;87
4151;87
4152;87
4153;87
4154;87
4155;87
4156;87
4157;87
4158;87
4159;87
4160;87
4161;87
4162;87
4163;87
4164;87
4165;87
4166;87
4167;87
4168;87
4169;87
4170;87
4171;87
4172;87
4173;87
4174;87
4175;87
4176;87
4177;87
4178;87
4179;87
4180;87
4181;87
4182;87
4183;87
4184;87
4185;87
4186;87
4187;87
4188;87
4189;87
4190;87
4191;87
4192;87
4193;87
4194;87
4195;87
4196;87
4197;87
4198;87
4199;87
4200;87
4201;87
4202;87
4203;87
4204;87
4205;87
4206;87
4207;87
4208;87
4209;87
4210;87
4211;87
4212;87
4213;87
4214;87
4215;87
4216;87
4217;87
4218;87
4219;87
4220;87
4221;87
4222;87
4223;87
4224;87
4225;87
4226;87
4227;87
4228;87
4229;87
4230;87
4231;87
4232;87
4233;87
4234;87
4235;87
4236;87
4237;87
4238;87
4239;87
4240;87
4241;87
4242;87
4243;87
4244;87
4245;87
4246;87
4247;87
4248;87
4249;87
4250;87
4251;87
4252;87
4253;87
4254;87
4255;87
4256;87
4257;87
4258;87
4259;87
4260;87
4261;87
4262;87
4263;87
4264;87
4265;87
4266;87
4267;87
4268;87
4269;87
4270;87
4271;87
4272;87
4273;87
4274;87
4275;87
4276;87
4277;87
4278;87
4279;87
4280;87
4281;87
4282;87
4283;87
4284;87
4285;87
4286;87
4287;87
4288;87
4289;87
4290;87
4291;87
4292;87
4293;87
4294;87
4295;87
4296;87
4297;87
4298;87
4299;87
4300;87
4301;87
4302;87
4303;87
4304;87
4305;87
4306;87
4307;87
4308;87
4309;87
4310;87
4311;87
4312;87
4313;87
4314;87
4315;87
4316;87
4317;87
4318;87
4319;87
4320;87
4321;87
4322;87
4323;87
4324;87
4325;87
4326;87
4327;87
4328;87
4329;87
4330;87
4331;87
4332;87
4333;87
4334;87
4335;87
4336;87
4337;87
4338;87
4339;87
4340;87
4341;87
4342;87
4343;87
4344;87
4345;87
4346;87
4347;87
4348;87
4349;87
4350;87
4351;87
4352;87
4353;87
4354;87
4355;87
4356;87
4357;87
4358;87
4359;87
4360;87
4361;87
4362;87
4363;87
4364;87
4365;87
4366;87
4367;87
4368;87
4369;87
4370;87
4371;87
4372;87
4373;87
4374;87
4375;87
4376;87
4377;87
4378;87
4379;87
4380;87
4381;87
4382;87
4383;87
4384;87
4385;87
4386;87
4387;87
4388;87
4389;87
4390;87
4391;87
4392;87
4393;87
4394;87
4395;87
4396;87
4397;87
4398;87
4399;87
4400;87
4401;87
4402;87
4403;87
4404;87
4405;87
4406;87
4407;87
4408;87
4409;87
4410;87
4411;87
4412;87
4413;87
4414;87
4415;87
4416;87
4417;87
4418;87
4419;87
4420;87
4421;87
4422;87
4423;87
4424;87
4425;87
4426;87
4427;87
4428;87
4429;87
4430;87
4431;87
4432;87
4433;87
4434;87
4435;87
4436;87
4437;87
4438;87
4439;87
4440;87
4441;87
4442;87
4443;87
4444;87
4445;87
4446;87
4447;87
4448;87
4449;87
4450;87
4451;87
4452;87
4453;87
4454;87
4455;87
4456;87
4457;87
4458;87
4459;87
4460;87
4461;87
4462;87
4463;87
4464;87
4465;87
4466;87
4467;87
4468;87
4469;87
4470;87
4471;87
4472;87
4473;87
4474;87
4475;87
4476;87
4477;87
4478;87
4479;87
4480;87
4481;87
4482;87
4483;87
4484;87
4485;87
4486;87
4487;87
4488;87
4489;87
4490;87
4491;87
4492;87
4493;87
4494;87
4495;87
4496;87
4497;87
4498;87
4499;87
4500;87
4501;87
4502;87
4503;87
4504;87
4505;87
4506;87
4507;87
4508;87
4509;87
4510;87
4511;87
4512;87
4513;87
4514;87
4515;87
4516;87
4517;87
4518;87
4519;87
4520;87
4521;87
4522;87
4523;87
4524;87
4525;87
4526;87
4527;87
4528;87
4529;87
4530;87
4531;87
4532;87
4533;87
4534;87
4535;87
4536;87
4537;87
4538;87
4539;87
4540;87
4541;87
4542;87
4543;87
4544;87
4545;87
4546;87
4547;87
4548;87
4549;87
4550;87
4551;87
4552;87
4553;87
4554;87
4555;87
4556;87
4557;87
4558;87
4559;87
4560;87
4561;87
4562;87
4563;87
4564;87
4565;87
4566;87
4567;87
4568;87
4569;87
4570;87
4571;87
4572;87
4573;87
4574;87
4575;87
4576;87
4577;87
4578;87
4579;87
4580;87
4581;87
4582;87
4583;87
4584;87
4585;87
4586;87
4587;87
4588;87
4589;87
4590;87
4591;87
4592;87
4593;87
4594;87
4595;87
4596;87
4597;87
4598;87
4599;87
4600;87
4601;87
4602;87
4603;87
4604;87
4605;87
4606;87
4607;87
4608;87
4609;87
4610;87
4611;87
4612;87
4613;87
4614;87
4615;87
4616;87
4617;87
4618;87
4619;87
4620;87
4621;87
4622;87
4623;87
4624;87
4625;87
4626;87
4627;87
4628;87
4629;87
4630;87
4631;87
4632;87
4633;87
4634;87
4635;87
4636;87
4637;87
4638;87
4639;87
4640;87
4641;87
4642;87
4643;87
4644;87
4645;87
4646;87
4647;87
4648;87
4649;87
4650;87
4651;87
4652;87
4653;87
4654;87
4655;87
4656;87
4657;87
4658;87
4659;87
4660;87
4661;87
4662;87
4663;87
4664;87
4665;87
4666;87
4667;87
4668;87
4669;87
4670;87
4671;87
4672;87
4673;87
4674;87
4675;87
4676;87
4677;87
4678;87
4679;87
4680;87
4681;87
4682;87
4683;87
4684;87
4685;87
4686;87
4687;87
4688;87
4689;87
4690;87
4691;87
4692;87
4693;87
4694;87
4695;87
4696;87
4697;87
4698;87
4699;87
4700;87
4701;87
4702;87
4703;87
4704;87
4705;87
4706;87
4707;87
4708;87
4709;87
4710;87
4711;87
4712;87
4713;87
4714;87
4715;87
4716;87
4717;87
4718;87
4719;87
4720;87
4721;87
4722;87
4723;87
4724;87
4725;87
4726;87
4727;87
4728;87
4729;87
4730;87
4731;87
4732;87
4733;87
4734;87
4735;87
4736;87
4737;87
4738;87
4739;87
4740;87
4741;87
4742;87
4743;87
4744;87
4745;87
4746;87
4747;87
4748;87
4749;87
4750;87
4751;87
4752;87
4753;87
4754;87
4755;87
4756;87
4757;87
4758;87
4759;87
4760;87
4761;87
4762;87
4763;87
4764;87
4765;87
4766;87
4767;87
4768;87
4769;87
4770;87
4771;87
4772;87
4773;87
4774;87
4775;87
4776;87
4777;87
4778;87
4779;87
4780;87
4781;87
4782;87
4783;87
4784;87
4785;87
4786;87
4787;87
4788;87
4789;87
4790;87
4791;87
4792;87
4793;87
4794;87
4795;87
4796;87
4797;87
4798;87
4799;87
4800;87
4801;87
4802;87
4803;87
4804;87
4805;87
4806;87
4807;87
4808;87
4809;87
4810;87
4811;87
4812;87
4813;87
4814;87
4815;87
4816;87
4817;87
4818;87
4819;87
4820;87
4821;87
4822;87
4823;87
4824;87
4825;87
4826;87
4827;87
4828;87
4829;87
4830;87
4831;87
4832;87
4833;87
4834;87
4835;87
4836;87
4837;87
4838;87
4839;87
4840;87
4841;87
4842;87
4843;87
4844;87
4845;87
4846;87
4847;87
4848;87
4849;87
4850;87
4851;87
4852;87
4853;87
4854;87
4855;87
4856;87
4857;87
4858;87
4859;87
4860;87
4861;87
4862;87
4863;87
4864;87
4865;87
4866;87
4867;87
4868;87
4869;87
4870;87
4871;87
4872;87
4873;87
4874;87
4875;87
4876;87
4877;87
4878;87
4879;87
4880;87
4881;87
4882;87
4883;87
4884;87
4885;87
4886;87
4887;87
4888;87
4889;87
4890;87
4891;87
4892;87
4893;87
4894;87
4895;87
4896;87
4897;87
4898;87
4899;87
4900;87
4901;87
4902;87
4903;87
4904;87
4905;87
4906;87
4907;87
4908;87
4909;87
4910;87
4911;87
4912;87
4913;87
4914;87
4915;87
4916;87
4917;87
4918;87
4919;87
4920;87
4921;87
4922;87
4923;87
4924;87
4925;87
4926;87
4927;87
4928;87
4929;87
4930;87
4931;87
4932;87
4933;87
4934;87
4935;87
4936;87
4937;87
4938;87
4939;87
4940;87
4941;87
4942;87
4943;87
4944;87
4945;87
4946;87
4947;87
4948;87
4949;87
4950;87
4951;87
4952;87
4953;87
4954;87
4955;87
4956;87
4957;87
4958;87
4959;87
4960;87
4961;87
4962;87
4963;87
4964;87
4965;87
4966;87
4967;87
4968;87
4969;87
4970;87
4971;87
4972;87
4973;87
4974;87
4975;87
4976;87
4977;87
4978;87
4979;87
4980;87
4981;87
4982;87
4983;87
4984;87
4985;87
4986;87
4987;87
4988;87
4989;87
4990;87
4991;87
4992;87
4993;87
4994;87
4995;87
4996;87
4997;87
4998;87
4999;87
5000;87
5001;87
5002;87
5003;87
5004;87
5005;87
5006;87
5007;87
5008;87
5009;87
5010;87
5011;87
5012;87
5013;87
5014;87
5015;87
5016;87
5017;87
5018;87
5019;87
5020;87
5021;87
5022;87
5023;87
5024;87
5025;87
5026;87
5027;87
5028;87
5029;87
5030;87
5031;87
5032;87
5033;87
5034;87
5035;87
5036;87
5037;87
5038;87
5039;87
5040;87
5041;87
5042;87
5043;87
5044;87
5045;87
5046;87
5047;87
5048;87
5049;87
5050;87
5051;87
5052;87
5053;87
5054;87
5055;87
5056;87
5057;87
5058;87
5059;87
5060;87
5061;87
5062;87
5063;87
5064;87
5065;87
5066;87
5067;87
5068;87
5069;87
5070;87
5071;87
5072;87
5073;87
5074;87
5075;87
5076;87
5077;87
5078;87
5079;87
5080;87
5081;87
5082;87
5083;87
5084;87
5085;87
5086;87
5087;87
5088;87
5089;87
5090;87
5091;87
5092;87
5093;87
5094;87
5095;87
5096;87
5097;87
5098;87
5099;87
5100;87
5101;87
5102;87
5103;87
5104;87
5105;87
5106;87
5107;87
5108;87
5109;87
5110;87
5111;87
5112;87
5113;87
5114;87
5115;87
5116;87
5117;87
5118;87
5119;87
5120;87
5121;87
5122;87
5123;87
5124;87
5125;87
5126;87
5127;87
5128;87
5129;87
5130;87
5131;87
5132;87
5133;87
5134;87
5135;87
5136;87
5137;87
5138;87
5139;87
5140;87
5141;87
5142;87
5143;87
5144;87
5145;87
5146;87
5147;87
5148;87
5149;87
5150;87
5151;87
5152;87
5153;87
5154;87
5155;87
5156;87
5157;87
5158;87
5159;87
5160;87
5161;87
5162;87
5163;87
5164;87
5165;87
5166;87
5167;87
5168;87
5169;87
5170;87
5171;87
5172;87
5173;87
5174;87
5175;87
5176;87
5177;87
5178;87
5179;87
5180;87
5181;87
5182;87
5183;87
5184;87
5185;87
5186;87
5187;87
5188;87
5189;87
5190;87
5191;87
5192;87
5193;87
5194;87
5195;87
5196;87
5197;87
5198;87
5199;87
5200;87
5201;87
5202;87
5203;87
5204;87
5205;87
5206;87
5207;87
5208;87
5209;87
5210;87
5211;87
5212;87
5213;87
5214;87
5215;87
5216;87
5217;87
5218;87
5219;87
5220;87
5221;87
5222;87
5223;87
5224;87
5225;87
5226;87
5227;87
5228;87
5229;87
5230;87
5231;87
5232;87
5233;87
5234;87
5235;87
5236;87
5237;87
5238;87
5239;87
5240;87
5241;87
5242;87
5243;87
5244;87
5245;87
5246;87
5247;87
5248;87
5249;87
5250;87
5251;87
5252;87
5253;87
5254;87
5255;87
5256;87
5257;87
5258;87
5259;87
5260;87
5261;87
5262;87
5263;87
5264;87
5265;87
5266;87
5267;87
5268;87
5269;87
5270;87
5271;87
5272;87
5273;87
5274;87
5275;87
5276;87
5277;87
5278;87
5279;87
5280;87
5281;87
5282;87
5283;87
5284;87
5285;87
5286;87
5287;87
5288;87
5289;87
5290;87
5291;87
5292;87
5293;87
5294;87
5295;87
5296;87
5297;87
5298;87
5299;87
5300;87
5301;87
5302;87
5303;87
5304;87
5305;87
5306;87
5307;87
5308;87
5309;87
5310;87
5311;87
5312;87
5313;87
5314;87
5315;87
5316;87
5317;87
5318;87
5319;87
5320;87
5321;87
5322;87
5323;87
5324;87
5325;87
5326;87
5327;87
5328;87
5329;87
5330;87
5331;87
5332;87
5333;87
5334;87
5335;87
5336;87
5337;87
5338;87
5339;87
5340;87
5341;87
5342;87
5343;87
5344;87
5345;87
5346;87
5347;87
5348;87
5349;87
5350;87
5351;87
5352;87
5353;87
5354;87
5355;87
5356;87
5357;87
5358;87
5359;87
5360;87
5361;87
5362;87
5363;87
5364;87
5365;87
5366;87
5367;87
5368;87
5369;87
5370;87
5371;87
5372;87
5373;87
5374;87
5375;87
5376;87
5377;87
5378;87
5379;87
5380;87
5381;87
5382;87
5383;87
5384;87
5385;87
5386;87
5387;87
5388;87
5389;87
5390;87
5391;87
5392;87
5393;87
5394;87
5395;87
5396;87
5397;87
5398;87
5399;87
5400;87
5401;87
5402;87
5403;87
5404;87
5405;87
5406;87
5407;87
5408;87
5409;87
5410;87
5411;87
5412;87
5413;87
5414;87
5415;87
5416;87
5417;87
5418;87
5419;87
5420;87
5421;87
5422;87
5423;87
5424;87
5425;87
5426;87
5427;87
5428;87
5429;87
5430;87
5431;87
5432;87
5433;87
5434;87
5435;87
5436;87
5437;87
5438;87
5439;87
5440;87
5441;87
5442;87
5443;87
5444;87
5445;87
5446;87
5447;87
5448;87
5449;87
5450;87
5451;87
5452;87
5453;87
5454;87
5455;87
5456;87
5457;87
5458;87
5459;87
5460;87
5461;87
5462;87
5463;87
5464;87
5465;87
5466;87
5467;87
5468;87
5469;87
5470;87
5471;87
5472;87
5473;87
5474;87
5475;87
5476;87
5477;87
5478;87
5479;87
5480;87
5481;87
5482;87
5483;87
5484;87
5485;87
5486;87
5487;87
5488;87
5489;87
5490;87
5491;87
5492;87
5493;87
5494;87
5495;87
5496;87
5497;87
5498;87
5499;87
5500;87
5501;87
5502;87
5503;87
5504;87
5505;87
5506;87
5507;87
5508;87
5509;87
5510;87
5511;87
5512;87
5513;87
5514;87
5515;87
5516;87
5517;87
5518;87
5519;87
5520;87
5521;87
5522;87
5523;87
5524;87
5525;87
5526;87
5527;87
5528;87
5529;87
5530;87
5531;87
5532;87
5533;87
5534;87
5535;87
5536;87
5537;87
5538;87
5539;87
5540;87
5541;87
5542;87
5543;87
5544;87
5545;87
5546;87
5547;87
5548;87
5549;87
5550;87
5551;87
5552;87
5553;87
5554;87
5555;87
5556;87
5557;87
5558;87
5559;87
5560;87
5561;87
5562;87
5563;87
5564;87
5565;87
5566;87
5567;87
5568;87
5569;87
5570;87
5571;87
5572;87
5573;87
5574;87
5575;87
5576;87
5577;87
5578;87
5579;87
5580;87
5581;87
5582;87
5583;87
5584;87
5585;87
5586;87
5587;87
5588;87
5589;87
5590;87
5591;87
5592;87
5593;87
5594;87
5595;87
5596;87
5597;87
5598;87
5599;87
5600;87
5601;87
5602;87
5603;87
5604;87
5605;87
5606;87
5607;87
5608;87
5609;87
5610;87
5611;87
5612;87
5613;87
5614;87
5615;87
5616;87
5617;87
5618;87
5619;87
5620;87
5621;87
5622;87
5623;87
5624;87
5625;87
5626;87
5627;87
5628;87
5629;87
5630;87
5631;87
5632;87
5633;87
5634;87
5635;87
5636;87
5637;87
5638;87
5639;87
5640;87
5641;87
5642;87
5643;87
5644;87
5645;87
5646;87
5647;87
5648;87
5649;87
5650;87
5651;87
5652;87
5653;87
5654;87
5655;87
5656;87
5657;87
5658;87
5659;87
5660;87
5661;87
5662;87
5663;87
5664;87
5665;87
5666;87
5667;87
5668;87
5669;87
5670;87
5671;87
5672;87
5673;87
5674;87
5675;87
5676;87
5677;87
5678;87
5679;87
5680;87
5681;87
5682;87
5683;87
5684;87
5685;87
5686;87
5687;87
5688;87
5689;87
5690;87
5691;87
5692;87
5693;87
5694;87
5695;87
5696;87
5697;87
5698;87
5699;87
5700;87
5701;87
5702;87
5703;87
5704;87
5705;87
5706;87
5707;87
5708;87
5709;87
5710;87
5711;87
5712;87
5713;87
5714;87
5715;87
5716;87
5717;87
5718;87
5719;87
5720;87
5721;87
5722;87
5723;87
5724;87
5725;87
5726;87
5727;87
5728;87
5729;87
5730;87
5731;87
5732;87
5733;87
5734;87
5735;87
5736;87
5737;87
5738;87
5739;87
5740;87
5741;87
5742;87
5743;87
5744;87
5745;87
5746;87
5747;87
5748;87
5749;87
5750;87
5751;87
5752;87
5753;87
5754;87
5755;87
5756;87
5757;87
5758;87
5759;87
5760;87
5761;87
5762;87
5763;87
5764;87
5765;87
5766;87
5767;87
5768;87
5769;87
5770;87
5771;87
5772;87
5773;87
5774;87
5775;87
5776;87
5777;87
5778;87
5779;87
5780;87
5781;87
5782;87
5783;87
5784;87
5785;87
5786;87
5787;87
5788;87
5789;87
5790;87
5791;87
5792;87
5793;87
5794;87
5795;87
5796;87
5797;87
5798;87
5799;87
5800;87
5801;87
5802;87
5803;87
5804;87
5805;87
5806;87
5807;87
5808;87
5809;87
5810;87
5811;87
5812;87
5813;87
5814;87
5815;87
5816;87
5817;87
5818;87
5819;87
5820;88
5821;88
5822;88
5823;88
5824;88
5825;88
5826;88
5827;88
5828;88
5829;88
5830;88
5831;88
5832;88
5833;88
5834;88
5835;88
5836;88
5837;88
5838;88
5839;88
5840;88
5841;88
5842;88
5843;88
5844;88
5845;88
5846;88
5847;88
5848;88
5849;88
5850;88
5851;88
5852;88
5853;88
5854;88
5855;88
5856;88
5857;88
5858;88
5859;88
5860;88
5861;88
5862;88
5863;88
5864;88
5865;88
5866;88
5867;88
5868;88
5869;88
5870;88
5871;88
5872;88
5873;88
5874;88
5875;88
5876;88
5877;88
5878;88
5879;88
5880;88
5881;88
5882;88
5883;88
5884;88
5885;88
5886;88
5887;88
5888;88
5889;88
5890;88
5891;88
5892;88
5893;88
5894;88
5895;88
5896;88
5897;88
5898;88
5899;88
5900;88
5901;88
5902;88
5903;88
5904;88
5905;88
5906;88
5907;88
5908;88
5909;88
5910;88
5911;88
5912;88
5913;88
5914;88
5915;88
5916;88
5917;88
5918;88
5919;88
5920;88
5921;88
5922;88
5923;88
5924;88
5925;88
5926;88
5927;88
5928;88
5929;88
5930;88
5931;88
5932;88
5933;88
5934;88
5935;88
5936;88
5937;88
5938;88
5939;88
5940;88
5941;88
5942;88
5943;88
5944;88
5945;88
5946;88
5947;88
5948;88
5949;88
5950;88
5951;88
5952;88
5953;88
5954;88
5955;88
5956;88
5957;88
5958;88
5959;88
5960;88
5961;88
5962;88
5963;88
5964;88
5965;88
5966;88
5967;88
5968;88
5969;88
5970;88
5971;88
5972;88
5973;88
5974;88
5975;88
5976;88
5977;88
5978;88
5979;88
5980;88
5981;88
5982;88
5983;88
5984;88
5985;88
5986;88
5987;88
5988;88
5989;88
5990;88
5991;88
5992;88
5993;88
5994;88
5995;88
5996;88
5997;88
5998;88
5999;88
6000;88
6001;88
6002;88
6003;88
6004;88
6005;88
6006;88
6007;88
6008;88
6009;88
6010;88
6011;88
6012;88
6013;88
6014;88
6015;88
6016;88
6017;88
6018;88
6019;88
6020;88
6021;88
6022;88
6023;88
6024;88
6025;88
6026;88
6027;88
6028;88
6029;88
6030;88
6031;88
6032;88
6033;88
6034;88
6035;88
6036;88
6037;88
6038;88
6039;88
6040;88
6041;88
6042;88
6043;88
6044;88
6045;88
6046;88
6047;88
6048;88
6049;88
6050;88
6051;88
6052;88
6053;88
6054;88
6055;88
6056;88
6057;88
6058;88
6059;88
6060;88
6061;88
6062;88
6063;88
6064;88
6065;88
6066;88
6067;88
6068;88
6069;88
6070;88
6071;88
6072;88
6073;88
6074;88
6075;88
6076;88
6077;88
6078;88
6079;88
6080;88
6081;88
6082;88
6083;88
6084;88
6085;88
6086;88
6087;88
6088;88
6089;88
6090;88
6091;88
6092;88
6093;88
6094;88
6095;88
6096;88
6097;88
6098;88
6099;88
6100;88
6101;88
6102;88
6103;88
6104;88
6105;88
6106;88
6107;88
6108;88
6109;88
6110;88
6111;88
6112;88
6113;88
6114;88
6115;88
6116;88
6117;88
6118;88
6119;88
6120;88
6121;88
6122;88
6123;88
6124;88
6125;88
6126;88
6127;88
6128;88
6129;88
6130;88
6131;88
6132;88
6133;88
6134;88
6135;88
6136;88
6137;88
6138;88
6139;88
6140;88
6141;88
6142;88
6143;88
6144;88
6145;88
6146;88
6147;88
6148;88
6149;88
6150;88
6151;88
6152;88
6153;88
6154;88
6155;88
6156;88
6157;88
6158;88
6159;88
6160;88
6161;88
6162;88
6163;88
6164;88
6165;88
6166;88
6167;88
6168;88
6169;88
6170;88
6171;88
6172;88
6173;88
6174;88
6175;88
6176;88
6177;88
6178;88
6179;88
6180;88
6181;88
6182;88
6183;88
6184;88
6185;88
6186;88
6187;88
6188;88
6189;88
6190;88
6191;88
6192;88
6193;88
6194;88
6195;88
6196;88
6197;88
6198;88
6199;88
6200;88
6201;88
6202;88
6203;88
6204;88
6205;88
6206;88
6207;88
6208;88
6209;88
6210;88
6211;88
6212;88
6213;88
6214;88
6215;88
6216;88
6217;88
6218;88
6219;88
6220;88
6221;88
6222;88
6223;88
6224;88
6225;88
6226;88
6227;88
6228;88
6229;88
6230;88
6231;88
6232;88
6233;88
6234;88
6235;88
6236;88
6237;88
6238;88
6239;88
6240;88
6241;88
6242;88
6243;88
6244;88
6245;88
6246;88
6247;88
6248;88
6249;88
6250;88
6251;88
6252;88
6253;88
6254;88
6255;88
6256;88
6257;88
6258;88
6259;88
6260;88
6261;88
6262;88
6263;88
6264;88
6265;88
6266;88
6267;88
6268;88
6269;88
6270;88
6271;88
6272;88
6273;88
6274;88
6275;88
6276;88
6277;88
6278;88
6279;88
6280;88
6281;88
6282;88
6283;88
6284;88
6285;88
6286;88
6287;88
6288;88
6289;88
6290;88
6291;88
6292;88
6293;88
6294;88
6295;88
6296;88
6297;88
6298;88
6299;88
6300;88
6301;88
6302;88
6303;88
6304;88
6305;88
6306;88
6307;88
6308;88
6309;88
6310;88
6311;88
6312;88
6313;88
6314;88
6315;88
6316;88
6317;88
6318;88
6319;88
6320;88
6321;88
6322;88
6323;88
6324;88
6325;88
6326;88
6327;88
6328;88
6329;88
6330;88
6331;88
6332;88
6333;88
6334;88
6335;88
6336;88
6337;88
6338;88
6339;88
6340;88
6341;88
6342;88
6343;88
6344;88
6345;88
6346;88
6347;88
6348;88
6349;88
6350;88
6351;88
6352;88
6353;88
6354;88
6355;88
6356;88
6357;88
6358;88
6359;88
6360;88
6361;88
6362;88
6363;88
6364;88
6365;88
6366;88
6367;88
6368;88
6369;88
6370;88
6371;88
6372;88
6373;88
6374;88
6375;88
6376;88
6377;88
6378;88
6379;88
6380;88
6381;88
6382;88
6383;88
6384;88
6385;88
6386;88
6387;88
6388;88
6389;88
6390;88
6391;88
6392;88
6393;88
6394;88
6395;88
6396;88
6397;88
6398;88
6399;88
6400;88
6401;88
6402;88
6403;88
6404;88
6405;88
6406;88
6407;88
6408;88
6409;88
6410;88
6411;88
6412;88
6413;88
6414;88
6415;88
6416;88
6417;88
6418;88
6419;88
6420;88
6421;88
6422;88
6423;88
6424;88
6425;88
6426;88
6427;88
6428;88
6429;88
6430;88
6431;88
6432;88
6433;88
6434;88
6435;88
6436;88
6437;88
6438;88
6439;88
6440;88
6441;88
6442;88
6443;88
6444;88
6445;88
6446;88
6447;88
6448;88
6449;88
6450;88
6451;88
6452;88
6453;88
6454;88
6455;88
6456;88
6457;88
6458;88
6459;88
6460;88
6461;88
6462;88
6463;88
6464;88
6465;88
6466;88
6467;88
6468;88
6469;88
6470;88
6471;88
6472;88
6473;88
6474;88
6475;88
6476;88
6477;88
6478;88
6479;88
6480;88
6481;88
6482;88
6483;88
6484;88
6485;88
6486;88
6487;88
6488;88
6489;88
6490;88
6491;88
6492;88
6493;88
6494;88
6495;88
6496;88
6497;88
6498;88
6499;88
6500;88
6501;88
6502;88
6503;88
6504;88
6505;88
6506;88
6507;88
6508;88
6509;88
6510;88
6511;88
6512;88
6513;88
6514;88
6515;88
6516;88
6517;88
6518;88
6519;88
6520;88
6521;88
6522;88
6523;88
6524;88
6525;88
6526;88
6527;88
6528;88
6529;88
6530;88
6531;88
6532;88
6533;88
6534;88
6535;88
6536;88
6537;88
6538;88
6539;88
6540;88
6541;88
6542;88
6543;88
6544;88
6545;88
6546;88
6547;88
6548;88
6549;88
6550;88
6551;88
6552;88
6553;88
6554;88
6555;88
6556;88
6557;88
6558;88
6559;88
6560;88
6561;88
6562;88
6563;88
6564;88
6565;88
6566;88
6567;88
6568;88
6569;88
6570;88
6571;88
6572;88
6573;88
6574;88
6575;88
6576;88
6577;88
6578;88
6579;88
6580;88
6581;88
6582;88
6583;88
6584;88
6585;88
6586;88
6587;88
6588;88
6589;88
6590;88
6591;88
6592;88
6593;88
6594;88
6595;88
6596;88
6597;88
6598;88
6599;88
6600;88
6601;88
6602;88
6603;88
6604;88
6605;88
6606;88
6607;88
6608;88
6609;88
6610;88
6611;88
6612;88
6613;88
6614;88
6615;88
6616;88
6617;88
6618;88
6619;88
6620;88
6621;88
6622;88
6623;88
6624;88
6625;88
6626;88
6627;88
6628;88
6629;88
6630;88
6631;88
6632;88
6633;88
6634;88
6635;88
6636;88
6637;88
6638;88
6639;88
6640;88
6641;88
6642;88
6643;88
6644;88
6645;88
6646;88
6647;88
6648;88
6649;88
6650;88
6651;88
6652;88
6653;88
6654;88
6655;88
6656;88
6657;88
6658;88
6659;88
6660;88
6661;88
6662;88
6663;88
6664;88
6665;88
6666;88
6667;88
6668;88
6669;88
6670;88
6671;88
6672;88
6673;88
6674;88
6675;88
6676;88
6677;88
6678;88
6679;88
6680;88
6681;88
6682;88
6683;88
6684;88
6685;88
6686;88
6687;88
6688;88
6689;88
6690;88
6691;88
6692;88
6693;88
6694;88
6695;88
6696;88
6697;88
6698;88
6699;88
6700;88
6701;88
6702;88
6703;88
6704;88
6705;88
6706;88
6707;88
6708;88
6709;88
6710;88
6711;88
6712;88
6713;88
6714;88
6715;88
6716;88
6717;88
6718;88
6719;88
6720;88
6721;88
6722;88
6723;88
6724;88
6725;88
6726;88
6727;88
6728;88
6729;88
6730;88
6731;88
6732;88
6733;88
6734;88
6735;88
6736;88
6737;88
6738;88
6739;88
6740;88
6741;88
6742;88
6743;88
6744;88
6745;88
6746;88
6747;88
6748;88
6749;88
6750;88
6751;88
6752;88
6753;88
6754;88
6755;88
6756;88
6757;88
6758;88
6759;88
6760;88
6761;88
6762;88
6763;88
6764;88
6765;88
6766;88
6767;88
6768;88
6769;88
6770;88
6771;88
6772;88
6773;88
6774;88
6775;88
6776;88
6777;88
6778;88
6779;88
6780;88
6781;88
6782;88
6783;88
6784;88
6785;88
6786;88
6787;88
6788;88
6789;88
6790;88
6791;88
6792;88
6793;88
6794;88
6795;88
6796;88
6797;88
6798;88
6799;88
6800;88
6801;88
6802;88
6803;88
6804;88
6805;88
6806;88
6807;88
6808;88
6809;88
6810;88
6811;88
6812;88
6813;88
6814;88
6815;88
6816;88
6817;88
6818;88
6819;88
6820;88
6821;88
6822;88
6823;88
6824;88
6825;88
6826;88
6827;88
6828;88
6829;88
6830;88
6831;88
6832;88
6833;88
6834;88
6835;88
6836;88
6837;88
6838;88
6839;88
6840;88
6841;88
6842;88
6843;88
6844;88
6845;88
6846;88
6847;88
6848;88
6849;88
6850;88
6851;88
6852;88
6853;88
6854;88
6855;88
6856;88
6857;88
6858;88
6859;88
6860;88
6861;88
6862;88
6863;88
6864;88
6865;88
6866;88
6867;88
6868;88
6869;88
6870;88
6871;88
6872;88
6873;88
6874;88
6875;88
6876;88
6877;88
6878;88
6879;88
6880;88
6881;88
6882;88
6883;88
6884;88
6885;88
6886;88
6887;88
6888;88
6889;88
6890;88
6891;88
6892;88
6893;88
6894;88
6895;88
6896;88
6897;88
6898;88
6899;88
6900;88
6901;88
6902;88
6903;88
6904;88
6905;88
6906;88
6907;88
6908;88
6909;88
6910;88
6911;88
6912;88
6913;88
6914;88
6915;88
6916;88
6917;88
6918;88
6919;88
6920;88
6921;88
6922;88
6923;88
6924;88
6925;88
6926;88
6927;88
6928;88
6929;88
6930;88
6931;88
6932;88
6933;88
6934;88
6935;88
6936;88
6937;88
6938;88
6939;88
6940;88
6941;88
6942;88
6943;88
6944;88
6945;88
6946;88
6947;88
6948;88
6949;88
6950;88
6951;88
6952;88
6953;88
6954;88
6955;88
6956;88
6957;88
6958;88
6959;88
6960;88
6961;88
6962;88
6963;88
6964;88
6965;88
6966;88
6967;88
6968;88
6969;88
6970;88
6971;88
6972;88
6973;88
6974;88
6975;88
6976;88
6977;88
6978;88
6979;88
6980;88
6981;88
6982;88
6983;88
6984;88
6985;88
6986;88
6987;88
6988;88
6989;88
6990;88
6991;88
6992;88
6993;88
6994;88
6995;88
6996;88
6997;88
6998;88
6999;88
7000;88
7001;88
7002;88
7003;88
7004;88
7005;88
7006;88
7007;88
7008;88
7009;88
7010;88
7011;88
7012;88
7013;88
7014;88
7015;88
7016;88
7017;88
7018;88
7019;88
7020;88
7021;88
7022;88
7023;88
7024;88
7025;88
7026;88
7027;88
7028;88
7029;88
7030;88
7031;88
7032;88
7033;88
7034;88
7035;88
7036;88
7037;88
7038;88
7039;88
7040;88
7041;88
7042;88
7043;88
7044;88
7045;88
7046;88
7047;88
7048;88
7049;88
7050;88
7051;88
7052;88
7053;88
7054;88
7055;88
7056;88
7057;88
7058;88
7059;88
7060;88
7061;88
7062;88
7063;88
7064;88
7065;88
7066;88
7067;88
7068;88
7069;88
7070;88
7071;88
7072;88
7073;88
7074;88
7075;88
7076;88
7077;88
7078;88
7079;88
7080;88
7081;88
7082;88
7083;88
7084;88
7085;88
7086;88
7087;88
7088;88
7089;88
7090;88
7091;88
7092;88
7093;88
7094;88
7095;88
7096;88
7097;88
7098;88
7099;88
7100;88
7101;88
7102;88
7103;88
7104;88
7105;88
7106;88
7107;88
7108;88
7109;88
7110;88
7111;88
7112;88
7113;88
7114;88
7115;88
7116;88
7117;88
7118;88
7119;88
7120;88
7121;88
7122;88
7123;88
7124;88
7125;88
7126;88
7127;88
7128;88
7129;88
7130;88
7131;88
7132;88
7133;88
7134;88
7135;88
7136;88
7137;88
7138;88
7139;88
7140;88
7141;88
7142;88
7143;88
7144;88
7145;88
7146;88
7147;88
7148;88
7149;88
7150;88
7151;88
7152;88
7153;88
7154;88
7155;88
7156;88
7157;88
7158;88
7159;88
7160;88
7161;88
7162;88
7163;88
7164;88
7165;88
7166;88
7167;88
7168;88
7169;88
7170;88
7171;88
7172;88
7173;88
7174;88
7175;88
7176;88
7177;88
7178;88
7179;88
7180;88
7181;88
7182;88
7183;88
7184;88
7185;88
7186;88
7187;88
7188;88
7189;88
7190;88
7191;88
7192;88
7193;88
7194;88
7195;88
7196;88
7197;88
7198;88
7199;88
7200;88
7201;88
7202;88
7203;88
7204;88
7205;88
7206;88
7207;88
7208;88
7209;88
7210;88
7211;88
7212;88
7213;88
7214;88
7215;88
7216;88
7217;88
7218;88
7219;88
7220;88
7221;88
7222;88
7223;88
7224;88
7225;88
7226;88
7227;88
7228;88
7229;88
7230;88
7231;88
7232;88
7233;88
7234;88
7235;88
7236;88
7237;88
7238;88
7239;88
7240;88
7241;88
7242;88
7243;88
7244;88
7245;88
7246;88
7247;88
7248;88
7249;88
7250;88
7251;88
7252;88
7253;88
7254;88
7255;88
7256;88
7257;88
7258;88
7259;88
7260;88
7261;88
7262;88
7263;88
7264;88
7265;88
7266;88
7267;88
7268;88
7269;88
7270;88
7271;88
7272;88
7273;88
7274;88
7275;88
7276;88
7277;88
7278;88
7279;88
7280;88
7281;88
7282;88
7283;88
7284;88
7285;88
7286;88
7287;88
7288;88
7289;88
7290;88
7291;88
7292;88
7293;88
7294;88
7295;88
7296;88
7297;88
7298;88
7299;88
7300;88
7301;88
7302;88
7303;88
7304;88
7305;88
7306;88
7307;88
7308;88
7309;88
7310;88
7311;88
7312;88
7313;88
7314;88
7315;88
7316;88
7317;88
7318;88
7319;88
7320;88
7321;88
7322;88
7323;88
7324;88
7325;88
7326;88
7327;88
7328;88
7329;88
7330;88
7331;88
7332;88
7333;88
7334;88
7335;88
7336;88
7337;88
7338;88
7339;88
7340;88
7341;88
7342;88
7343;88
7344;88
7345;88
7346;88
7347;88
7348;88
7349;88
7350;88
7351;88
7352;88
7353;88
7354;88
7355;88
7356;88
7357;88
7358;88
7359;88
7360;88
7361;88
7362;88
7363;88
7364;88
7365;88
7366;88
7367;88
7368;88
7369;88
7370;88
7371;88
7372;88
7373;88
7374;88
7375;88
7376;88
7377;88
7378;88
7379;88
7380;88
7381;88
7382;88
7383;88
7384;88
7385;88
7386;88
7387;88
7388;88
7389;88
7390;88
7391;88
7392;88
7393;88
7394;88
7395;88
7396;88
7397;88
7398;88
7399;88
7400;88
7401;88
7402;88
7403;88
7404;88
7405;88
7406;88
7407;88
7408;88
7409;88
7410;88
7411;88
7412;88
7413;88
7414;88
7415;88
7416;88
7417;88
7418;88
7419;88
7420;88
7421;88
7422;88
7423;88
7424;88
7425;88
7426;88
7427;88
7428;88
7429;88
7430;88
7431;88
7432;88
7433;88
7434;88
7435;88
7436;88
7437;88
7438;88
7439;88
7440;88
7441;88
7442;88
7443;88
7444;88
7445;88
7446;88
7447;88
7448;88
7449;88
7450;88
7451;88
7452;88
7453;88
7454;88
7455;88
7456;88
7457;88
7458;88
7459;88
7460;88
7461;88
7462;88
7463;88
7464;88
7465;88
7466;88
7467;88
7468;88
7469;88
7470;88
7471;88
7472;88
7473;88
7474;88
7475;88
7476;88
7477;88
7478;88
7479;88
7480;88
7481;88
7482;88
7483;88
7484;88
7485;88
7486;88
7487;88
7488;88
7489;88
7490;88
7491;88
7492;88
7493;88
7494;88
7495;88
7496;88
7497;88
7498;88
7499;88
7500;88
7501;88
7502;88
7503;88
7504;88
7505;88
7506;88
7507;88
7508;88
7509;88
7510;88
7511;88
7512;88
7513;88
7514;88
7515;88
7516;88
7517;88
7518;88
7519;88
7520;88
7521;88
7522;88
7523;88
7524;88
7525;88
7526;88
7527;88
7528;88
7529;88
7530;88
7531;88
7532;88
7533;88
7534;88
7535;88
7536;88
7537;88
7538;88
7539;88
7540;88
7541;88
7542;88
7543;88
7544;88
7545;88
7546;88
7547;88
7548;88
7549;88
7550;88
7551;88
7552;88
7553;88
7554;88
7555;88
7556;88
7557;88
7558;88
7559;88
7560;88
7561;88
7562;88
7563;88
7564;88
7565;88
7566;88
7567;88
7568;88
7569;88
7570;88
7571;88
7572;88
7573;88
7574;88
7575;88
7576;88
7577;88
7578;88
7579;88
7580;88
7581;88
7582;88
7583;88
7584;88
7585;88
7586;88
7587;88
7588;88
7589;88
7590;88
7591;88
7592;88
7593;88
7594;88
7595;88
7596;88
7597;88
7598;88
7599;88
7600;88
7601;88
7602;88
7603;88
7604;88
7605;88
7606;88
7607;88
7608;88
7609;88
7610;88
7611;88
7612;88
7613;88
7614;88
7615;88
7616;88
7617;88
7618;88
7619;88
7620;88
7621;88
7622;88
7623;88
7624;88
7625;88
7626;88
7627;88
7628;88
7629;88
7630;88
7631;88
7632;88
7633;88
7634;88
7635;88
7636;88
7637;88
7638;88
7639;88
7640;88
7641;88
7642;88
7643;88
7644;88
7645;88
7646;88
7647;88
7648;88
7649;88
7650;88
7651;88
7652;88
7653;88
7654;88
7655;88
7656;88
7657;88
7658;88
7659;88
7660;88
7661;88
7662;88
7663;88
7664;88
7665;88
7666;88
7667;88
7668;88
7669;88
7670;88
7671;88
7672;88
7673;88
7674;88
7675;88
7676;88
7677;88
7678;88
7679;88
7680;88
7681;88
7682;88
7683;88
7684;88
7685;88
7686;88
7687;88
7688;88
7689;88
7690;88
7691;88
7692;88
7693;88
7694;88
7695;88
7696;88
7697;88
7698;88
7699;88
7700;88
7701;88
7702;88
7703;88
7704;88
7705;88
7706;88
7707;88
7708;88
7709;88
7710;88
7711;88
7712;88
7713;88
7714;88
7715;88
7716;88
7717;88
7718;88
7719;88
7720;88
7721;88
7722;88
7723;88
7724;88
7725;88
7726;88
7727;88
7728;88
7729;88
7730;88
7731;88
7732;88
7733;88
7734;88
7735;88
7736;88
7737;88
7738;88
7739;88
7740;88
7741;88
7742;88
7743;88
7744;88
7745;88
7746;88
7747;88
7748;88
7749;88
7750;88
7751;88
7752;88
7753;88
7754;88
7755;88
7756;88
7757;88
7758;88
7759;88
7760;88
7761;88
7762;88
7763;88
7764;88
7765;88
7766;88
7767;88
7768;88
7769;88
7770;88
7771;88
7772;88
7773;88
7774;88
7775;88
7776;88
7777;88
7778;88
7779;88
7780;88
7781;88
7782;88
7783;88
7784;88
7785;88
7786;88
7787;88
7788;88
7789;88
7790;88
7791;88
7792;88
7793;88
7794;88
7795;88
7796;88
7797;88
7798;88
7799;88
7800;88
7801;88
7802;88
7803;88
7804;88
7805;88
7806;88
7807;88
7808;88
7809;88
7810;88
7811;88
7812;88
7813;88
7814;88
7815;88
7816;88
7817;88
7818;88
7819;88
7820;88
7821;88
7822;88
7823;88
7824;88
7825;88
7826;88
7827;88
7828;88
7829;88
7830;88
7831;88
7832;88
7833;88
7834;88
7835;88
7836;88
7837;88
7838;88
7839;88
7840;88
7841;88
7842;88
7843;88
7844;88
7845;88
7846;88
7847;88
7848;88
7849;88
7850;88
7851;88
7852;88
7853;88
7854;88
7855;88
7856;88
7857;88
7858;88
7859;88
7860;88
7861;88
7862;88
7863;88
7864;88
7865;88
7866;88
7867;88
7868;88
7869;88
7870;88
7871;88
7872;88
7873;88
7874;88
7875;88
7876;88
7877;88
7878;88
7879;88
7880;88
7881;88
7882;88
7883;88
7884;88
7885;88
7886;88
7887;88
7888;88
7889;88
7890;88
7891;88
7892;88
7893;88
7894;88
7895;88
7896;88
7897;88
7898;88
7899;88
7900;88
7901;88
7902;88
7903;88
7904;88
7905;88
7906;88
7907;88
7908;88
7909;88
7910;88
7911;88
7912;88
7913;88
7914;88
7915;88
7916;88
7917;88
7918;88
7919;88
7920;88
7921;88
7922;88
7923;88
7924;88
7925;88
7926;88
7927;88
7928;88
7929;88
7930;88
7931;88
7932;88
7933;88
7934;88
7935;88
7936;88
7937;88
7938;88
7939;88
7940;88
7941;88
7942;88
7943;88
7944;88
7945;88
7946;88
7947;88
7948;88
7949;88
7950;88
7951;88
7952;88
7953;88
7954;88
7955;88
7956;88
7957;88
7958;88
7959;88
7960;88
7961;88
7962;88
7963;88
7964;88
7965;88
7966;88
7967;88
7968;88
7969;88
7970;88
7971;88
7972;88
7973;88
7974;88
7975;88
7976;88
7977;88
7978;88
7979;88
7980;88
7981;88
7982;88
7983;88
7984;88
7985;88
7986;88
7987;88
7988;88
7989;88
7990;88
7991;88
7992;88
7993;88
7994;88
7995;88
7996;88
7997;88
7998;88
7999;88
8000;88
8001;88
8002;88
8003;88
8004;88
8005;88
8006;88
8007;88
8008;88
8009;88
8010;88
8011;88
8012;88
8013;88
8014;88
8015;88
8016;88
8017;88
8018;88
8019;88
8020;88
8021;88
8022;88
8023;88
8024;88
8025;88
8026;88
8027;88
8028;88
8029;88
8030;88
8031;88
8032;88
8033;88
8034;88
8035;88
8036;88
8037;88
8038;88
8039;88
8040;88
8041;88
8042;88
8043;88
8044;88
8045;88
8046;88
8047;88
8048;88
8049;88
8050;88
8051;88
8052;88
8053;88
8054;88
8055;88
8056;88
8057;88
8058;88
8059;88
8060;88
8061;88
8062;88
8063;88
8064;88
8065;88
8066;88
8067;88
8068;88
8069;88
8070;88
8071;88
8072;88
8073;88
8074;88
8075;88
8076;88
8077;88
8078;88
8079;88
8080;88
8081;88
8082;88
8083;88
8084;88
8085;88
8086;88
8087;88
8088;88
8089;88
8090;88
8091;88
8092;88
8093;88
8094;88
8095;88
8096;88
8097;88
8098;88
8099;88
8100;88
8101;88
8102;88
8103;88
8104;88
8105;88
8106;88
8107;88
8108;88
8109;88
8110;88
8111;88
8112;88
8113;88
8114;88
8115;88
8116;88
8117;88
8118;88
8119;88
8120;88
8121;88
8122;88
8123;88
8124;88
8125;88
8126;88
8127;88
8128;88
8129;88
8130;88
8131;88
8132;88
8133;88
8134;88
8135;88
8136;88
8137;88
8138;88
8139;88
8140;88
8141;88
8142;88
8143;88
8144;88
8145;88
8146;88
8147;88
8148;88
8149;88
8150;88
8151;88
8152;88
8153;88
8154;88
8155;88
8156;88
8157;88
8158;88
8159;88
8160;88
8161;88
8162;88
8163;88
8164;88
8165;88
8166;88
8167;88
8168;88
8169;88
8170;88
8171;88
8172;88
8173;88
8174;88
8175;88
8176;88
8177;88
8178;88
8179;88
8180;88
8181;88
8182;88
8183;88
8184;88
8185;88
8186;88
8187;88
8188;88
8189;88
8190;88
8191;88
8192;88
8193;88
8194;88
8195;88
8196;88
8197;88
8198;88
8199;88
8200;88
8201;88
8202;88
8203;88
8204;88
8205;88
8206;88
8207;88
8208;88
8209;88
8210;88
8211;88
8212;88
8213;88
8214;88
8215;88
8216;88
8217;88
8218;88
8219;88
8220;88
8221;88
8222;88
8223;88
8224;88
8225;88
8226;88
8227;88
8228;88
8229;88
8230;88
8231;88
8232;88
8233;88
8234;88
8235;88
8236;88
8237;88
8238;88
8239;88
8240;88
8241;88
8242;88
8243;88
8244;88
8245;88
8246;88
8247;88
8248;88
8249;88
8250;88
8251;88
8252;88
8253;88
8254;88
8255;88
8256;88
8257;88
8258;88
8259;88
8260;88
8261;88
8262;88
8263;88
8264;88
8265;88
8266;88
8267;88
8268;88
8269;88
8270;88
8271;88
8272;88
8273;88
8274;88
8275;88
8276;88
8277;88
8278;88
8279;88
8280;88
8281;88
8282;88
8283;88
8284;88
8285;88
8286;88
8287;88
8288;88
8289;88
8290;88
8291;88
8292;88
8293;88
8294;88
8295;88
8296;88
8297;88
8298;88
8299;88
8300;88
8301;88
8302;88
8303;88
8304;88
8305;88
8306;88
8307;88
8308;88
8309;88
8310;88
8311;88
8312;88
8313;88
8314;88
8315;88
8316;88
8317;88
8318;88
8319;88
8320;88
8321;88
8322;88
8323;88
8324;88
8325;88
8326;88
8327;88
8328;88
8329;88
8330;88
8331;88
8332;88
8333;88
8334;88
8335;88
8336;88
8337;88
8338;88
8339;88
8340;88
8341;88
8342;88
8343;88
8344;88
8345;88
8346;88
8347;88
8348;88
8349;88
8350;88
8351;88
8352;88
8353;88
8354;88
8355;88
8356;88
8357;88
8358;88
8359;88
8360;88
8361;88
8362;88
8363;88
8364;88
8365;88
8366;88
8367;88
8368;88
8369;88
8370;88
8371;88
8372;88
8373;88
8374;88
8375;88
8376;88
8377;88
8378;88
8379;88
8380;88
8381;88
8382;88
8383;88
8384;88
8385;88
8386;88
8387;88
8388;88
8389;88
8390;88
8391;88
8392;88
8393;88
8394;88
8395;88
8396;88
8397;88
8398;88
8399;88
8400;88
8401;88
8402;88
8403;88
8404;88
8405;88
8406;88
8407;88
8408;88
8409;88
8410;88
8411;88
8412;88
8413;88
8414;88
8415;88
8416;88
8417;88
8418;88
8419;88
8420;88
8421;88
8422;88
8423;88
8424;88
8425;88
8426;88
8427;88
8428;88
8429;88
8430;88
8431;88
8432;88
8433;88
8434;88
8435;88
8436;88
8437;88
8438;88
8439;88
8440;88
8441;88
8442;88
8443;88
8444;88
8445;88
8446;88
8447;88
8448;88
8449;88
8450;88
8451;88
8452;88
8453;88
8454;88
8455;88
8456;88
8457;88
8458;88
8459;88
8460;88
8461;88
8462;88
8463;88
8464;88
8465;88
8466;88
8467;88
8468;88
8469;88
8470;88
8471;88
8472;88
8473;88
8474;88
8475;88
8476;88
8477;88
8478;88
8479;88
8480;88
8481;88
8482;88
8483;88
8484;88
8485;88
8486;88
8487;88
8488;88
8489;88
8490;88
8491;88
8492;88
8493;88
8494;88
8495;88
8496;88
8497;88
8498;88
8499;88
8500;88
8501;88
8502;88
8503;88
8504;88
8505;88
8506;88
8507;88
8508;88
8509;88
8510;88
8511;88
8512;88
8513;88
8514;88
8515;88
8516;88
8517;88
8518;88
8519;88
8520;88
8521;88
8522;88
8523;88
8524;88
8525;88
8526;88
8527;88
8528;88
8529;88
8530;88
8531;88
8532;88
8533;88
8534;88
8535;88
8536;88
8537;88
8538;88
8539;88
8540;88
8541;88
8542;88
8543;88
8544;88
8545;88
8546;88
8547;88
8548;88
8549;88
8550;88
8551;88
8552;88
8553;88
8554;88
8555;88
8556;88
8557;88
8558;88
8559;88
8560;88
8561;88
8562;88
8563;88
8564;88
8565;88
8566;88
8567;88
8568;88
8569;88
8570;88
8571;88
8572;88
8573;88
8574;88
8575;88
8576;88
8577;88
8578;88
8579;88
8580;88
8581;88
8582;88
8583;88
8584;88
8585;88
8586;88
8587;88
8588;88
8589;88
8590;88
8591;88
8592;88
8593;88
8594;88
8595;88
8596;88
8597;88
8598;88
8599;88
8600;88
8601;88
8602;88
8603;88
8604;88
8605;88
8606;88
8607;88
8608;88
8609;88
8610;88
8611;88
8612;88
8613;88
8614;88
8615;88
8616;88
8617;88
8618;88
8619;88
8620;88
8621;88
8622;88
8623;88
8624;88
8625;88
8626;88
8627;88
8628;88
8629;88
8630;88
8631;88
8632;88
8633;88
8634;88
8635;88
8636;88
8637;88
8638;88
8639;88
8640;88
8641;88
8642;88
8643;88
8644;88
8645;88
8646;88
8647;88
8648;88
8649;88
8650;88
8651;88
8652;88
8653;88
8654;88
8655;88
8656;88
8657;88
8658;88
8659;88
8660;88
8661;88
8662;88
8663;88
8664;88
8665;88
8666;88
8667;88
8668;88
8669;88
8670;88
8671;88
8672;88
8673;88
8674;88
8675;88
8676;88
8677;88
8678;88
8679;88
8680;88
8681;88
8682;88
8683;88
8684;88
8685;88
8686;88
8687;88
8688;88
8689;88
8690;88
8691;88
8692;88
8693;88
8694;88
8695;88
8696;88
8697;88
8698;88
8699;88
8700;88
8701;88
8702;88
8703;88
8704;88
8705;88
8706;88
8707;88
8708;88
8709;88
8710;88
8711;88
8712;88
8713;88
8714;88
8715;88
8716;88
8717;88
8718;88
8719;88
8720;88
8721;88
8722;88
8723;88
8724;88
8725;88
8726;88
8727;88
8728;88
8729;88
8730;88
8731;88
8732;88
8733;88
8734;88
8735;88
8736;88
8737;88
8738;88
8739;88
8740;88
8741;88
8742;88
8743;88
8744;88
8745;88
8746;88
8747;88
8748;88
8749;88
8750;88
8751;88
8752;88
8753;88
8754;88
8755;88
8756;88
8757;88
8758;88
8759;88
8760;88
8761;88
8762;88
8763;88
8764;88
8765;88
8766;88
8767;88
8768;88
8769;88
8770;88
8771;88
8772;88
8773;88
8774;88
8775;88
8776;88
8777;88
8778;88
8779;88
8780;88
8781;88
8782;88
8783;88
8784;88
8785;88
8786;88
8787;88
8788;88
8789;88
8790;88
8791;88
8792;88
8793;88
8794;88
8795;88
8796;88
8797;88
8798;88
8799;88
8800;88
8801;88
8802;88
8803;88
8804;88
8805;88
8806;88
8807;88
8808;88
8809;88
8810;88
8811;88
8812;88
8813;88
8814;88
8815;88
8816;88
8817;88
8818;88
8819;88
8820;88
8821;88
8822;88
8823;88
8824;88
8825;88
8826;88
8827;88
8828;88
8829;88
8830;88
8831;88
8832;88
8833;88
8834;88
8835;88
8836;88
8837;88
8838;88
8839;88
8840;88
8841;88
8842;88
8843;88
8844;88
8845;88
8846;88
8847;88
8848;88
8849;88
8850;88
8851;88
8852;88
8853;88
8854;88
8855;88
8856;88
8857;88
8858;88
8859;88
8860;88
8861;88
8862;88
8863;88
8864;88
8865;88
8866;88
8867;88
8868;88
8869;88
8870;88
8871;88
8872;88
8873;88
8874;88
8875;88
8876;88
8877;88
8878;88
8879;88
8880;88
8881;88
8882;88
8883;88
8884;88
8885;88
8886;88
8887;88
8888;88
8889;88
8890;88
8891;88
8892;88
8893;88
8894;88
8895;88
8896;88
8897;88
8898;88
8899;88
8900;88
8901;88
8902;88
8903;88
8904;88
8905;88
8906;88
8907;88
8908;88
8909;88
8910;88
8911;88
8912;88
8913;88
8914;88
8915;88
8916;88
8917;88
8918;88
8919;88
8920;88
8921;88
8922;88
8923;88
8924;88
8925;88
8926;88
8927;88
8928;88
8929;88
8930;88
8931;88
8932;88
8933;88
8934;88
8935;88
8936;88
8937;88
8938;88
8939;88
8940;88
8941;88
8942;88
8943;88
8944;88
8945;88
8946;88
8947;88
8948;88
8949;88
8950;88
8951;88
8952;88
8953;88
8954;88
8955;88
8956;88
8957;88
8958;88
8959;88
8960;88
8961;88
8962;88
8963;88
8964;88
8965;88
8966;88
8967;88
8968;88
8969;88
8970;88
8971;88
8972;88
8973;88
8974;88
8975;88
8976;88
8977;88
8978;88
8979;88
8980;88
8981;88
8982;88
8983;88
8984;88
8985;88
8986;88
8987;88
8988;88
8989;88
8990;88
8991;88
8992;88
8993;88
8994;88
8995;88
8996;88
8997;88
8998;88
8999;88
9000;88
9001;88
9002;88
9003;88
9004;88
9005;88
9006;88
9007;88
9008;88
9009;88
9010;88
9011;88
9012;88
9013;88
9014;88
9015;88
9016;88
9017;88
9018;88
9019;88
9020;88
9021;88
9022;88
9023;88
9024;88
9025;88
9026;88
9027;88
9028;88
9029;88
9030;88
9031;88
9032;88
9033;88
9034;88
9035;88
9036;88
9037;88
9038;88
9039;88
9040;88
9041;88
9042;88
9043;88
9044;88
9045;88
9046;88
9047;88
9048;88
9049;88
9050;88
9051;88
9052;88
9053;88
9054;88
9055;88
9056;88
9057;88
9058;88
9059;88
9060;88
9061;88
9062;88
9063;88
9064;88
9065;88
9066;88
9067;88
9068;88
9069;88
9070;88
9071;88
9072;88
9073;88
9074;88
9075;88
9076;88
9077;88
9078;88
9079;88
9080;88
9081;88
9082;88
9083;88
9084;88
9085;88
9086;88
9087;88
9088;88
9089;88
9090;88
9091;88
9092;88
9093;88
9094;88
9095;88
9096;88
9097;88
9098;88
9099;88
9100;88
9101;88
9102;88
9103;88
9104;88
9105;88
9106;88
9107;88
9108;88
9109;88
9110;88
9111;88
9112;88
9113;88
9114;88
9115;88
9116;88
9117;88
9118;88
9119;88
9120;88
9121;88
9122;88
9123;88
9124;88
9125;88
9126;88
9127;88
9128;88
9129;88
9130;88
9131;88
9132;88
9133;88
9134;88
9135;88
9136;88
9137;88
9138;88
9139;88
9140;88
9141;88
9142;88
9143;88
9144;88
9145;88
9146;88
9147;88
9148;88
9149;88
9150;88
9151;88
9152;88
9153;88
9154;88
9155;88
9156;88
9157;88
9158;88
9159;88
9160;88
9161;88
9162;88
9163;88
9164;88
9165;88
9166;88
9167;88
9168;88
9169;88
9170;88
9171;88
9172;88
9173;88
9174;88
9175;88
9176;88
9177;88
9178;88
9179;88
9180;88
9181;88
9182;88
9183;88
9184;88
9185;88
9186;88
9187;88
9188;88
9189;88
9190;88
9191;88
9192;88
9193;88
9194;88
9195;88
9196;88
9197;88
9198;88
9199;88
9200;88
9201;88
9202;88
9203;88
9204;88
9205;88
9206;88
9207;88
9208;88
9209;88
9210;88
9211;88
9212;88
9213;88
9214;88
9215;88
9216;88
9217;88
9218;88
9219;88
9220;88
9221;88
9222;88
9223;88
9224;88
9225;88
9226;88
9227;88
9228;88
9229;88
9230;88
9231;88
9232;88
9233;88
9234;88
9235;88
9236;88
9237;88
9238;88
9239;88
9240;88
9241;88
9242;88
9243;88
9244;88
9245;88
9246;88
9247;88
9248;88
9249;88
9250;88
9251;88
9252;88
9253;88
9254;88
9255;88
9256;88
9257;88
9258;88
9259;88
9260;88
9261;88
9262;88
9263;88
9264;88
9265;88
9266;88
9267;88
9268;88
9269;88
9270;88
9271;88
9272;88
9273;88
9274;88
9275;88
9276;88
9277;88
9278;88
9279;88
9280;88
9281;88
9282;88
9283;88
9284;88
9285;88
9286;88
9287;88
9288;88
9289;88
9290;88
9291;88
9292;88
9293;88
9294;88
9295;88
9296;88
9297;88
9298;88
9299;88
9300;88
9301;88
9302;88
9303;88
9304;88
9305;88
9306;88
9307;88
9308;88
9309;88
9310;88
9311;88
9312;88
9313;88
9314;88
9315;88
9316;88
9317;88
9318;88
9319;88
9320;88
9321;88
9322;88
9323;88
9324;88
9325;88
9326;88
9327;88
9328;88
9329;88
9330;88
9331;88
9332;88
9333;88
9334;88
9335;88
9336;88
9337;88
9338;88
9339;88
9340;88
9341;88
9342;88
9343;88
9344;88
9345;88
9346;88
9347;88
9348;88
9349;88
9350;88
9351;88
9352;88
9353;88
9354;88
9355;88
9356;88
9357;88
9358;88
9359;88
9360;88
9361;88
9362;88
9363;88
9364;88
9365;88
9366;88
9367;88
9368;88
9369;88
9370;88
9371;88
9372;88
9373;88
9374;88
9375;88
9376;88
9377;88
9378;88
9379;88
9380;88
9381;88
9382;88
9383;88
9384;88
9385;88
9386;88
9387;88
9388;88
9389;88
9390;88
9391;88
9392;88
9393;88
9394;88
9395;88
9396;88
9397;88
9398;88
9399;88
9400;88
9401;88
9402;88
9403;88
9404;88
9405;88
9406;88
9407;88
9408;88
9409;88
9410;88
9411;88
9412;88
9413;88
9414;88
9415;88
9416;88
9417;88
9418;88
9419;88
9420;88
9421;88
9422;88
9423;88
9424;88
9425;88
9426;88
9427;88
9428;88
9429;88
9430;88
9431;88
9432;88
9433;88
9434;88
9435;88
9436;88
9437;88
9438;88
9439;88
9440;88
9441;88
9442;88
9443;88
9444;88
9445;88
9446;88
9447;88
9448;88
9449;88
9450;88
9451;88
9452;88
9453;88
9454;88
9455;88
9456;88
9457;88
9458;88
9459;88
9460;88
9461;88
9462;88
9463;88
9464;88
9465;88
9466;88
9467;88
9468;88
9469;88
9470;88
9471;88
9472;88
9473;88
9474;88
9475;88
9476;88
9477;88
9478;88
9479;88
9480;88
9481;88
9482;88
9483;88
9484;88
9485;88
9486;88
9487;88
9488;88
9489;88
9490;88
9491;88
9492;88
9493;88
9494;88
9495;88
9496;88
9497;88
9498;88
9499;88
9500;88
9501;88
9502;88
9503;88
9504;88
9505;88
9506;88
9507;88
9508;88
9509;88
9510;88
9511;88
9512;88
9513;88
9514;88
9515;88
9516;88
9517;88
9518;88
9519;88
9520;88
9521;88
9522;88
9523;88
9524;88
9525;88
9526;88
9527;88
9528;88
9529;88
9530;88
9531;88
9532;88
9533;88
9534;88
9535;88
9536;88
9537;88
9538;88
9539;88
9540;88
9541;88
9542;88
9543;88
9544;88
9545;88
9546;88
9547;88
9548;88
9549;88
9550;88
9551;88
9552;88
9553;88
9554;88
9555;88
9556;88
9557;88
9558;88
9559;88
9560;88
9561;88
9562;88
9563;88
9564;88
9565;88
9566;88
9567;88
9568;88
9569;88
9570;88
9571;88
9572;88
9573;88
9574;88
9575;88
9576;88
9577;88
9578;88
9579;88
9580;88
9581;88
9582;88
9583;88
9584;88
9585;88
9586;88
9587;88
9588;88
9589;88
9590;88
9591;88
9592;88
9593;88
9594;88
9595;88
9596;88
9597;88
9598;88
9599;88
9600;88
9601;88
9602;88
9603;88
9604;88
9605;88
9606;88
9607;88
9608;88
9609;88
9610;88
9611;88
9612;88
9613;88
9614;88
9615;88
9616;88
9617;88
9618;88
9619;88
9620;88
9621;88
9622;88
9623;88
9624;88
9625;88
9626;88
9627;88
9628;88
9629;88
9630;88
9631;88
9632;88
9633;88
9634;88
9635;88
9636;88
9637;88
9638;88
9639;88
9640;88
9641;88
9642;88
9643;88
9644;88
9645;88
9646;88
9647;88
9648;88
9649;88
9650;88
9651;88
9652;88
9653;88
9654;88
9655;88
9656;88
9657;88
9658;88
9659;88
9660;88
9661;88
9662;88
9663;88
9664;88
9665;88
9666;88
9667;88
9668;88
9669;88
9670;88
9671;88
9672;88
9673;88
9674;88
9675;88
9676;88
9677;88
9678;88
9679;88
9680;88
9681;88
9682;88
9683;88
9684;88
9685;88
9686;88
9687;88
9688;88
9689;88
9690;88
9691;88
9692;88
9693;88
9694;88
9695;88
9696;88
9697;88
9698;88
9699;88
9700;88
9701;88
9702;88
9703;88
9704;88
9705;88
9706;88
9707;88
9708;88
9709;88
9710;88
9711;88
9712;88
9713;88
9714;88
9715;88
9716;88
9717;88
9718;88
9719;88
9720;88
9721;88
9722;88
9723;88
9724;88
9725;88
9726;88
9727;88
9728;88
9729;88
9730;88
9731;88
9732;88
9733;88
9734;88
9735;88
9736;88
9737;88
9738;88
9739;88
9740;88
9741;88
9742;88
9743;88
9744;88
9745;88
9746;88
9747;88
9748;88
9749;88
9750;88
9751;88
9752;88
9753;88
9754;88
9755;88
9756;88
9757;88
9758;88
9759;88
9760;88
9761;88
9762;88
9763;88
9764;88
9765;88
9766;88
9767;88
9768;88
9769;88
9770;88
9771;88
9772;88
9773;88
9774;88
9775;88
9776;88
9777;88
9778;88
9779;88
9780;88
9781;88
9782;88
9783;88
9784;88
9785;88
9786;88
9787;88
9788;88
9789;88
9790;88
9791;88
9792;88
9793;88
9794;88
9795;88
9796;88
9797;88
9798;88
9799;88
9800;88
9801;88
9802;88
9803;88
9804;88
9805;88
9806;88
9807;88
9808;88
9809;88
9810;88
9811;88
9812;88
9813;88
9814;88
9815;88
9816;88
9817;88
9818;88
9819;88
9820;88
9821;88
9822;88
9823;88
9824;88
9825;88
9826;88
9827;88
9828;88
9829;88
9830;88
9831;88
9832;88
9833;88
9834;88
9835;88
9836;88
9837;88
9838;88
9839;88
9840;88
9841;88
9842;88
9843;88
9844;88
9845;88
9846;88
9847;88
9848;88
9849;88
9850;88
9851;88
9852;88
9853;88
9854;88
9855;88
9856;88
9857;88
9858;88
9859;88
9860;88
9861;88
9862;88
9863;88
9864;88
9865;88
9866;88
9867;88
9868;88
9869;88
9870;88
9871;88
9872;88
9873;88
9874;88
9875;88
9876;88
9877;88
9878;88
9879;88
9880;88
9881;88
9882;88
9883;88
9884;88
9885;88
9886;88
9887;88
9888;88
9889;88
9890;88
9891;88
9892;88
9893;88
9894;88
9895;88
9896;88
9897;88
9898;88
9899;88
9900;88
9901;88
9902;88
9903;88
9904;88
9905;88
9906;88
9907;88
9908;88
9909;88
9910;88
9911;88
9912;88
9913;88
9914;88
9915;88
9916;88
9917;88
9918;88
9919;88
9920;88
9921;88
9922;88
9923;88
9924;88
9925;88
9926;88
9927;88
9928;88
9929;88
9930;88
9931;88
9932;88
9933;88
9934;88
9935;88
9936;88
9937;88
9938;88
9939;88
9940;88
9941;88
9942;88
9943;88
9944;88
9945;88
9946;88
9947;88
9948;88
9949;88
9950;88
9951;88
9952;88
9953;88
9954;88
9955;88
9956;88
9957;88
9958;88
9959;88
9960;88
9961;88
9962;88
9963;88
9964;88
9965;88
9966;88
9967;88
9968;88
9969;88
9970;88
9971;88
9972;88
9973;88
9974;88
9975;88
9976;88
9977;88
9978;88
9979;88
9980;88
9981;88
9982;88
9983;88
9984;88
9985;88
9986;88
9987;88
9988;88
9989;88
9990;88
9991;88
9992;88
9993;88
9994;88
9995;88
9996;88
9997;88
9998;88
9999;88