0;29
1;29
2;29
3;31
4;31
5;31
6;31
7;31
8;31
9;31
10;31
11;31
12;32
13;32
14;32
15;32
16;32
17;32
18;32
19;32
20;32
21;32
22;32
23;48
24;48
25;48
26;49
27;49
28;49
29;49
30;49
31;49
32;49
33;49
34;49
35;49
36;49
37;49
38;49
39;49
40;49
41;49
42;49
43;49
44;49
45;49
46;49
47;49
48;49
49;49
50;49
51;49
52;49
53;49
54;49
55;49
56;49
57;49
58;49
59;49
60;49
61;49
62;49
63;49
64;49
65;49
66;49
67;49
68;49
69;49
70;49
71;49
72;49
73;49
74;49
75;49
76;49
77;49
78;49
79;49
80;49
81;49
82;49
83;49
84;49
85;49
86;49
87;49
88;49
89;49
90;49
91;49
92;49
93;49
94;49
95;49
96;49
97;53
98;53
99;53
100;53
101;53
102;53
103;53
104;53
105;53
106;53
107;53
108;53
109;53
110;53
111;53
112;53
113;53
114;53
115;53
116;53
117;53
118;53
119;53
120;53
121;53
122;53
123;53
124;53
125;53
126;53
127;64
128;64
129;64
130;64
131;64
132;64
133;64
134;64
135;64
136;64
137;64
138;64
139;64
140;64
141;64
142;64
143;64
144;64
145;64
146;64
147;64
148;64
149;64
150;64
151;64
152;64
153;64
154;64
155;64
156;64
157;64
158;64
159;64
160;64
161;64
162;64
163;64
164;64
165;64
166;64
167;64
168;64
169;64
170;64
171;64
172;64
173;64
174;64
175;64
176;64
177;64
178;64
179;64
180;64
181;64
182;64
183;64
184;64
185;64
186;64
187;64
188;64
189;64
190;64
191;64
192;64
193;64
194;64
195;64
196;64
197;64
198;64
199;64
200;64
201;64
202;64
203;64
204;64
205;64
206;64
207;64
208;64
209;64
210;64
211;64
212;64
213;74
214;74
215;74
216;74
217;74
218;74
219;74
220;74
221;74
222;74
223;74
224;74
225;74
226;74
227;74
228;74
229;74
230;74
231;74
232;74
233;74
234;74
235;74
236;74
237;74
238;74
239;74
240;74
241;74
242;74
243;74
244;74
245;74
246;74
247;74
248;74
249;74
250;74
251;74
252;74
253;74
254;74
255;74
256;74
257;74
258;74
259;74
260;74
261;74
262;74
263;74
264;74
265;74
266;74
267;74
268;74
269;74
270;74
271;74
272;74
273;74
274;74
275;74
276;74
277;74
278;74
279;74
280;74
281;74
282;74
283;74
284;74
285;74
286;74
287;74
288;74
289;74
290;74
291;74
292;74
293;74
294;74
295;74
296;74
297;74
298;74
299;74
300;74
301;74
302;74
303;74
304;74
305;74
306;74
307;74
308;74
309;74
310;74
311;74
312;74
313;74
314;74
315;74
316;74
317;74
318;74
319;74
320;74
321;74
322;74
323;74
324;74
325;74
326;74
327;74
328;74
329;74
330;74
331;74
332;74
333;74
334;74
335;74
336;74
337;74
338;74
339;74
340;74
341;74
342;74
343;74
344;74
345;74
346;74
347;74
348;74
349;74
350;74
351;74
352;74
353;74
354;74
355;74
356;74
357;74
358;74
359;74
360;74
361;74
362;74
363;74
364;74
365;74
366;74
367;74
368;74
369;74
370;74
371;74
372;74
373;74
374;74
375;74
376;74
377;74
378;74
379;74
380;74
381;74
382;74
383;74
384;74
385;74
386;74
387;74
388;74
389;74
390;74
391;74
392;74
393;74
394;74
395;74
396;74
397;74
398;74
399;74
400;74
401;74
402;74
403;74
404;74
405;74
406;74
407;74
408;74
409;74
410;74
411;74
412;74
413;74
414;74
415;74
416;74
417;74
418;74
419;74
420;74
421;74
422;74
423;74
424;74
425;74
426;74
427;74
428;74
429;74
430;74
431;74
432;74
433;74
434;74
435;74
436;74
437;74
438;74
439;74
440;74
441;74
442;74
443;74
444;74
445;74
446;74
447;74
448;74
449;74
450;74
451;74
452;74
453;74
454;74
455;74
456;74
457;74
458;74
459;74
460;74
461;74
462;74
463;74
464;74
465;74
466;74
467;74
468;74
469;74
470;74
471;74
472;74
473;74
474;74
475;74
476;74
477;74
478;74
479;74
480;74
481;74
482;74
483;74
484;74
485;74
486;74
487;74
488;74
489;74
490;74
491;74
492;74
493;74
494;74
495;74
496;74
497;74
498;74
499;74
500;74
501;74
502;74
503;74
504;74
505;74
506;74
507;74
508;74
509;74
510;74
511;74
512;74
513;74
514;74
515;74
516;74
517;74
518;74
519;74
520;74
521;74
522;74
523;74
524;74
525;74
526;74
527;74
528;74
529;74
530;74
531;74
532;74
533;74
534;74
535;74
536;74
537;74
538;74
539;74
540;74
541;74
542;74
543;74
544;74
545;74
546;74
547;74
548;74
549;74
550;74
551;74
552;74
553;74
554;74
555;74
556;74
557;74
558;74
559;74
560;74
561;74
562;74
563;74
564;74
565;74
566;74
567;74
568;74
569;74
570;74
571;74
572;74
573;74
574;74
575;74
576;74
577;74
578;74
579;74
580;74
581;74
582;74
583;74
584;74
585;74
586;74
587;74
588;74
589;74
590;74
591;74
592;74
593;74
594;74
595;74
596;74
597;74
598;74
599;74
600;74
601;74
602;74
603;74
604;74
605;74
606;74
607;74
608;74
609;74
610;74
611;74
612;74
613;74
614;74
615;74
616;74
617;74
618;74
619;74
620;74
621;74
622;74
623;74
624;74
625;74
626;74
627;74
628;74
629;74
630;74
631;74
632;74
633;74
634;74
635;74
636;74
637;74
638;74
639;74
640;74
641;74
642;74
643;74
644;74
645;74
646;74
647;74
648;74
649;74
650;74
651;74
652;74
653;74
654;74
655;74
656;74
657;74
658;74
659;74
660;74
661;74
662;74
663;74
664;74
665;74
666;74
667;74
668;74
669;74
670;74
671;74
672;74
673;74
674;74
675;74
676;74
677;74
678;74
679;74
680;74
681;74
682;74
683;74
684;74
685;74
686;74
687;74
688;74
689;74
690;74
691;74
692;74
693;74
694;74
695;74
696;74
697;74
698;74
699;74
700;74
701;80
702;80
703;80
704;80
705;80
706;80
707;80
708;80
709;80
710;80
711;80
712;80
713;80
714;80
715;80
716;80
717;80
718;80
719;80
720;80
721;80
722;80
723;80
724;80
725;80
726;80
727;80
728;80
729;80
730;80
731;80
732;80
733;80
734;80
735;80
736;80
737;80
738;80
739;80
740;80
741;80
742;80
743;80
744;80
745;80
746;80
747;80
748;80
749;80
750;80
751;80
752;80
753;80
754;80
755;80
756;80
757;80
758;80
759;80
760;80
761;80
762;80
763;80
764;80
765;80
766;80
767;80
768;80
769;80
770;80
771;80
772;80
773;80
774;80
775;80
776;80
777;80
778;80
779;80
780;80
781;80
782;80
783;80
784;80
785;80
786;80
787;80
788;80
789;80
790;80
791;80
792;80
793;80
794;80
795;80
796;80
797;80
798;80
799;80
800;80
801;80
802;80
803;80
804;80
805;80
806;80
807;80
808;80
809;80
810;80
811;80
812;80
813;80
814;80
815;80
816;80
817;80
818;80
819;80
820;80
821;80
822;80
823;80
824;80
825;80
826;80
827;80
828;80
829;80
830;80
831;80
832;80
833;80
834;80
835;80
836;80
837;80
838;80
839;80
840;80
841;80
842;80
843;80
844;80
845;80
846;80
847;80
848;80
849;80
850;80
851;80
852;80
853;80
854;80
855;80
856;80
857;80
858;80
859;80
860;80
861;80
862;80
863;80
864;80
865;80
866;80
867;80
868;80
869;80
870;80
871;80
872;80
873;80
874;80
875;80
876;80
877;80
878;80
879;80
880;80
881;80
882;80
883;80
884;80
885;80
886;80
887;80
888;80
889;80
890;80
891;80
892;80
893;80
894;80
895;80
896;80
897;80
898;80
899;80
900;80
901;80
902;80
903;80
904;80
905;80
906;80
907;80
908;80
909;80
910;80
911;80
912;80
913;80
914;80
915;80
916;80
917;80
918;80
919;80
920;80
921;80
922;80
923;80
924;80
925;80
926;80
927;80
928;80
929;80
930;80
931;80
932;80
933;80
934;80
935;80
936;80
937;80
938;80
939;80
940;80
941;80
942;80
943;80
944;80
945;80
946;80
947;80
948;80
949;80
950;80
951;80
952;80
953;80
954;80
955;80
956;80
957;80
958;80
959;80
960;80
961;80
962;80
963;80
964;80
965;80
966;80
967;80
968;80
969;80
970;80
971;80
972;80
973;80
974;80
975;80
976;80
977;80
978;80
979;80
980;80
981;80
982;80
983;80
984;80
985;80
986;80
987;80
988;80
989;80
990;80
991;80
992;80
993;80
994;80
995;80
996;80
997;80
998;80
999;80
1000;80
1001;80
1002;80
1003;80
1004;80
1005;80
1006;80
1007;80
1008;80
1009;80
1010;80
1011;80
1012;80
1013;80
1014;80
1015;80
1016;80
1017;80
1018;80
1019;80
1020;80
1021;80
1022;80
1023;80
1024;80
1025;80
1026;80
1027;80
1028;80
1029;80
1030;80
1031;80
1032;80
1033;80
1034;80
1035;80
1036;80
1037;80
1038;80
1039;80
1040;80
1041;80
1042;80
1043;80
1044;80
1045;80
1046;80
1047;80
1048;80
1049;80
1050;80
1051;80
1052;80
1053;80
1054;80
1055;80
1056;80
1057;80
1058;80
1059;80
1060;80
1061;80
1062;80
1063;80
1064;80
1065;80
1066;80
1067;80
1068;80
1069;80
1070;80
1071;80
1072;80
1073;80
1074;80
1075;80
1076;80
1077;80
1078;80
1079;80
1080;80
1081;80
1082;80
1083;80
1084;80
1085;80
1086;80
1087;80
1088;80
1089;80
1090;83
1091;83
1092;83
1093;83
1094;83
1095;83
1096;83
1097;83
1098;83
1099;83
1100;83
1101;83
1102;83
1103;83
1104;83
1105;83
1106;83
1107;83
1108;83
1109;83
1110;83
1111;83
1112;83
1113;83
1114;83
1115;83
1116;83
1117;83
1118;83
1119;83
1120;83
1121;83
1122;83
1123;83
1124;83
1125;83
1126;83
1127;83
1128;83
1129;83
1130;83
1131;83
1132;83
1133;83
1134;83
1135;83
1136;83
1137;83
1138;83
1139;83
1140;83
1141;83
1142;83
1143;83
1144;83
1145;83
1146;83
1147;83
1148;83
1149;83
1150;83
1151;83
1152;83
1153;83
1154;83
1155;83
1156;83
1157;83
1158;83
1159;83
1160;83
1161;83
1162;83
1163;83
1164;83
1165;83
1166;83
1167;83
1168;83
1169;83
1170;83
1171;83
1172;83
1173;83
1174;83
1175;83
1176;83
1177;83
1178;83
1179;83
1180;83
1181;83
1182;83
1183;83
1184;83
1185;83
1186;83
1187;83
1188;83
1189;83
1190;83
1191;83
1192;83
1193;83
1194;83
1195;83
1196;83
1197;83
1198;83
1199;83
1200;83
1201;83
1202;83
1203;83
1204;83
1205;83
1206;83
1207;83
1208;83
1209;83
1210;83
1211;83
1212;83
1213;83
1214;83
1215;83
1216;83
1217;83
1218;83
1219;83
1220;83
1221;83
1222;83
1223;83
1224;83
1225;83
1226;83
1227;83
1228;83
1229;83
1230;83
1231;83
1232;83
1233;83
1234;83
1235;83
1236;83
1237;83
1238;83
1239;83
1240;83
1241;83
1242;83
1243;83
1244;83
1245;83
1246;83
1247;83
1248;83
1249;83
1250;83
1251;83
1252;83
1253;83
1254;83
1255;83
1256;83
1257;83
1258;83
1259;83
1260;83
1261;83
1262;83
1263;83
1264;83
1265;83
1266;83
1267;83
1268;83
1269;83
1270;83
1271;83
1272;83
1273;83
1274;83
1275;83
1276;83
1277;83
1278;83
1279;83
1280;83
1281;83
1282;83
1283;83
1284;83
1285;83
1286;83
1287;83
1288;83
1289;83
1290;83
1291;83
1292;83
1293;83
1294;83
1295;83
1296;83
1297;83
1298;83
1299;83
1300;83
1301;83
1302;83
1303;83
1304;83
1305;83
1306;83
1307;83
1308;83
1309;83
1310;83
1311;83
1312;83
1313;83
1314;83
1315;83
1316;83
1317;83
1318;83
1319;83
1320;83
1321;83
1322;83
1323;83
1324;83
1325;83
1326;83
1327;83
1328;83
1329;83
1330;83
1331;83
1332;83
1333;83
1334;83
1335;83
1336;83
1337;83
1338;83
1339;83
1340;83
1341;83
1342;83
1343;83
1344;83
1345;83
1346;83
1347;83
1348;83
1349;83
1350;83
1351;83
1352;83
1353;83
1354;83
1355;83
1356;83
1357;83
1358;83
1359;83
1360;83
1361;83
1362;83
1363;83
1364;83
1365;83
1366;83
1367;83
1368;83
1369;83
1370;83
1371;83
1372;83
1373;83
1374;83
1375;83
1376;83
1377;83
1378;83
1379;83
1380;83
1381;83
1382;83
1383;83
1384;83
1385;83
1386;83
1387;83
1388;83
1389;83
1390;83
1391;83
1392;83
1393;83
1394;83
1395;83
1396;83
1397;83
1398;83
1399;83
1400;83
1401;83
1402;83
1403;83
1404;83
1405;83
1406;83
1407;83
1408;83
1409;83
1410;83
1411;83
1412;83
1413;83
1414;83
1415;83
1416;83
1417;83
1418;83
1419;83
1420;83
1421;83
1422;83
1423;83
1424;83
1425;83
1426;83
1427;83
1428;83
1429;83
1430;83
1431;83
1432;83
1433;83
1434;83
1435;83
1436;83
1437;83
1438;83
1439;83
1440;83
1441;83
1442;83
1443;83
1444;83
1445;83
1446;83
1447;83
1448;83
1449;83
1450;83
1451;83
1452;83
1453;83
1454;83
1455;83
1456;83
1457;83
1458;83
1459;83
1460;83
1461;83
1462;83
1463;83
1464;83
1465;83
1466;83
1467;83
1468;83
1469;83
1470;83
1471;83
1472;83
1473;83
1474;83
1475;83
1476;83
1477;83
1478;83
1479;83
1480;83
1481;83
1482;83
1483;83
1484;83
1485;83
1486;83
1487;83
1488;83
1489;83
1490;83
1491;83
1492;83
1493;83
1494;83
1495;83
1496;83
1497;83
1498;83
1499;83
1500;83
1501;83
1502;83
1503;83
1504;83
1505;83
1506;83
1507;83
1508;83
1509;83
1510;83
1511;83
1512;83
1513;83
1514;83
1515;83
1516;83
1517;83
1518;83
1519;83
1520;83
1521;83
1522;83
1523;83
1524;83
1525;83
1526;83
1527;83
1528;83
1529;83
1530;83
1531;83
1532;83
1533;83
1534;83
1535;83
1536;83
1537;83
1538;83
1539;83
1540;83
1541;83
1542;83
1543;83
1544;83
1545;83
1546;83
1547;83
1548;83
1549;83
1550;83
1551;83
1552;83
1553;83
1554;83
1555;83
1556;83
1557;83
1558;83
1559;83
1560;83
1561;83
1562;83
1563;83
1564;83
1565;83
1566;83
1567;83
1568;83
1569;83
1570;83
1571;83
1572;83
1573;83
1574;83
1575;83
1576;83
1577;83
1578;83
1579;83
1580;83
1581;83
1582;83
1583;83
1584;83
1585;83
1586;83
1587;83
1588;83
1589;83
1590;83
1591;83
1592;83
1593;83
1594;83
1595;83
1596;83
1597;83
1598;83
1599;83
1600;83
1601;83
1602;83
1603;83
1604;83
1605;83
1606;83
1607;83
1608;83
1609;83
1610;83
1611;83
1612;83
1613;83
1614;83
1615;83
1616;83
1617;83
1618;83
1619;83
1620;83
1621;83
1622;83
1623;83
1624;83
1625;83
1626;83
1627;83
1628;83
1629;83
1630;83
1631;83
1632;83
1633;83
1634;83
1635;83
1636;83
1637;83
1638;83
1639;83
1640;83
1641;83
1642;83
1643;83
1644;83
1645;83
1646;83
1647;83
1648;83
1649;83
1650;83
1651;83
1652;83
1653;83
1654;83
1655;83
1656;83
1657;83
1658;83
1659;83
1660;83
1661;83
1662;83
1663;83
1664;83
1665;83
1666;83
1667;83
1668;83
1669;83
1670;83
1671;83
1672;83
1673;83
1674;83
1675;83
1676;83
1677;83
1678;83
1679;83
1680;83
1681;83
1682;83
1683;83
1684;83
1685;83
1686;83
1687;83
1688;83
1689;83
1690;83
1691;83
1692;83
1693;83
1694;83
1695;83
1696;83
1697;83
1698;83
1699;83
1700;83
1701;83
1702;83
1703;83
1704;83
1705;83
1706;83
1707;83
1708;83
1709;83
1710;83
1711;83
1712;83
1713;83
1714;83
1715;83
1716;83
1717;83
1718;83
1719;83
1720;83
1721;83
1722;83
1723;83
1724;83
1725;83
1726;83
1727;83
1728;83
1729;83
1730;83
1731;83
1732;83
1733;83
1734;83
1735;83
1736;83
1737;83
1738;83
1739;83
1740;83
1741;83
1742;83
1743;83
1744;83
1745;83
1746;83
1747;83
1748;83
1749;83
1750;83
1751;83
1752;83
1753;83
1754;83
1755;83
1756;83
1757;83
1758;83
1759;83
1760;83
1761;83
1762;83
1763;83
1764;83
1765;83
1766;83
1767;83
1768;83
1769;83
1770;83
1771;83
1772;83
1773;83
1774;83
1775;83
1776;83
1777;83
1778;83
1779;83
1780;83
1781;83
1782;83
1783;83
1784;83
1785;83
1786;83
1787;83
1788;83
1789;83
1790;83
1791;83
1792;83
1793;83
1794;83
1795;83
1796;83
1797;83
1798;83
1799;83
1800;83
1801;83
1802;83
1803;83
1804;83
1805;83
1806;83
1807;83
1808;83
1809;83
1810;83
1811;83
1812;83
1813;83
1814;83
1815;83
1816;83
1817;83
1818;83
1819;83
1820;83
1821;83
1822;83
1823;83
1824;83
1825;83
1826;83
1827;83
1828;83
1829;83
1830;83
1831;83
1832;83
1833;83
1834;83
1835;83
1836;83
1837;83
1838;83
1839;83
1840;83
1841;83
1842;83
1843;83
1844;83
1845;83
1846;83
1847;83
1848;83
1849;83
1850;83
1851;83
1852;83
1853;83
1854;83
1855;83
1856;83
1857;83
1858;83
1859;83
1860;83
1861;83
1862;83
1863;83
1864;83
1865;83
1866;83
1867;83
1868;83
1869;83
1870;83
1871;83
1872;83
1873;83
1874;83
1875;83
1876;83
1877;83
1878;83
1879;83
1880;83
1881;83
1882;83
1883;83
1884;83
1885;83
1886;83
1887;83
1888;83
1889;83
1890;83
1891;83
1892;83
1893;83
1894;83
1895;83
1896;83
1897;83
1898;83
1899;83
1900;83
1901;83
1902;83
1903;83
1904;83
1905;83
1906;83
1907;83
1908;83
1909;83
1910;83
1911;83
1912;83
1913;83
1914;83
1915;83
1916;83
1917;83
1918;83
1919;83
1920;83
1921;83
1922;83
1923;83
1924;83
1925;83
1926;83
1927;83
1928;83
1929;83
1930;83
1931;83
1932;83
1933;83
1934;83
1935;83
1936;83
1937;83
1938;83
1939;83
1940;83
1941;83
1942;83
1943;83
1944;83
1945;83
1946;83
1947;83
1948;83
1949;83
1950;83
1951;83
1952;83
1953;83
1954;83
1955;83
1956;83
1957;83
1958;83
1959;83
1960;83
1961;83
1962;83
1963;83
1964;83
1965;83
1966;83
1967;83
1968;83
1969;83
1970;83
1971;83
1972;83
1973;83
1974;83
1975;83
1976;83
1977;83
1978;83
1979;83
1980;83
1981;83
1982;83
1983;83
1984;83
1985;83
1986;83
1987;83
1988;83
1989;83
1990;83
1991;83
1992;83
1993;83
1994;83
1995;83
1996;83
1997;83
1998;83
1999;83
2000;83
2001;83
2002;83
2003;83
2004;83
2005;83
2006;83
2007;83
2008;83
2009;83
2010;83
2011;83
2012;83
2013;83
2014;83
2015;83
2016;83
2017;83
2018;83
2019;83
2020;83
2021;83
2022;83
2023;83
2024;83
2025;83
2026;83
2027;83
2028;83
2029;83
2030;83
2031;83
2032;83
2033;83
2034;83
2035;83
2036;83
2037;83
2038;83
2039;83
2040;83
2041;83
2042;83
2043;83
2044;83
2045;83
2046;83
2047;83
2048;83
2049;83
2050;83
2051;83
2052;83
2053;83
2054;83
2055;83
2056;83
2057;83
2058;83
2059;83
2060;83
2061;83
2062;83
2063;83
2064;83
2065;83
2066;83
2067;83
2068;83
2069;83
2070;83
2071;83
2072;83
2073;83
2074;83
2075;83
2076;83
2077;83
2078;83
2079;83
2080;83
2081;83
2082;83
2083;83
2084;83
2085;83
2086;83
2087;83
2088;83
2089;83
2090;83
2091;83
2092;83
2093;83
2094;83
2095;83
2096;83
2097;83
2098;83
2099;83
2100;83
2101;83
2102;83
2103;83
2104;83
2105;83
2106;83
2107;83
2108;83
2109;83
2110;83
2111;83
2112;83
2113;83
2114;83
2115;83
2116;83
2117;83
2118;83
2119;83
2120;83
2121;83
2122;83
2123;83
2124;83
2125;83
2126;83
2127;83
2128;83
2129;83
2130;83
2131;83
2132;83
2133;83
2134;83
2135;83
2136;83
2137;83
2138;83
2139;83
2140;83
2141;83
2142;83
2143;83
2144;83
2145;83
2146;83
2147;83
2148;83
2149;83
2150;83
2151;83
2152;83
2153;83
2154;83
2155;83
2156;83
2157;83
2158;83
2159;83
2160;83
2161;83
2162;83
2163;83
2164;83
2165;83
2166;83
2167;83
2168;83
2169;83
2170;83
2171;83
2172;83
2173;83
2174;83
2175;83
2176;83
2177;83
2178;83
2179;83
2180;83
2181;83
2182;83
2183;83
2184;83
2185;83
2186;83
2187;83
2188;83
2189;83
2190;83
2191;83
2192;83
2193;83
2194;83
2195;83
2196;83
2197;83
2198;83
2199;83
2200;83
2201;83
2202;83
2203;83
2204;83
2205;83
2206;83
2207;83
2208;83
2209;83
2210;83
2211;83
2212;83
2213;83
2214;83
2215;83
2216;83
2217;83
2218;83
2219;83
2220;83
2221;83
2222;83
2223;83
2224;83
2225;83
2226;83
2227;83
2228;83
2229;83
2230;83
2231;83
2232;83
2233;83
2234;83
2235;83
2236;83
2237;83
2238;83
2239;83
2240;83
2241;83
2242;83
2243;83
2244;83
2245;83
2246;83
2247;83
2248;83
2249;83
2250;83
2251;83
2252;83
2253;83
2254;83
2255;83
2256;83
2257;83
2258;83
2259;83
2260;83
2261;83
2262;83
2263;83
2264;83
2265;83
2266;83
2267;83
2268;83
2269;83
2270;83
2271;83
2272;83
2273;83
2274;83
2275;83
2276;83
2277;83
2278;83
2279;83
2280;83
2281;83
2282;83
2283;83
2284;83
2285;83
2286;83
2287;83
2288;83
2289;83
2290;83
2291;83
2292;83
2293;83
2294;83
2295;83
2296;83
2297;83
2298;83
2299;83
2300;83
2301;83
2302;83
2303;83
2304;83
2305;83
2306;83
2307;83
2308;83
2309;83
2310;83
2311;83
2312;83
2313;83
2314;83
2315;83
2316;83
2317;83
2318;83
2319;83
2320;83
2321;83
2322;83
2323;83
2324;83
2325;83
2326;83
2327;83
2328;83
2329;83
2330;83
2331;83
2332;83
2333;83
2334;83
2335;83
2336;83
2337;83
2338;83
2339;83
2340;83
2341;83
2342;83
2343;83
2344;83
2345;83
2346;83
2347;83
2348;83
2349;83
2350;83
2351;83
2352;83
2353;83
2354;83
2355;83
2356;83
2357;83
2358;83
2359;83
2360;83
2361;83
2362;83
2363;83
2364;83
2365;83
2366;83
2367;83
2368;83
2369;83
2370;83
2371;83
2372;83
2373;83
2374;83
2375;83
2376;83
2377;83
2378;83
2379;83
2380;83
2381;83
2382;83
2383;83
2384;83
2385;83
2386;83
2387;83
2388;83
2389;83
2390;83
2391;83
2392;83
2393;83
2394;83
2395;83
2396;83
2397;83
2398;83
2399;83
2400;83
2401;83
2402;83
2403;83
2404;83
2405;83
2406;83
2407;83
2408;83
2409;83
2410;83
2411;83
2412;83
2413;83
2414;83
2415;83
2416;83
2417;83
2418;83
2419;83
2420;83
2421;83
2422;83
2423;83
2424;83
2425;83
2426;83
2427;83
2428;83
2429;83
2430;83
2431;83
2432;83
2433;83
2434;83
2435;83
2436;83
2437;83
2438;83
2439;83
2440;83
2441;83
2442;83
2443;83
2444;83
2445;83
2446;83
2447;83
2448;83
2449;83
2450;83
2451;83
2452;83
2453;83
2454;83
2455;83
2456;83
2457;83
2458;83
2459;83
2460;83
2461;83
2462;83
2463;83
2464;83
2465;83
2466;83
2467;83
2468;83
2469;83
2470;83
2471;83
2472;83
2473;83
2474;83
2475;83
2476;83
2477;83
2478;83
2479;83
2480;83
2481;83
2482;83
2483;83
2484;83
2485;83
2486;83
2487;83
2488;83
2489;83
2490;83
2491;83
2492;83
2493;83
2494;83
2495;83
2496;83
2497;83
2498;83
2499;83
2500;83
2501;83
2502;83
2503;83
2504;83
2505;83
2506;83
2507;83
2508;83
2509;83
2510;83
2511;83
2512;83
2513;83
2514;83
2515;83
2516;83
2517;83
2518;83
2519;83
2520;83
2521;83
2522;83
2523;83
2524;83
2525;83
2526;83
2527;83
2528;83
2529;83
2530;83
2531;83
2532;83
2533;83
2534;83
2535;83
2536;83
2537;83
2538;83
2539;83
2540;83
2541;83
2542;83
2543;83
2544;83
2545;83
2546;83
2547;83
2548;83
2549;83
2550;83
2551;83
2552;83
2553;83
2554;83
2555;83
2556;83
2557;83
2558;83
2559;83
2560;83
2561;83
2562;83
2563;83
2564;83
2565;83
2566;83
2567;83
2568;83
2569;83
2570;83
2571;83
2572;83
2573;83
2574;83
2575;83
2576;83
2577;83
2578;83
2579;83
2580;83
2581;83
2582;83
2583;83
2584;83
2585;83
2586;83
2587;83
2588;83
2589;83
2590;83
2591;83
2592;83
2593;83
2594;83
2595;83
2596;83
2597;83
2598;83
2599;83
2600;83
2601;83
2602;83
2603;83
2604;83
2605;83
2606;83
2607;83
2608;83
2609;83
2610;83
2611;83
2612;83
2613;83
2614;83
2615;83
2616;83
2617;83
2618;83
2619;83
2620;83
2621;83
2622;83
2623;83
2624;83
2625;83
2626;83
2627;83
2628;83
2629;83
2630;83
2631;83
2632;83
2633;83
2634;83
2635;83
2636;83
2637;83
2638;83
2639;83
2640;83
2641;83
2642;83
2643;83
2644;83
2645;83
2646;83
2647;83
2648;83
2649;83
2650;83
2651;83
2652;83
2653;83
2654;83
2655;83
2656;83
2657;83
2658;83
2659;83
2660;83
2661;83
2662;83
2663;83
2664;83
2665;83
2666;83
2667;83
2668;83
2669;83
2670;83
2671;83
2672;83
2673;83
2674;83
2675;83
2676;83
2677;83
2678;83
2679;83
2680;83
2681;83
2682;83
2683;83
2684;83
2685;83
2686;83
2687;83
2688;83
2689;83
2690;83
2691;83
2692;83
2693;83
2694;83
2695;83
2696;83
2697;83
2698;83
2699;83
2700;83
2701;83
2702;83
2703;83
2704;83
2705;83
2706;83
2707;83
2708;83
2709;83
2710;83
2711;83
2712;83
2713;83
2714;83
2715;83
2716;83
2717;83
2718;83
2719;83
2720;83
2721;83
2722;83
2723;83
2724;83
2725;83
2726;83
2727;83
2728;83
2729;83
2730;83
2731;83
2732;83
2733;83
2734;83
2735;83
2736;83
2737;83
2738;83
2739;83
2740;83
2741;83
2742;83
2743;83
2744;83
2745;83
2746;83
2747;83
2748;83
2749;83
2750;83
2751;83
2752;83
2753;83
2754;83
2755;83
2756;83
2757;83
2758;83
2759;83
2760;83
2761;83
2762;83
2763;83
2764;83
2765;83
2766;83
2767;83
2768;83
2769;83
2770;83
2771;83
2772;83
2773;83
2774;83
2775;83
2776;83
2777;83
2778;83
2779;83
2780;83
2781;83
2782;83
2783;83
2784;83
2785;83
2786;83
2787;83
2788;83
2789;83
2790;83
2791;83
2792;83
2793;83
2794;83
2795;83
2796;83
2797;83
2798;83
2799;83
2800;83
2801;83
2802;83
2803;83
2804;83
2805;83
2806;83
2807;83
2808;83
2809;83
2810;83
2811;83
2812;83
2813;83
2814;83
2815;83
2816;83
2817;83
2818;83
2819;83
2820;83
2821;83
2822;83
2823;83
2824;83
2825;83
2826;83
2827;83
2828;83
2829;83
2830;83
2831;83
2832;83
2833;83
2834;83
2835;83
2836;83
2837;83
2838;83
2839;83
2840;83
2841;83
2842;83
2843;83
2844;83
2845;83
2846;83
2847;83
2848;83
2849;83
2850;83
2851;83
2852;83
2853;83
2854;83
2855;83
2856;83
2857;83
2858;83
2859;83
2860;83
2861;83
2862;83
2863;83
2864;83
2865;83
2866;83
2867;83
2868;83
2869;83
2870;83
2871;83
2872;83
2873;83
2874;83
2875;83
2876;83
2877;83
2878;83
2879;83
2880;83
2881;83
2882;83
2883;83
2884;83
2885;83
2886;83
2887;83
2888;83
2889;83
2890;83
2891;83
2892;83
2893;83
2894;83
2895;83
2896;83
2897;83
2898;83
2899;83
2900;83
2901;83
2902;83
2903;83
2904;83
2905;83
2906;83
2907;83
2908;83
2909;83
2910;83
2911;83
2912;83
2913;83
2914;83
2915;83
2916;83
2917;83
2918;83
2919;83
2920;83
2921;83
2922;83
2923;83
2924;83
2925;83
2926;83
2927;83
2928;83
2929;83
2930;83
2931;83
2932;83
2933;83
2934;83
2935;83
2936;83
2937;83
2938;83
2939;83
2940;83
2941;83
2942;83
2943;83
2944;83
2945;83
2946;83
2947;83
2948;83
2949;83
2950;83
2951;83
2952;83
2953;83
2954;83
2955;83
2956;83
2957;83
2958;83
2959;83
2960;83
2961;83
2962;83
2963;83
2964;83
2965;83
2966;83
2967;83
2968;83
2969;83
2970;83
2971;83
2972;83
2973;83
2974;83
2975;83
2976;83
2977;83
2978;83
2979;83
2980;83
2981;83
2982;83
2983;83
2984;83
2985;83
2986;83
2987;83
2988;83
2989;83
2990;83
2991;83
2992;83
2993;83
2994;83
2995;83
2996;83
2997;83
2998;83
2999;83
3000;83
3001;83
3002;83
3003;83
3004;83
3005;83
3006;83
3007;83
3008;83
3009;83
3010;83
3011;83
3012;83
3013;83
3014;83
3015;83
3016;83
3017;83
3018;83
3019;83
3020;83
3021;83
3022;83
3023;83
3024;83
3025;83
3026;83
3027;83
3028;83
3029;83
3030;83
3031;83
3032;83
3033;83
3034;83
3035;83
3036;83
3037;83
3038;83
3039;83
3040;83
3041;83
3042;83
3043;83
3044;83
3045;83
3046;83
3047;83
3048;83
3049;83
3050;83
3051;83
3052;83
3053;83
3054;83
3055;83
3056;83
3057;83
3058;83
3059;83
3060;83
3061;83
3062;83
3063;83
3064;83
3065;83
3066;83
3067;83
3068;83
3069;83
3070;83
3071;83
3072;83
3073;83
3074;83
3075;83
3076;83
3077;83
3078;83
3079;83
3080;83
3081;83
3082;83
3083;83
3084;83
3085;83
3086;83
3087;83
3088;83
3089;83
3090;83
3091;83
3092;83
3093;83
3094;83
3095;83
3096;83
3097;83
3098;83
3099;83
3100;83
3101;83
3102;83
3103;83
3104;83
3105;83
3106;83
3107;83
3108;83
3109;83
3110;83
3111;83
3112;83
3113;83
3114;83
3115;83
3116;83
3117;83
3118;83
3119;83
3120;83
3121;83
3122;83
3123;83
3124;83
3125;83
3126;83
3127;83
3128;83
3129;83
3130;83
3131;83
3132;83
3133;83
3134;83
3135;83
3136;83
3137;83
3138;83
3139;83
3140;83
3141;83
3142;83
3143;83
3144;83
3145;83
3146;83
3147;83
3148;83
3149;83
3150;83
3151;83
3152;83
3153;83
3154;83
3155;83
3156;83
3157;83
3158;83
3159;83
3160;83
3161;83
3162;83
3163;83
3164;83
3165;83
3166;83
3167;83
3168;83
3169;83
3170;83
3171;83
3172;83
3173;83
3174;83
3175;83
3176;83
3177;83
3178;83
3179;83
3180;83
3181;83
3182;83
3183;83
3184;83
3185;83
3186;83
3187;83
3188;83
3189;83
3190;83
3191;83
3192;83
3193;83
3194;83
3195;83
3196;83
3197;83
3198;83
3199;83
3200;83
3201;83
3202;83
3203;83
3204;83
3205;83
3206;83
3207;83
3208;83
3209;83
3210;83
3211;83
3212;83
3213;83
3214;83
3215;83
3216;83
3217;83
3218;83
3219;83
3220;83
3221;83
3222;83
3223;83
3224;83
3225;83
3226;83
3227;83
3228;83
3229;83
3230;83
3231;83
3232;83
3233;83
3234;83
3235;83
3236;83
3237;83
3238;83
3239;83
3240;83
3241;83
3242;83
3243;83
3244;83
3245;83
3246;83
3247;83
3248;83
3249;83
3250;83
3251;83
3252;83
3253;83
3254;83
3255;83
3256;83
3257;83
3258;83
3259;83
3260;83
3261;83
3262;83
3263;83
3264;83
3265;83
3266;83
3267;83
3268;83
3269;83
3270;83
3271;83
3272;83
3273;83
3274;83
3275;83
3276;83
3277;83
3278;83
3279;83
3280;83
3281;83
3282;83
3283;83
3284;83
3285;83
3286;83
3287;83
3288;83
3289;83
3290;83
3291;83
3292;83
3293;83
3294;83
3295;83
3296;83
3297;83
3298;83
3299;83
3300;83
3301;83
3302;83
3303;83
3304;83
3305;83
3306;83
3307;83
3308;83
3309;83
3310;83
3311;83
3312;83
3313;83
3314;83
3315;83
3316;83
3317;83
3318;83
3319;83
3320;83
3321;83
3322;83
3323;83
3324;83
3325;83
3326;83
3327;83
3328;83
3329;83
3330;83
3331;83
3332;83
3333;83
3334;83
3335;83
3336;83
3337;83
3338;83
3339;83
3340;83
3341;83
3342;83
3343;83
3344;83
3345;83
3346;83
3347;83
3348;83
3349;83
3350;83
3351;83
3352;83
3353;83
3354;83
3355;83
3356;83
3357;83
3358;83
3359;83
3360;83
3361;83
3362;83
3363;83
3364;83
3365;83
3366;83
3367;83
3368;83
3369;83
3370;83
3371;83
3372;83
3373;83
3374;83
3375;83
3376;83
3377;83
3378;83
3379;83
3380;83
3381;83
3382;83
3383;83
3384;83
3385;83
3386;83
3387;83
3388;83
3389;83
3390;83
3391;83
3392;83
3393;83
3394;83
3395;83
3396;83
3397;83
3398;83
3399;83
3400;83
3401;83
3402;83
3403;83
3404;83
3405;83
3406;83
3407;83
3408;83
3409;83
3410;83
3411;83
3412;83
3413;83
3414;83
3415;83
3416;83
3417;83
3418;83
3419;83
3420;83
3421;83
3422;83
3423;83
3424;83
3425;83
3426;83
3427;83
3428;83
3429;83
3430;83
3431;83
3432;83
3433;83
3434;83
3435;83
3436;83
3437;83
3438;83
3439;83
3440;83
3441;83
3442;83
3443;83
3444;83
3445;83
3446;83
3447;83
3448;83
3449;83
3450;83
3451;83
3452;83
3453;83
3454;83
3455;83
3456;83
3457;83
3458;83
3459;83
3460;83
3461;83
3462;83
3463;83
3464;83
3465;83
3466;83
3467;83
3468;83
3469;83
3470;83
3471;83
3472;83
3473;83
3474;83
3475;83
3476;83
3477;83
3478;83
3479;83
3480;83
3481;83
3482;83
3483;83
3484;83
3485;83
3486;83
3487;83
3488;83
3489;83
3490;83
3491;83
3492;83
3493;83
3494;83
3495;83
3496;83
3497;83
3498;83
3499;83
3500;83
3501;83
3502;83
3503;83
3504;83
3505;83
3506;83
3507;83
3508;83
3509;83
3510;83
3511;83
3512;83
3513;83
3514;83
3515;83
3516;83
3517;83
3518;83
3519;83
3520;83
3521;83
3522;83
3523;83
3524;83
3525;83
3526;83
3527;83
3528;83
3529;83
3530;83
3531;83
3532;83
3533;83
3534;83
3535;83
3536;83
3537;83
3538;83
3539;83
3540;83
3541;83
3542;83
3543;83
3544;83
3545;83
3546;83
3547;83
3548;83
3549;83
3550;83
3551;83
3552;83
3553;83
3554;83
3555;83
3556;83
3557;83
3558;83
3559;83
3560;83
3561;83
3562;83
3563;83
3564;83
3565;83
3566;83
3567;83
3568;83
3569;83
3570;83
3571;83
3572;83
3573;83
3574;83
3575;83
3576;83
3577;83
3578;83
3579;83
3580;83
3581;83
3582;83
3583;83
3584;83
3585;83
3586;83
3587;83
3588;83
3589;83
3590;83
3591;83
3592;83
3593;83
3594;83
3595;83
3596;83
3597;83
3598;83
3599;83
3600;83
3601;83
3602;83
3603;83
3604;83
3605;83
3606;83
3607;83
3608;83
3609;83
3610;83
3611;83
3612;83
3613;83
3614;83
3615;83
3616;83
3617;83
3618;83
3619;83
3620;83
3621;83
3622;83
3623;83
3624;83
3625;83
3626;83
3627;83
3628;83
3629;83
3630;83
3631;83
3632;83
3633;83
3634;83
3635;83
3636;83
3637;83
3638;83
3639;83
3640;83
3641;83
3642;83
3643;83
3644;83
3645;83
3646;83
3647;83
3648;83
3649;83
3650;83
3651;83
3652;83
3653;83
3654;83
3655;83
3656;83
3657;83
3658;83
3659;83
3660;83
3661;83
3662;83
3663;83
3664;83
3665;83
3666;83
3667;83
3668;83
3669;83
3670;83
3671;83
3672;83
3673;83
3674;83
3675;83
3676;83
3677;83
3678;83
3679;83
3680;83
3681;83
3682;83
3683;83
3684;83
3685;83
3686;83
3687;83
3688;83
3689;83
3690;83
3691;83
3692;83
3693;83
3694;83
3695;83
3696;83
3697;83
3698;83
3699;83
3700;83
3701;83
3702;83
3703;83
3704;83
3705;83
3706;83
3707;83
3708;83
3709;83
3710;83
3711;83
3712;83
3713;83
3714;83
3715;83
3716;83
3717;83
3718;83
3719;83
3720;83
3721;83
3722;83
3723;83
3724;83
3725;83
3726;83
3727;83
3728;83
3729;83
3730;83
3731;83
3732;83
3733;83
3734;83
3735;83
3736;83
3737;83
3738;83
3739;83
3740;83
3741;83
3742;83
3743;83
3744;83
3745;83
3746;83
3747;83
3748;83
3749;83
3750;83
3751;83
3752;83
3753;83
3754;83
3755;83
3756;83
3757;83
3758;83
3759;83
3760;83
3761;83
3762;83
3763;83
3764;83
3765;83
3766;83
3767;83
3768;83
3769;83
3770;83
3771;83
3772;83
3773;83
3774;83
3775;83
3776;83
3777;83
3778;83
3779;83
3780;83
3781;83
3782;83
3783;83
3784;83
3785;83
3786;83
3787;83
3788;83
3789;83
3790;83
3791;83
3792;83
3793;83
3794;83
3795;83
3796;83
3797;83
3798;83
3799;83
3800;83
3801;83
3802;83
3803;83
3804;83
3805;83
3806;83
3807;83
3808;83
3809;83
3810;83
3811;83
3812;83
3813;83
3814;83
3815;83
3816;83
3817;83
3818;83
3819;83
3820;83
3821;83
3822;83
3823;83
3824;83
3825;83
3826;83
3827;83
3828;83
3829;83
3830;83
3831;83
3832;83
3833;83
3834;83
3835;83
3836;83
3837;83
3838;83
3839;83
3840;83
3841;83
3842;83
3843;83
3844;83
3845;83
3846;83
3847;83
3848;83
3849;83
3850;83
3851;83
3852;83
3853;83
3854;83
3855;83
3856;83
3857;83
3858;83
3859;83
3860;83
3861;83
3862;83
3863;83
3864;83
3865;83
3866;83
3867;83
3868;83
3869;83
3870;83
3871;83
3872;83
3873;83
3874;83
3875;83
3876;83
3877;83
3878;83
3879;83
3880;83
3881;83
3882;83
3883;83
3884;83
3885;83
3886;83
3887;83
3888;83
3889;83
3890;83
3891;83
3892;83
3893;83
3894;83
3895;83
3896;83
3897;83
3898;83
3899;83
3900;83
3901;83
3902;83
3903;83
3904;83
3905;83
3906;83
3907;83
3908;83
3909;83
3910;83
3911;83
3912;83
3913;83
3914;83
3915;83
3916;83
3917;83
3918;83
3919;83
3920;83
3921;83
3922;83
3923;83
3924;83
3925;83
3926;83
3927;83
3928;83
3929;83
3930;83
3931;83
3932;83
3933;83
3934;83
3935;83
3936;83
3937;83
3938;83
3939;83
3940;83
3941;83
3942;83
3943;83
3944;83
3945;83
3946;83
3947;83
3948;83
3949;83
3950;83
3951;83
3952;83
3953;83
3954;83
3955;83
3956;83
3957;83
3958;83
3959;83
3960;83
3961;83
3962;83
3963;83
3964;83
3965;83
3966;83
3967;83
3968;83
3969;83
3970;83
3971;83
3972;83
3973;83
3974;83
3975;83
3976;83
3977;83
3978;83
3979;83
3980;83
3981;83
3982;83
3983;83
3984;83
3985;83
3986;83
3987;83
3988;83
3989;83
3990;83
3991;83
3992;83
3993;83
3994;83
3995;83
3996;83
3997;83
3998;83
3999;83
4000;83
4001;83
4002;83
4003;83
4004;83
4005;83
4006;83
4007;83
4008;83
4009;83
4010;83
4011;83
4012;83
4013;83
4014;83
4015;83
4016;83
4017;83
4018;83
4019;83
4020;83
4021;83
4022;83
4023;83
4024;83
4025;83
4026;83
4027;83
4028;83
4029;83
4030;83
4031;83
4032;83
4033;83
4034;83
4035;83
4036;83
4037;83
4038;83
4039;83
4040;83
4041;83
4042;83
4043;83
4044;83
4045;83
4046;83
4047;83
4048;83
4049;83
4050;83
4051;83
4052;83
4053;83
4054;83
4055;83
4056;83
4057;83
4058;83
4059;83
4060;83
4061;83
4062;83
4063;83
4064;83
4065;83
4066;83
4067;83
4068;83
4069;83
4070;83
4071;83
4072;83
4073;83
4074;83
4075;83
4076;83
4077;83
4078;83
4079;83
4080;83
4081;83
4082;83
4083;83
4084;83
4085;83
4086;83
4087;83
4088;83
4089;83
4090;83
4091;83
4092;83
4093;83
4094;83
4095;83
4096;83
4097;83
4098;83
4099;83
4100;83
4101;83
4102;83
4103;83
4104;83
4105;83
4106;83
4107;83
4108;83
4109;83
4110;83
4111;83
4112;83
4113;83
4114;83
4115;83
4116;83
4117;83
4118;83
4119;83
4120;83
4121;83
4122;83
4123;83
4124;83
4125;83
4126;83
4127;83
4128;83
4129;83
4130;83
4131;83
4132;83
4133;83
4134;83
4135;83
4136;83
4137;83
4138;83
4139;83
4140;83
4141;83
4142;83
4143;83
4144;83
4145;83
4146;83
4147;83
4148;83
4149;83
4150;83
4151;83
4152;83
4153;83
4154;83
4155;83
4156;83
4157;83
4158;83
4159;83
4160;83
4161;83
4162;83
4163;83
4164;83
4165;83
4166;83
4167;83
4168;83
4169;83
4170;83
4171;83
4172;83
4173;83
4174;83
4175;83
4176;83
4177;83
4178;83
4179;83
4180;83
4181;83
4182;83
4183;83
4184;83
4185;83
4186;83
4187;83
4188;83
4189;83
4190;83
4191;83
4192;83
4193;83
4194;83
4195;83
4196;83
4197;83
4198;83
4199;83
4200;83
4201;83
4202;83
4203;83
4204;83
4205;83
4206;83
4207;83
4208;83
4209;83
4210;83
4211;83
4212;83
4213;83
4214;83
4215;83
4216;83
4217;83
4218;83
4219;83
4220;83
4221;83
4222;83
4223;83
4224;83
4225;83
4226;83
4227;83
4228;83
4229;83
4230;83
4231;83
4232;83
4233;83
4234;83
4235;83
4236;83
4237;83
4238;83
4239;83
4240;83
4241;83
4242;83
4243;83
4244;83
4245;83
4246;83
4247;83
4248;83
4249;83
4250;83
4251;83
4252;83
4253;83
4254;83
4255;83
4256;83
4257;83
4258;83
4259;83
4260;83
4261;83
4262;83
4263;83
4264;83
4265;83
4266;83
4267;83
4268;83
4269;83
4270;83
4271;83
4272;83
4273;83
4274;83
4275;83
4276;83
4277;83
4278;83
4279;83
4280;83
4281;83
4282;83
4283;83
4284;83
4285;83
4286;83
4287;83
4288;83
4289;83
4290;83
4291;83
4292;83
4293;83
4294;83
4295;83
4296;83
4297;83
4298;83
4299;83
4300;83
4301;83
4302;83
4303;83
4304;83
4305;83
4306;83
4307;83
4308;83
4309;83
4310;83
4311;83
4312;83
4313;83
4314;83
4315;83
4316;83
4317;83
4318;83
4319;83
4320;83
4321;83
4322;83
4323;83
4324;83
4325;83
4326;83
4327;83
4328;83
4329;83
4330;83
4331;83
4332;83
4333;83
4334;88
4335;88
4336;88
4337;88
4338;88
4339;88
4340;88
4341;88
4342;88
4343;88
4344;88
4345;88
4346;88
4347;88
4348;88
4349;88
4350;88
4351;88
4352;88
4353;88
4354;88
4355;88
4356;88
4357;88
4358;88
4359;88
4360;88
4361;88
4362;88
4363;88
4364;88
4365;88
4366;88
4367;88
4368;88
4369;88
4370;88
4371;88
4372;88
4373;88
4374;88
4375;88
4376;88
4377;88
4378;88
4379;88
4380;88
4381;88
4382;88
4383;88
4384;88
4385;88
4386;88
4387;88
4388;88
4389;88
4390;88
4391;88
4392;88
4393;88
4394;88
4395;88
4396;88
4397;88
4398;88
4399;88
4400;88
4401;88
4402;88
4403;88
4404;88
4405;88
4406;88
4407;88
4408;88
4409;88
4410;88
4411;88
4412;88
4413;88
4414;88
4415;88
4416;88
4417;88
4418;88
4419;88
4420;88
4421;88
4422;88
4423;88
4424;88
4425;88
4426;88
4427;88
4428;88
4429;88
4430;88
4431;88
4432;88
4433;88
4434;88
4435;88
4436;88
4437;88
4438;88
4439;88
4440;88
4441;88
4442;88
4443;88
4444;88
4445;88
4446;88
4447;88
4448;88
4449;88
4450;88
4451;88
4452;88
4453;88
4454;88
4455;88
4456;88
4457;88
4458;88
4459;88
4460;88
4461;88
4462;88
4463;88
4464;88
4465;88
4466;88
4467;88
4468;88
4469;88
4470;88
4471;88
4472;88
4473;88
4474;88
4475;88
4476;88
4477;88
4478;88
4479;88
4480;88
4481;88
4482;88
4483;88
4484;88
4485;88
4486;88
4487;88
4488;88
4489;88
4490;88
4491;88
4492;88
4493;88
4494;88
4495;88
4496;88
4497;88
4498;88
4499;88
4500;88
4501;88
4502;88
4503;88
4504;88
4505;88
4506;88
4507;88
4508;88
4509;88
4510;88
4511;88
4512;88
4513;88
4514;88
4515;88
4516;88
4517;88
4518;88
4519;88
4520;88
4521;88
4522;88
4523;88
4524;88
4525;88
4526;88
4527;88
4528;88
4529;88
4530;88
4531;88
4532;88
4533;88
4534;88
4535;88
4536;88
4537;88
4538;88
4539;88
4540;88
4541;88
4542;88
4543;88
4544;88
4545;88
4546;88
4547;88
4548;88
4549;88
4550;88
4551;88
4552;88
4553;88
4554;88
4555;88
4556;88
4557;88
4558;88
4559;88
4560;88
4561;88
4562;88
4563;88
4564;88
4565;88
4566;88
4567;88
4568;88
4569;88
4570;88
4571;88
4572;88
4573;88
4574;88
4575;88
4576;88
4577;88
4578;88
4579;88
4580;88
4581;88
4582;88
4583;88
4584;88
4585;88
4586;88
4587;88
4588;88
4589;88
4590;88
4591;88
4592;88
4593;88
4594;88
4595;88
4596;88
4597;88
4598;88
4599;88
4600;88
4601;88
4602;88
4603;88
4604;88
4605;88
4606;88
4607;88
4608;88
4609;88
4610;88
4611;88
4612;88
4613;88
4614;88
4615;88
4616;88
4617;88
4618;88
4619;88
4620;88
4621;88
4622;88
4623;88
4624;88
4625;88
4626;88
4627;88
4628;88
4629;88
4630;88
4631;88
4632;88
4633;88
4634;88
4635;88
4636;88
4637;88
4638;88
4639;88
4640;88
4641;88
4642;88
4643;88
4644;88
4645;88
4646;88
4647;88
4648;88
4649;88
4650;88
4651;88
4652;88
4653;88
4654;88
4655;88
4656;88
4657;88
4658;88
4659;88
4660;88
4661;88
4662;88
4663;88
4664;88
4665;88
4666;88
4667;88
4668;88
4669;88
4670;88
4671;88
4672;88
4673;88
4674;88
4675;88
4676;88
4677;88
4678;88
4679;88
4680;88
4681;88
4682;88
4683;88
4684;88
4685;88
4686;88
4687;88
4688;88
4689;88
4690;88
4691;88
4692;88
4693;88
4694;88
4695;88
4696;88
4697;88
4698;88
4699;88
4700;88
4701;88
4702;88
4703;88
4704;88
4705;88
4706;88
4707;88
4708;88
4709;88
4710;88
4711;88
4712;88
4713;88
4714;88
4715;88
4716;88
4717;88
4718;88
4719;88
4720;88
4721;88
4722;88
4723;88
4724;88
4725;88
4726;88
4727;88
4728;88
4729;88
4730;88
4731;88
4732;88
4733;88
4734;88
4735;88
4736;88
4737;88
4738;88
4739;88
4740;88
4741;88
4742;88
4743;88
4744;88
4745;88
4746;88
4747;88
4748;88
4749;88
4750;88
4751;88
4752;88
4753;88
4754;88
4755;88
4756;88
4757;88
4758;88
4759;88
4760;88
4761;88
4762;88
4763;88
4764;88
4765;88
4766;88
4767;88
4768;88
4769;88
4770;88
4771;88
4772;88
4773;88
4774;88
4775;88
4776;88
4777;88
4778;88
4779;88
4780;88
4781;88
4782;88
4783;88
4784;88
4785;88
4786;88
4787;88
4788;88
4789;88
4790;88
4791;88
4792;88
4793;88
4794;88
4795;88
4796;88
4797;88
4798;88
4799;88
4800;88
4801;88
4802;88
4803;88
4804;88
4805;88
4806;88
4807;88
4808;88
4809;88
4810;88
4811;88
4812;88
4813;88
4814;88
4815;88
4816;88
4817;88
4818;88
4819;88
4820;88
4821;88
4822;88
4823;88
4824;88
4825;88
4826;88
4827;88
4828;88
4829;88
4830;88
4831;88
4832;88
4833;88
4834;88
4835;88
4836;88
4837;88
4838;88
4839;88
4840;88
4841;88
4842;88
4843;88
4844;88
4845;88
4846;88
4847;88
4848;88
4849;88
4850;88
4851;88
4852;88
4853;88
4854;88
4855;88
4856;88
4857;88
4858;88
4859;88
4860;88
4861;88
4862;88
4863;88
4864;88
4865;88
4866;88
4867;88
4868;88
4869;88
4870;88
4871;88
4872;88
4873;88
4874;88
4875;88
4876;88
4877;88
4878;88
4879;88
4880;88
4881;88
4882;88
4883;88
4884;88
4885;88
4886;88
4887;88
4888;88
4889;88
4890;88
4891;88
4892;88
4893;88
4894;88
4895;88
4896;88
4897;88
4898;88
4899;88
4900;88
4901;88
4902;88
4903;88
4904;88
4905;88
4906;88
4907;88
4908;88
4909;88
4910;88
4911;88
4912;88
4913;88
4914;88
4915;88
4916;88
4917;88
4918;88
4919;88
4920;88
4921;88
4922;88
4923;88
4924;88
4925;88
4926;88
4927;88
4928;88
4929;88
4930;88
4931;88
4932;88
4933;88
4934;88
4935;88
4936;88
4937;88
4938;88
4939;88
4940;88
4941;88
4942;88
4943;88
4944;88
4945;88
4946;88
4947;88
4948;88
4949;88
4950;88
4951;88
4952;88
4953;88
4954;88
4955;88
4956;88
4957;88
4958;88
4959;88
4960;88
4961;88
4962;88
4963;88
4964;88
4965;88
4966;88
4967;88
4968;88
4969;88
4970;88
4971;88
4972;88
4973;88
4974;88
4975;88
4976;88
4977;88
4978;88
4979;88
4980;88
4981;88
4982;88
4983;88
4984;88
4985;88
4986;88
4987;88
4988;88
4989;88
4990;88
4991;88
4992;88
4993;88
4994;88
4995;88
4996;88
4997;88
4998;88
4999;88
5000;88
5001;88
5002;88
5003;88
5004;88
5005;88
5006;88
5007;88
5008;88
5009;88
5010;88
5011;88
5012;88
5013;88
5014;88
5015;88
5016;88
5017;88
5018;88
5019;88
5020;88
5021;88
5022;88
5023;88
5024;88
5025;88
5026;88
5027;88
5028;88
5029;88
5030;88
5031;88
5032;88
5033;88
5034;88
5035;88
5036;88
5037;88
5038;88
5039;88
5040;88
5041;88
5042;88
5043;88
5044;88
5045;88
5046;88
5047;88
5048;88
5049;88
5050;88
5051;88
5052;88
5053;88
5054;88
5055;88
5056;88
5057;88
5058;88
5059;88
5060;88
5061;88
5062;88
5063;88
5064;88
5065;88
5066;88
5067;88
5068;88
5069;88
5070;88
5071;88
5072;88
5073;88
5074;88
5075;88
5076;88
5077;88
5078;88
5079;88
5080;88
5081;88
5082;88
5083;88
5084;88
5085;88
5086;88
5087;88
5088;88
5089;88
5090;88
5091;88
5092;88
5093;88
5094;88
5095;88
5096;88
5097;88
5098;88
5099;88
5100;88
5101;88
5102;88
5103;88
5104;88
5105;88
5106;88
5107;88
5108;88
5109;88
5110;88
5111;88
5112;88
5113;88
5114;88
5115;88
5116;88
5117;88
5118;88
5119;88
5120;88
5121;88
5122;88
5123;88
5124;88
5125;88
5126;88
5127;88
5128;88
5129;88
5130;88
5131;88
5132;88
5133;88
5134;88
5135;88
5136;88
5137;88
5138;88
5139;88
5140;88
5141;88
5142;88
5143;88
5144;88
5145;88
5146;88
5147;88
5148;88
5149;88
5150;88
5151;88
5152;88
5153;88
5154;88
5155;88
5156;88
5157;88
5158;88
5159;88
5160;88
5161;88
5162;88
5163;88
5164;88
5165;88
5166;88
5167;88
5168;88
5169;88
5170;88
5171;88
5172;88
5173;88
5174;88
5175;88
5176;88
5177;88
5178;88
5179;88
5180;88
5181;88
5182;88
5183;88
5184;88
5185;88
5186;88
5187;88
5188;88
5189;88
5190;88
5191;88
5192;88
5193;88
5194;88
5195;88
5196;88
5197;88
5198;88
5199;88
5200;88
5201;88
5202;88
5203;88
5204;88
5205;88
5206;88
5207;88
5208;88
5209;88
5210;88
5211;88
5212;88
5213;88
5214;88
5215;88
5216;88
5217;88
5218;88
5219;88
5220;88
5221;88
5222;88
5223;88
5224;88
5225;88
5226;88
5227;88
5228;88
5229;88
5230;88
5231;88
5232;88
5233;88
5234;88
5235;88
5236;88
5237;88
5238;88
5239;88
5240;88
5241;88
5242;88
5243;88
5244;88
5245;88
5246;88
5247;88
5248;88
5249;88
5250;88
5251;88
5252;88
5253;88
5254;88
5255;88
5256;88
5257;88
5258;88
5259;88
5260;88
5261;88
5262;88
5263;88
5264;88
5265;88
5266;88
5267;88
5268;88
5269;88
5270;88
5271;88
5272;88
5273;88
5274;88
5275;88
5276;88
5277;88
5278;88
5279;88
5280;88
5281;88
5282;88
5283;88
5284;88
5285;88
5286;88
5287;88
5288;88
5289;88
5290;88
5291;88
5292;88
5293;88
5294;88
5295;88
5296;88
5297;88
5298;88
5299;88
5300;88
5301;88
5302;88
5303;88
5304;88
5305;88
5306;88
5307;88
5308;88
5309;88
5310;88
5311;88
5312;88
5313;88
5314;88
5315;88
5316;88
5317;88
5318;88
5319;88
5320;88
5321;88
5322;88
5323;88
5324;88
5325;88
5326;88
5327;88
5328;88
5329;88
5330;88
5331;88
5332;88
5333;88
5334;88
5335;88
5336;88
5337;88
5338;88
5339;88
5340;88
5341;88
5342;88
5343;88
5344;88
5345;88
5346;88
5347;88
5348;88
5349;88
5350;88
5351;88
5352;88
5353;88
5354;88
5355;88
5356;88
5357;88
5358;88
5359;88
5360;88
5361;88
5362;88
5363;88
5364;88
5365;88
5366;88
5367;88
5368;88
5369;88
5370;88
5371;88
5372;88
5373;88
5374;88
5375;88
5376;88
5377;88
5378;88
5379;88
5380;88
5381;88
5382;88
5383;88
5384;88
5385;88
5386;88
5387;88
5388;88
5389;88
5390;88
5391;88
5392;88
5393;88
5394;88
5395;88
5396;88
5397;88
5398;88
5399;88
5400;88
5401;88
5402;88
5403;88
5404;88
5405;88
5406;88
5407;88
5408;88
5409;88
5410;88
5411;88
5412;88
5413;88
5414;88
5415;88
5416;88
5417;88
5418;88
5419;88
5420;88
5421;88
5422;88
5423;88
5424;88
5425;88
5426;88
5427;88
5428;88
5429;88
5430;88
5431;88
5432;88
5433;88
5434;88
5435;88
5436;88
5437;88
5438;88
5439;88
5440;88
5441;88
5442;88
5443;88
5444;88
5445;88
5446;88
5447;88
5448;88
5449;88
5450;88
5451;88
5452;88
5453;88
5454;88
5455;88
5456;88
5457;88
5458;88
5459;88
5460;88
5461;88
5462;88
5463;88
5464;88
5465;88
5466;88
5467;88
5468;88
5469;88
5470;88
5471;88
5472;88
5473;88
5474;88
5475;88
5476;88
5477;88
5478;88
5479;88
5480;88
5481;88
5482;88
5483;88
5484;88
5485;88
5486;88
5487;88
5488;88
5489;88
5490;88
5491;88
5492;88
5493;88
5494;88
5495;88
5496;88
5497;88
5498;88
5499;88
5500;88
5501;88
5502;88
5503;88
5504;88
5505;88
5506;88
5507;88
5508;88
5509;88
5510;88
5511;88
5512;88
5513;88
5514;88
5515;88
5516;88
5517;88
5518;88
5519;88
5520;88
5521;88
5522;88
5523;88
5524;88
5525;88
5526;88
5527;88
5528;88
5529;88
5530;88
5531;88
5532;88
5533;88
5534;88
5535;88
5536;88
5537;88
5538;88
5539;88
5540;88
5541;88
5542;88
5543;88
5544;88
5545;88
5546;88
5547;88
5548;88
5549;88
5550;88
5551;88
5552;88
5553;88
5554;88
5555;88
5556;88
5557;88
5558;88
5559;88
5560;88
5561;88
5562;88
5563;88
5564;88
5565;88
5566;88
5567;88
5568;88
5569;88
5570;88
5571;88
5572;88
5573;88
5574;88
5575;88
5576;88
5577;88
5578;88
5579;88
5580;88
5581;88
5582;88
5583;88
5584;88
5585;88
5586;88
5587;88
5588;88
5589;88
5590;88
5591;88
5592;88
5593;88
5594;88
5595;88
5596;88
5597;88
5598;88
5599;88
5600;88
5601;88
5602;88
5603;88
5604;88
5605;88
5606;88
5607;88
5608;88
5609;88
5610;88
5611;88
5612;88
5613;88
5614;88
5615;88
5616;88
5617;88
5618;88
5619;88
5620;88
5621;88
5622;88
5623;88
5624;88
5625;88
5626;88
5627;88
5628;88
5629;88
5630;88
5631;88
5632;88
5633;88
5634;88
5635;88
5636;88
5637;88
5638;88
5639;88
5640;88
5641;88
5642;88
5643;88
5644;88
5645;88
5646;88
5647;88
5648;88
5649;88
5650;88
5651;88
5652;88
5653;88
5654;88
5655;88
5656;88
5657;88
5658;88
5659;88
5660;88
5661;88
5662;88
5663;88
5664;88
5665;88
5666;88
5667;88
5668;88
5669;88
5670;88
5671;88
5672;88
5673;88
5674;88
5675;88
5676;88
5677;88
5678;88
5679;88
5680;88
5681;88
5682;88
5683;88
5684;88
5685;88
5686;88
5687;88
5688;88
5689;88
5690;88
5691;88
5692;88
5693;88
5694;88
5695;88
5696;88
5697;88
5698;88
5699;88
5700;88
5701;88
5702;88
5703;88
5704;88
5705;88
5706;88
5707;88
5708;88
5709;88
5710;88
5711;88
5712;88
5713;88
5714;88
5715;88
5716;88
5717;88
5718;88
5719;88
5720;88
5721;88
5722;88
5723;88
5724;88
5725;88
5726;88
5727;88
5728;88
5729;88
5730;88
5731;88
5732;88
5733;88
5734;88
5735;88
5736;88
5737;88
5738;88
5739;88
5740;88
5741;88
5742;88
5743;88
5744;88
5745;88
5746;88
5747;88
5748;88
5749;88
5750;88
5751;88
5752;88
5753;88
5754;88
5755;88
5756;88
5757;88
5758;88
5759;88
5760;88
5761;88
5762;88
5763;88
5764;88
5765;88
5766;88
5767;88
5768;88
5769;88
5770;88
5771;88
5772;88
5773;88
5774;88
5775;88
5776;88
5777;88
5778;88
5779;88
5780;88
5781;88
5782;88
5783;88
5784;88
5785;88
5786;88
5787;88
5788;88
5789;88
5790;88
5791;88
5792;88
5793;88
5794;88
5795;88
5796;88
5797;88
5798;88
5799;88
5800;88
5801;88
5802;88
5803;88
5804;88
5805;88
5806;88
5807;88
5808;88
5809;88
5810;88
5811;88
5812;88
5813;88
5814;88
5815;88
5816;88
5817;88
5818;88
5819;88
5820;88
5821;88
5822;88
5823;88
5824;88
5825;88
5826;88
5827;88
5828;88
5829;88
5830;88
5831;88
5832;88
5833;88
5834;88
5835;88
5836;88
5837;88
5838;88
5839;88
5840;88
5841;88
5842;88
5843;88
5844;88
5845;88
5846;88
5847;88
5848;88
5849;88
5850;88
5851;88
5852;88
5853;88
5854;88
5855;88
5856;88
5857;88
5858;88
5859;88
5860;88
5861;88
5862;88
5863;88
5864;88
5865;88
5866;88
5867;88
5868;88
5869;88
5870;88
5871;88
5872;88
5873;88
5874;88
5875;88
5876;88
5877;88
5878;88
5879;88
5880;88
5881;88
5882;88
5883;88
5884;88
5885;88
5886;88
5887;88
5888;88
5889;88
5890;88
5891;88
5892;88
5893;88
5894;88
5895;88
5896;88
5897;88
5898;88
5899;88
5900;88
5901;88
5902;88
5903;88
5904;88
5905;88
5906;88
5907;88
5908;88
5909;88
5910;88
5911;88
5912;88
5913;88
5914;88
5915;88
5916;88
5917;88
5918;88
5919;88
5920;88
5921;88
5922;88
5923;88
5924;88
5925;88
5926;88
5927;88
5928;88
5929;88
5930;88
5931;88
5932;88
5933;88
5934;88
5935;88
5936;88
5937;88
5938;88
5939;88
5940;88
5941;88
5942;88
5943;88
5944;88
5945;88
5946;88
5947;88
5948;88
5949;88
5950;88
5951;88
5952;88
5953;88
5954;88
5955;88
5956;88
5957;88
5958;88
5959;88
5960;88
5961;88
5962;88
5963;88
5964;88
5965;88
5966;88
5967;88
5968;88
5969;88
5970;88
5971;88
5972;88
5973;88
5974;88
5975;88
5976;88
5977;88
5978;88
5979;88
5980;88
5981;88
5982;88
5983;88
5984;88
5985;88
5986;88
5987;88
5988;88
5989;88
5990;88
5991;88
5992;88
5993;88
5994;88
5995;88
5996;88
5997;88
5998;88
5999;88
6000;88
6001;88
6002;88
6003;88
6004;88
6005;88
6006;88
6007;88
6008;88
6009;88
6010;88
6011;88
6012;88
6013;88
6014;88
6015;88
6016;88
6017;88
6018;88
6019;88
6020;88
6021;88
6022;88
6023;88
6024;88
6025;88
6026;88
6027;88
6028;88
6029;88
6030;88
6031;88
6032;88
6033;88
6034;88
6035;88
6036;88
6037;88
6038;88
6039;88
6040;88
6041;88
6042;88
6043;88
6044;88
6045;88
6046;88
6047;88
6048;88
6049;88
6050;88
6051;88
6052;88
6053;88
6054;88
6055;88
6056;88
6057;88
6058;88
6059;88
6060;88
6061;88
6062;88
6063;88
6064;88
6065;88
6066;88
6067;88
6068;88
6069;88
6070;88
6071;88
6072;88
6073;88
6074;88
6075;88
6076;88
6077;88
6078;88
6079;88
6080;88
6081;88
6082;88
6083;88
6084;88
6085;88
6086;88
6087;88
6088;88
6089;88
6090;88
6091;88
6092;88
6093;88
6094;88
6095;88
6096;88
6097;88
6098;88
6099;88
6100;88
6101;88
6102;88
6103;88
6104;88
6105;88
6106;88
6107;88
6108;88
6109;88
6110;88
6111;88
6112;88
6113;88
6114;88
6115;88
6116;88
6117;88
6118;88
6119;88
6120;88
6121;88
6122;88
6123;88
6124;88
6125;88
6126;88
6127;88
6128;88
6129;88
6130;88
6131;88
6132;88
6133;88
6134;88
6135;88
6136;88
6137;88
6138;88
6139;88
6140;88
6141;88
6142;88
6143;88
6144;88
6145;88
6146;88
6147;88
6148;88
6149;88
6150;88
6151;88
6152;88
6153;88
6154;88
6155;88
6156;88
6157;88
6158;88
6159;88
6160;88
6161;88
6162;88
6163;88
6164;88
6165;88
6166;88
6167;88
6168;88
6169;88
6170;88
6171;88
6172;88
6173;88
6174;88
6175;88
6176;88
6177;88
6178;88
6179;88
6180;88
6181;88
6182;88
6183;88
6184;88
6185;88
6186;88
6187;88
6188;88
6189;88
6190;88
6191;88
6192;88
6193;88
6194;88
6195;88
6196;88
6197;88
6198;88
6199;88
6200;88
6201;88
6202;88
6203;88
6204;88
6205;88
6206;88
6207;88
6208;88
6209;88
6210;88
6211;88
6212;88
6213;88
6214;88
6215;88
6216;88
6217;88
6218;88
6219;88
6220;88
6221;88
6222;88
6223;88
6224;88
6225;88
6226;88
6227;88
6228;88
6229;88
6230;88
6231;88
6232;88
6233;88
6234;88
6235;88
6236;88
6237;88
6238;88
6239;88
6240;88
6241;88
6242;88
6243;88
6244;88
6245;88
6246;88
6247;88
6248;88
6249;88
6250;88
6251;88
6252;88
6253;88
6254;88
6255;88
6256;88
6257;88
6258;88
6259;88
6260;88
6261;88
6262;88
6263;88
6264;88
6265;88
6266;88
6267;88
6268;88
6269;88
6270;88
6271;88
6272;88
6273;88
6274;88
6275;88
6276;88
6277;88
6278;88
6279;88
6280;88
6281;88
6282;88
6283;88
6284;88
6285;88
6286;88
6287;88
6288;88
6289;88
6290;88
6291;88
6292;88
6293;88
6294;88
6295;88
6296;88
6297;88
6298;88
6299;88
6300;88
6301;88
6302;88
6303;88
6304;88
6305;88
6306;88
6307;88
6308;88
6309;88
6310;88
6311;88
6312;88
6313;88
6314;88
6315;88
6316;88
6317;88
6318;88
6319;88
6320;88
6321;88
6322;88
6323;88
6324;88
6325;88
6326;88
6327;88
6328;88
6329;88
6330;88
6331;88
6332;88
6333;88
6334;88
6335;88
6336;88
6337;88
6338;88
6339;88
6340;88
6341;88
6342;88
6343;88
6344;88
6345;88
6346;88
6347;88
6348;88
6349;88
6350;88
6351;88
6352;88
6353;88
6354;88
6355;88
6356;88
6357;88
6358;88
6359;88
6360;88
6361;88
6362;88
6363;88
6364;88
6365;88
6366;88
6367;88
6368;88
6369;88
6370;88
6371;88
6372;88
6373;88
6374;88
6375;88
6376;88
6377;88
6378;88
6379;88
6380;88
6381;88
6382;88
6383;88
6384;88
6385;88
6386;88
6387;88
6388;88
6389;88
6390;88
6391;88
6392;88
6393;88
6394;88
6395;88
6396;88
6397;88
6398;88
6399;88
6400;88
6401;88
6402;88
6403;88
6404;88
6405;88
6406;88
6407;88
6408;88
6409;88
6410;88
6411;88
6412;88
6413;88
6414;88
6415;88
6416;88
6417;88
6418;88
6419;88
6420;88
6421;88
6422;88
6423;88
6424;88
6425;88
6426;88
6427;88
6428;88
6429;88
6430;88
6431;88
6432;88
6433;88
6434;88
6435;88
6436;88
6437;88
6438;88
6439;88
6440;88
6441;88
6442;88
6443;88
6444;88
6445;88
6446;88
6447;88
6448;88
6449;88
6450;88
6451;88
6452;88
6453;88
6454;88
6455;88
6456;88
6457;88
6458;88
6459;88
6460;88
6461;88
6462;88
6463;88
6464;88
6465;88
6466;88
6467;88
6468;88
6469;88
6470;88
6471;88
6472;88
6473;88
6474;88
6475;88
6476;88
6477;88
6478;88
6479;88
6480;88
6481;88
6482;88
6483;88
6484;88
6485;88
6486;88
6487;88
6488;88
6489;88
6490;88
6491;88
6492;88
6493;88
6494;88
6495;88
6496;88
6497;88
6498;88
6499;88
6500;88
6501;88
6502;88
6503;88
6504;88
6505;88
6506;88
6507;88
6508;88
6509;88
6510;88
6511;88
6512;88
6513;88
6514;88
6515;88
6516;88
6517;88
6518;88
6519;88
6520;88
6521;88
6522;88
6523;88
6524;88
6525;88
6526;88
6527;88
6528;88
6529;88
6530;88
6531;88
6532;88
6533;88
6534;88
6535;88
6536;88
6537;88
6538;88
6539;88
6540;88
6541;88
6542;88
6543;88
6544;88
6545;88
6546;88
6547;88
6548;88
6549;88
6550;88
6551;88
6552;88
6553;88
6554;88
6555;88
6556;88
6557;88
6558;88
6559;88
6560;88
6561;88
6562;88
6563;88
6564;88
6565;88
6566;88
6567;88
6568;88
6569;88
6570;88
6571;88
6572;88
6573;88
6574;88
6575;88
6576;88
6577;88
6578;88
6579;88
6580;88
6581;88
6582;88
6583;88
6584;88
6585;88
6586;88
6587;88
6588;88
6589;88
6590;88
6591;88
6592;88
6593;88
6594;88
6595;88
6596;88
6597;88
6598;88
6599;88
6600;88
6601;88
6602;88
6603;88
6604;88
6605;88
6606;88
6607;88
6608;88
6609;88
6610;88
6611;88
6612;88
6613;88
6614;88
6615;88
6616;88
6617;88
6618;88
6619;88
6620;88
6621;88
6622;88
6623;88
6624;88
6625;88
6626;88
6627;88
6628;88
6629;88
6630;88
6631;88
6632;88
6633;88
6634;88
6635;88
6636;88
6637;88
6638;88
6639;88
6640;88
6641;88
6642;88
6643;88
6644;88
6645;88
6646;88
6647;88
6648;88
6649;88
6650;88
6651;88
6652;88
6653;88
6654;88
6655;88
6656;88
6657;88
6658;88
6659;88
6660;88
6661;88
6662;88
6663;88
6664;88
6665;88
6666;88
6667;88
6668;88
6669;88
6670;88
6671;88
6672;88
6673;88
6674;88
6675;88
6676;88
6677;88
6678;88
6679;88
6680;88
6681;88
6682;88
6683;88
6684;88
6685;88
6686;88
6687;88
6688;88
6689;88
6690;88
6691;88
6692;88
6693;88
6694;88
6695;88
6696;88
6697;88
6698;88
6699;88
6700;88
6701;88
6702;88
6703;88
6704;88
6705;88
6706;88
6707;88
6708;88
6709;88
6710;88
6711;88
6712;88
6713;88
6714;88
6715;88
6716;88
6717;88
6718;88
6719;88
6720;88
6721;88
6722;88
6723;88
6724;88
6725;88
6726;88
6727;88
6728;88
6729;88
6730;88
6731;88
6732;88
6733;88
6734;88
6735;88
6736;88
6737;88
6738;88
6739;88
6740;88
6741;88
6742;88
6743;88
6744;88
6745;88
6746;88
6747;88
6748;88
6749;88
6750;88
6751;88
6752;88
6753;88
6754;88
6755;88
6756;88
6757;88
6758;88
6759;88
6760;88
6761;88
6762;88
6763;88
6764;88
6765;88
6766;88
6767;88
6768;88
6769;88
6770;88
6771;88
6772;88
6773;88
6774;88
6775;88
6776;88
6777;88
6778;88
6779;88
6780;88
6781;88
6782;88
6783;88
6784;88
6785;88
6786;88
6787;88
6788;88
6789;88
6790;88
6791;88
6792;88
6793;88
6794;88
6795;88
6796;88
6797;88
6798;88
6799;88
6800;88
6801;88
6802;88
6803;88
6804;88
6805;88
6806;88
6807;88
6808;88
6809;88
6810;88
6811;88
6812;88
6813;88
6814;88
6815;88
6816;88
6817;88
6818;88
6819;88
6820;88
6821;88
6822;88
6823;88
6824;88
6825;88
6826;88
6827;88
6828;88
6829;88
6830;88
6831;88
6832;88
6833;88
6834;88
6835;88
6836;88
6837;88
6838;88
6839;88
6840;88
6841;88
6842;88
6843;88
6844;88
6845;88
6846;88
6847;88
6848;88
6849;88
6850;88
6851;88
6852;88
6853;88
6854;88
6855;88
6856;88
6857;88
6858;88
6859;88
6860;88
6861;88
6862;88
6863;88
6864;88
6865;88
6866;88
6867;88
6868;88
6869;88
6870;88
6871;88
6872;88
6873;88
6874;88
6875;88
6876;88
6877;88
6878;88
6879;88
6880;88
6881;88
6882;88
6883;88
6884;88
6885;88
6886;88
6887;88
6888;88
6889;88
6890;88
6891;88
6892;88
6893;88
6894;88
6895;88
6896;88
6897;88
6898;88
6899;88
6900;88
6901;88
6902;88
6903;88
6904;88
6905;88
6906;88
6907;88
6908;88
6909;88
6910;88
6911;88
6912;88
6913;88
6914;88
6915;88
6916;88
6917;88
6918;88
6919;88
6920;88
6921;88
6922;88
6923;88
6924;88
6925;88
6926;88
6927;88
6928;88
6929;88
6930;88
6931;88
6932;88
6933;88
6934;88
6935;88
6936;88
6937;88
6938;88
6939;88
6940;88
6941;88
6942;88
6943;88
6944;88
6945;88
6946;88
6947;88
6948;88
6949;88
6950;88
6951;88
6952;88
6953;88
6954;88
6955;88
6956;88
6957;88
6958;88
6959;88
6960;88
6961;88
6962;88
6963;88
6964;88
6965;88
6966;88
6967;88
6968;88
6969;88
6970;88
6971;88
6972;88
6973;88
6974;88
6975;88
6976;88
6977;88
6978;88
6979;88
6980;88
6981;88
6982;88
6983;88
6984;88
6985;88
6986;88
6987;88
6988;88
6989;88
6990;88
6991;88
6992;88
6993;88
6994;88
6995;88
6996;88
6997;88
6998;88
6999;88
7000;88
7001;88
7002;88
7003;88
7004;88
7005;88
7006;88
7007;88
7008;88
7009;88
7010;88
7011;88
7012;88
7013;88
7014;88
7015;88
7016;88
7017;88
7018;88
7019;88
7020;88
7021;88
7022;88
7023;88
7024;88
7025;88
7026;88
7027;88
7028;88
7029;88
7030;88
7031;88
7032;88
7033;88
7034;88
7035;88
7036;88
7037;88
7038;88
7039;88
7040;88
7041;88
7042;88
7043;88
7044;88
7045;88
7046;88
7047;88
7048;88
7049;88
7050;88
7051;88
7052;88
7053;88
7054;88
7055;88
7056;88
7057;88
7058;88
7059;88
7060;88
7061;88
7062;88
7063;88
7064;88
7065;88
7066;88
7067;88
7068;88
7069;88
7070;88
7071;88
7072;88
7073;88
7074;88
7075;88
7076;88
7077;88
7078;88
7079;88
7080;88
7081;88
7082;88
7083;88
7084;88
7085;88
7086;88
7087;88
7088;88
7089;88
7090;88
7091;88
7092;88
7093;88
7094;88
7095;88
7096;88
7097;88
7098;88
7099;88
7100;88
7101;88
7102;88
7103;88
7104;88
7105;88
7106;88
7107;88
7108;88
7109;88
7110;88
7111;88
7112;88
7113;88
7114;88
7115;88
7116;88
7117;88
7118;88
7119;88
7120;88
7121;88
7122;88
7123;88
7124;88
7125;88
7126;88
7127;88
7128;88
7129;88
7130;88
7131;88
7132;88
7133;88
7134;88
7135;88
7136;88
7137;88
7138;88
7139;88
7140;88
7141;88
7142;88
7143;88
7144;88
7145;88
7146;88
7147;88
7148;88
7149;88
7150;88
7151;88
7152;88
7153;88
7154;88
7155;88
7156;88
7157;88
7158;88
7159;88
7160;88
7161;88
7162;88
7163;88
7164;88
7165;88
7166;88
7167;88
7168;88
7169;88
7170;88
7171;88
7172;88
7173;88
7174;88
7175;88
7176;88
7177;88
7178;88
7179;88
7180;88
7181;88
7182;88
7183;88
7184;88
7185;88
7186;88
7187;88
7188;88
7189;88
7190;88
7191;88
7192;88
7193;88
7194;88
7195;88
7196;88
7197;88
7198;88
7199;88
7200;88
7201;88
7202;88
7203;88
7204;88
7205;88
7206;88
7207;88
7208;88
7209;88
7210;88
7211;88
7212;88
7213;88
7214;88
7215;88
7216;88
7217;88
7218;88
7219;88
7220;88
7221;88
7222;88
7223;88
7224;88
7225;88
7226;88
7227;88
7228;88
7229;88
7230;88
7231;88
7232;88
7233;88
7234;88
7235;88
7236;88
7237;88
7238;88
7239;88
7240;88
7241;88
7242;88
7243;88
7244;88
7245;88
7246;88
7247;88
7248;88
7249;88
7250;88
7251;88
7252;88
7253;88
7254;88
7255;88
7256;88
7257;88
7258;88
7259;88
7260;88
7261;88
7262;88
7263;88
7264;88
7265;88
7266;88
7267;88
7268;88
7269;88
7270;88
7271;88
7272;88
7273;88
7274;88
7275;88
7276;88
7277;88
7278;88
7279;88
7280;88
7281;88
7282;88
7283;88
7284;88
7285;88
7286;88
7287;88
7288;88
7289;88
7290;88
7291;88
7292;88
7293;88
7294;88
7295;88
7296;88
7297;88
7298;88
7299;88
7300;88
7301;88
7302;88
7303;88
7304;88
7305;88
7306;88
7307;88
7308;88
7309;88
7310;88
7311;88
7312;88
7313;88
7314;88
7315;88
7316;88
7317;88
7318;88
7319;88
7320;88
7321;88
7322;88
7323;88
7324;88
7325;88
7326;88
7327;88
7328;88
7329;88
7330;88
7331;88
7332;88
7333;88
7334;88
7335;88
7336;88
7337;88
7338;88
7339;88
7340;88
7341;88
7342;88
7343;88
7344;88
7345;88
7346;88
7347;88
7348;88
7349;88
7350;88
7351;88
7352;88
7353;88
7354;88
7355;88
7356;88
7357;88
7358;88
7359;88
7360;88
7361;88
7362;88
7363;88
7364;88
7365;88
7366;88
7367;88
7368;88
7369;88
7370;88
7371;88
7372;88
7373;88
7374;88
7375;88
7376;88
7377;88
7378;88
7379;88
7380;88
7381;88
7382;88
7383;88
7384;88
7385;88
7386;88
7387;88
7388;88
7389;88
7390;88
7391;88
7392;88
7393;88
7394;88
7395;88
7396;88
7397;88
7398;88
7399;88
7400;88
7401;88
7402;88
7403;88
7404;88
7405;88
7406;88
7407;88
7408;88
7409;88
7410;88
7411;88
7412;88
7413;88
7414;88
7415;88
7416;88
7417;88
7418;88
7419;88
7420;88
7421;88
7422;88
7423;88
7424;88
7425;88
7426;88
7427;88
7428;88
7429;88
7430;88
7431;88
7432;88
7433;88
7434;88
7435;88
7436;88
7437;88
7438;88
7439;88
7440;88
7441;88
7442;88
7443;88
7444;88
7445;88
7446;88
7447;88
7448;88
7449;88
7450;88
7451;88
7452;88
7453;88
7454;88
7455;88
7456;88
7457;88
7458;88
7459;88
7460;88
7461;88
7462;88
7463;88
7464;88
7465;88
7466;88
7467;88
7468;88
7469;88
7470;88
7471;88
7472;88
7473;88
7474;88
7475;88
7476;88
7477;88
7478;88
7479;88
7480;88
7481;88
7482;88
7483;88
7484;88
7485;88
7486;88
7487;88
7488;88
7489;88
7490;88
7491;88
7492;88
7493;88
7494;88
7495;88
7496;88
7497;88
7498;88
7499;88
7500;88
7501;88
7502;88
7503;88
7504;88
7505;88
7506;88
7507;88
7508;88
7509;88
7510;88
7511;88
7512;88
7513;88
7514;88
7515;88
7516;88
7517;88
7518;88
7519;88
7520;88
7521;88
7522;88
7523;88
7524;88
7525;88
7526;88
7527;88
7528;88
7529;88
7530;88
7531;88
7532;88
7533;88
7534;88
7535;88
7536;88
7537;88
7538;88
7539;88
7540;88
7541;88
7542;88
7543;88
7544;88
7545;88
7546;88
7547;88
7548;88
7549;88
7550;88
7551;88
7552;88
7553;88
7554;88
7555;88
7556;88
7557;88
7558;88
7559;88
7560;88
7561;88
7562;88
7563;88
7564;88
7565;88
7566;88
7567;88
7568;88
7569;88
7570;88
7571;88
7572;88
7573;88
7574;88
7575;88
7576;88
7577;88
7578;88
7579;88
7580;88
7581;88
7582;88
7583;88
7584;88
7585;88
7586;88
7587;88
7588;88
7589;88
7590;88
7591;88
7592;88
7593;88
7594;88
7595;88
7596;88
7597;88
7598;88
7599;88
7600;88
7601;88
7602;88
7603;88
7604;88
7605;88
7606;88
7607;88
7608;88
7609;88
7610;88
7611;88
7612;88
7613;88
7614;88
7615;88
7616;88
7617;88
7618;88
7619;88
7620;88
7621;88
7622;88
7623;88
7624;88
7625;88
7626;88
7627;88
7628;88
7629;88
7630;88
7631;88
7632;88
7633;88
7634;88
7635;88
7636;88
7637;88
7638;88
7639;88
7640;88
7641;88
7642;88
7643;88
7644;88
7645;88
7646;88
7647;88
7648;88
7649;88
7650;88
7651;88
7652;88
7653;88
7654;88
7655;88
7656;88
7657;88
7658;88
7659;88
7660;88
7661;88
7662;88
7663;88
7664;88
7665;88
7666;88
7667;88
7668;88
7669;88
7670;88
7671;88
7672;88
7673;88
7674;88
7675;88
7676;88
7677;88
7678;88
7679;88
7680;88
7681;88
7682;88
7683;88
7684;88
7685;88
7686;88
7687;88
7688;88
7689;88
7690;88
7691;88
7692;88
7693;88
7694;88
7695;88
7696;88
7697;88
7698;88
7699;88
7700;88
7701;88
7702;88
7703;88
7704;88
7705;88
7706;88
7707;88
7708;88
7709;88
7710;88
7711;88
7712;88
7713;88
7714;88
7715;88
7716;88
7717;88
7718;88
7719;88
7720;88
7721;88
7722;88
7723;88
7724;88
7725;88
7726;88
7727;88
7728;88
7729;88
7730;88
7731;88
7732;88
7733;88
7734;88
7735;88
7736;88
7737;88
7738;88
7739;88
7740;88
7741;88
7742;88
7743;88
7744;88
7745;88
7746;88
7747;88
7748;88
7749;88
7750;88
7751;88
7752;88
7753;88
7754;88
7755;88
7756;88
7757;88
7758;88
7759;88
7760;88
7761;88
7762;88
7763;88
7764;88
7765;88
7766;88
7767;88
7768;88
7769;88
7770;88
7771;88
7772;88
7773;88
7774;88
7775;88
7776;88
7777;88
7778;88
7779;88
7780;88
7781;88
7782;88
7783;88
7784;88
7785;88
7786;88
7787;88
7788;88
7789;88
7790;88
7791;88
7792;88
7793;88
7794;88
7795;88
7796;88
7797;88
7798;88
7799;88
7800;88
7801;88
7802;88
7803;88
7804;88
7805;88
7806;88
7807;88
7808;88
7809;88
7810;88
7811;88
7812;88
7813;88
7814;88
7815;88
7816;88
7817;88
7818;88
7819;88
7820;88
7821;88
7822;88
7823;88
7824;88
7825;88
7826;88
7827;88
7828;88
7829;88
7830;88
7831;88
7832;88
7833;88
7834;88
7835;88
7836;88
7837;88
7838;88
7839;88
7840;88
7841;88
7842;88
7843;88
7844;88
7845;88
7846;88
7847;88
7848;88
7849;88
7850;88
7851;88
7852;88
7853;88
7854;88
7855;88
7856;88
7857;88
7858;88
7859;88
7860;88
7861;88
7862;88
7863;88
7864;88
7865;88
7866;88
7867;88
7868;88
7869;88
7870;88
7871;88
7872;88
7873;88
7874;88
7875;88
7876;88
7877;88
7878;88
7879;88
7880;88
7881;88
7882;88
7883;88
7884;88
7885;88
7886;88
7887;88
7888;88
7889;88
7890;88
7891;88
7892;88
7893;88
7894;88
7895;88
7896;88
7897;88
7898;88
7899;88
7900;88
7901;88
7902;88
7903;88
7904;88
7905;88
7906;88
7907;88
7908;88
7909;88
7910;88
7911;88
7912;88
7913;88
7914;88
7915;88
7916;88
7917;88
7918;88
7919;88
7920;88
7921;88
7922;88
7923;88
7924;88
7925;88
7926;88
7927;88
7928;88
7929;88
7930;88
7931;88
7932;88
7933;88
7934;88
7935;88
7936;88
7937;88
7938;88
7939;88
7940;88
7941;88
7942;88
7943;88
7944;88
7945;88
7946;88
7947;88
7948;88
7949;88
7950;88
7951;88
7952;88
7953;88
7954;88
7955;88
7956;88
7957;88
7958;88
7959;88
7960;88
7961;88
7962;88
7963;88
7964;88
7965;88
7966;88
7967;88
7968;88
7969;88
7970;88
7971;88
7972;88
7973;88
7974;88
7975;88
7976;88
7977;88
7978;88
7979;88
7980;88
7981;88
7982;88
7983;88
7984;88
7985;88
7986;88
7987;88
7988;88
7989;88
7990;88
7991;88
7992;88
7993;88
7994;88
7995;88
7996;88
7997;88
7998;88
7999;88
8000;88
8001;88
8002;88
8003;88
8004;88
8005;88
8006;88
8007;88
8008;88
8009;88
8010;88
8011;88
8012;88
8013;88
8014;88
8015;88
8016;88
8017;88
8018;88
8019;88
8020;88
8021;88
8022;88
8023;88
8024;88
8025;88
8026;88
8027;88
8028;88
8029;88
8030;88
8031;88
8032;88
8033;88
8034;88
8035;88
8036;88
8037;88
8038;88
8039;88
8040;88
8041;88
8042;88
8043;88
8044;88
8045;88
8046;88
8047;88
8048;88
8049;88
8050;88
8051;88
8052;88
8053;88
8054;88
8055;88
8056;88
8057;88
8058;88
8059;88
8060;88
8061;88
8062;88
8063;88
8064;88
8065;88
8066;88
8067;88
8068;88
8069;88
8070;88
8071;88
8072;88
8073;88
8074;88
8075;88
8076;88
8077;88
8078;88
8079;88
8080;88
8081;88
8082;88
8083;88
8084;88
8085;88
8086;88
8087;88
8088;88
8089;88
8090;88
8091;88
8092;88
8093;88
8094;88
8095;88
8096;88
8097;88
8098;88
8099;88
8100;88
8101;88
8102;88
8103;88
8104;88
8105;88
8106;88
8107;88
8108;88
8109;88
8110;88
8111;88
8112;88
8113;88
8114;88
8115;88
8116;88
8117;88
8118;88
8119;88
8120;88
8121;88
8122;88
8123;88
8124;88
8125;88
8126;88
8127;88
8128;88
8129;88
8130;88
8131;88
8132;88
8133;88
8134;88
8135;88
8136;88
8137;88
8138;88
8139;88
8140;88
8141;88
8142;88
8143;88
8144;88
8145;88
8146;88
8147;88
8148;88
8149;88
8150;88
8151;88
8152;88
8153;88
8154;88
8155;88
8156;88
8157;88
8158;88
8159;88
8160;88
8161;88
8162;88
8163;88
8164;88
8165;88
8166;88
8167;88
8168;88
8169;88
8170;88
8171;88
8172;88
8173;88
8174;88
8175;88
8176;88
8177;88
8178;88
8179;88
8180;88
8181;88
8182;88
8183;88
8184;88
8185;88
8186;88
8187;88
8188;88
8189;88
8190;88
8191;88
8192;88
8193;88
8194;88
8195;88
8196;88
8197;88
8198;88
8199;88
8200;88
8201;88
8202;88
8203;88
8204;88
8205;88
8206;88
8207;88
8208;88
8209;88
8210;88
8211;88
8212;88
8213;88
8214;88
8215;88
8216;88
8217;88
8218;88
8219;88
8220;88
8221;88
8222;88
8223;88
8224;88
8225;88
8226;88
8227;88
8228;88
8229;88
8230;88
8231;88
8232;88
8233;88
8234;88
8235;88
8236;88
8237;88
8238;88
8239;88
8240;88
8241;88
8242;88
8243;88
8244;88
8245;88
8246;88
8247;88
8248;88
8249;88
8250;88
8251;88
8252;88
8253;88
8254;88
8255;88
8256;88
8257;88
8258;88
8259;88
8260;88
8261;88
8262;88
8263;88
8264;88
8265;88
8266;88
8267;88
8268;88
8269;88
8270;88
8271;88
8272;88
8273;88
8274;88
8275;88
8276;88
8277;88
8278;88
8279;88
8280;88
8281;88
8282;88
8283;88
8284;88
8285;88
8286;88
8287;88
8288;88
8289;88
8290;88
8291;88
8292;88
8293;88
8294;88
8295;88
8296;88
8297;88
8298;88
8299;88
8300;88
8301;88
8302;88
8303;88
8304;88
8305;88
8306;88
8307;88
8308;88
8309;88
8310;88
8311;88
8312;88
8313;88
8314;88
8315;88
8316;88
8317;88
8318;88
8319;88
8320;88
8321;88
8322;88
8323;88
8324;88
8325;88
8326;88
8327;88
8328;88
8329;88
8330;88
8331;88
8332;88
8333;88
8334;88
8335;88
8336;88
8337;88
8338;88
8339;88
8340;88
8341;88
8342;88
8343;88
8344;88
8345;88
8346;88
8347;88
8348;88
8349;88
8350;88
8351;88
8352;88
8353;88
8354;88
8355;88
8356;88
8357;88
8358;88
8359;88
8360;88
8361;88
8362;88
8363;88
8364;88
8365;88
8366;88
8367;88
8368;88
8369;88
8370;88
8371;88
8372;88
8373;88
8374;88
8375;88
8376;88
8377;88
8378;88
8379;88
8380;88
8381;88
8382;88
8383;88
8384;88
8385;88
8386;88
8387;88
8388;88
8389;88
8390;88
8391;88
8392;88
8393;88
8394;88
8395;88
8396;88
8397;88
8398;88
8399;88
8400;88
8401;88
8402;88
8403;88
8404;88
8405;88
8406;88
8407;88
8408;88
8409;88
8410;88
8411;88
8412;88
8413;88
8414;88
8415;88
8416;88
8417;88
8418;88
8419;88
8420;88
8421;88
8422;88
8423;88
8424;88
8425;88
8426;88
8427;88
8428;88
8429;88
8430;88
8431;88
8432;88
8433;88
8434;88
8435;88
8436;88
8437;88
8438;88
8439;88
8440;88
8441;88
8442;88
8443;88
8444;88
8445;88
8446;88
8447;88
8448;88
8449;88
8450;88
8451;88
8452;88
8453;88
8454;88
8455;88
8456;88
8457;88
8458;88
8459;88
8460;88
8461;88
8462;88
8463;88
8464;88
8465;88
8466;88
8467;88
8468;88
8469;88
8470;88
8471;88
8472;88
8473;88
8474;88
8475;88
8476;88
8477;88
8478;88
8479;88
8480;88
8481;88
8482;88
8483;88
8484;88
8485;88
8486;88
8487;88
8488;88
8489;88
8490;88
8491;88
8492;88
8493;88
8494;88
8495;88
8496;88
8497;88
8498;88
8499;88
8500;88
8501;88
8502;88
8503;88
8504;88
8505;88
8506;88
8507;88
8508;88
8509;88
8510;88
8511;88
8512;88
8513;88
8514;88
8515;88
8516;88
8517;88
8518;88
8519;88
8520;88
8521;88
8522;88
8523;88
8524;88
8525;88
8526;88
8527;88
8528;88
8529;88
8530;88
8531;88
8532;88
8533;88
8534;88
8535;88
8536;88
8537;88
8538;88
8539;88
8540;88
8541;88
8542;88
8543;88
8544;88
8545;88
8546;88
8547;88
8548;88
8549;88
8550;88
8551;88
8552;88
8553;88
8554;88
8555;88
8556;88
8557;88
8558;88
8559;88
8560;88
8561;88
8562;88
8563;88
8564;88
8565;88
8566;88
8567;88
8568;88
8569;88
8570;88
8571;88
8572;88
8573;88
8574;88
8575;88
8576;88
8577;88
8578;88
8579;88
8580;88
8581;88
8582;88
8583;88
8584;88
8585;88
8586;88
8587;88
8588;88
8589;88
8590;88
8591;88
8592;88
8593;88
8594;88
8595;88
8596;88
8597;88
8598;88
8599;88
8600;88
8601;88
8602;88
8603;88
8604;88
8605;88
8606;88
8607;88
8608;88
8609;88
8610;88
8611;88
8612;88
8613;88
8614;88
8615;88
8616;88
8617;88
8618;88
8619;88
8620;88
8621;88
8622;88
8623;88
8624;88
8625;88
8626;88
8627;88
8628;88
8629;88
8630;88
8631;88
8632;88
8633;88
8634;88
8635;88
8636;88
8637;88
8638;88
8639;88
8640;88
8641;88
8642;88
8643;88
8644;88
8645;88
8646;88
8647;88
8648;88
8649;88
8650;88
8651;88
8652;88
8653;88
8654;88
8655;88
8656;88
8657;88
8658;88
8659;88
8660;88
8661;88
8662;88
8663;88
8664;88
8665;88
8666;88
8667;88
8668;88
8669;88
8670;88
8671;88
8672;88
8673;88
8674;88
8675;88
8676;88
8677;88
8678;88
8679;88
8680;88
8681;88
8682;88
8683;88
8684;88
8685;88
8686;88
8687;88
8688;88
8689;88
8690;88
8691;88
8692;88
8693;88
8694;88
8695;88
8696;88
8697;88
8698;88
8699;88
8700;88
8701;88
8702;88
8703;88
8704;88
8705;88
8706;88
8707;88
8708;88
8709;88
8710;88
8711;88
8712;88
8713;88
8714;88
8715;88
8716;88
8717;88
8718;88
8719;88
8720;88
8721;88
8722;88
8723;88
8724;88
8725;88
8726;88
8727;88
8728;88
8729;88
8730;88
8731;88
8732;88
8733;88
8734;88
8735;88
8736;88
8737;88
8738;88
8739;88
8740;88
8741;88
8742;88
8743;88
8744;88
8745;88
8746;88
8747;88
8748;88
8749;88
8750;88
8751;88
8752;88
8753;88
8754;88
8755;88
8756;88
8757;88
8758;88
8759;88
8760;88
8761;88
8762;88
8763;88
8764;88
8765;88
8766;88
8767;88
8768;88
8769;88
8770;88
8771;88
8772;88
8773;88
8774;88
8775;88
8776;88
8777;88
8778;88
8779;88
8780;88
8781;88
8782;88
8783;88
8784;88
8785;88
8786;88
8787;88
8788;88
8789;88
8790;88
8791;88
8792;88
8793;88
8794;88
8795;88
8796;88
8797;88
8798;88
8799;88
8800;88
8801;88
8802;88
8803;88
8804;88
8805;88
8806;88
8807;88
8808;88
8809;88
8810;88
8811;88
8812;88
8813;88
8814;88
8815;88
8816;88
8817;88
8818;88
8819;88
8820;88
8821;88
8822;88
8823;88
8824;88
8825;88
8826;88
8827;88
8828;88
8829;88
8830;88
8831;88
8832;88
8833;88
8834;88
8835;88
8836;88
8837;88
8838;88
8839;88
8840;88
8841;88
8842;88
8843;88
8844;88
8845;88
8846;88
8847;88
8848;88
8849;88
8850;88
8851;88
8852;88
8853;88
8854;88
8855;88
8856;88
8857;88
8858;88
8859;88
8860;88
8861;88
8862;88
8863;88
8864;88
8865;88
8866;88
8867;88
8868;88
8869;88
8870;88
8871;88
8872;88
8873;88
8874;88
8875;88
8876;88
8877;88
8878;88
8879;88
8880;88
8881;88
8882;88
8883;88
8884;88
8885;88
8886;88
8887;88
8888;88
8889;88
8890;88
8891;88
8892;88
8893;88
8894;88
8895;88
8896;88
8897;88
8898;88
8899;88
8900;88
8901;88
8902;88
8903;88
8904;88
8905;88
8906;88
8907;88
8908;88
8909;88
8910;88
8911;88
8912;88
8913;88
8914;88
8915;88
8916;88
8917;88
8918;88
8919;88
8920;88
8921;88
8922;88
8923;88
8924;88
8925;88
8926;88
8927;88
8928;88
8929;88
8930;88
8931;88
8932;88
8933;88
8934;88
8935;88
8936;88
8937;88
8938;88
8939;88
8940;88
8941;88
8942;88
8943;88
8944;88
8945;88
8946;88
8947;88
8948;88
8949;88
8950;88
8951;88
8952;88
8953;88
8954;88
8955;88
8956;88
8957;88
8958;88
8959;88
8960;88
8961;88
8962;88
8963;88
8964;88
8965;88
8966;88
8967;88
8968;88
8969;88
8970;88
8971;88
8972;88
8973;88
8974;88
8975;88
8976;88
8977;88
8978;88
8979;88
8980;88
8981;88
8982;88
8983;88
8984;88
8985;88
8986;88
8987;88
8988;88
8989;88
8990;88
8991;88
8992;88
8993;88
8994;88
8995;88
8996;88
8997;88
8998;88
8999;88
9000;88
9001;88
9002;88
9003;88
9004;88
9005;88
9006;88
9007;88
9008;88
9009;88
9010;88
9011;88
9012;88
9013;88
9014;88
9015;88
9016;88
9017;88
9018;88
9019;88
9020;88
9021;88
9022;88
9023;88
9024;88
9025;88
9026;88
9027;88
9028;88
9029;88
9030;88
9031;88
9032;88
9033;88
9034;88
9035;88
9036;88
9037;88
9038;88
9039;88
9040;88
9041;88
9042;88
9043;88
9044;88
9045;88
9046;88
9047;88
9048;88
9049;88
9050;88
9051;88
9052;88
9053;88
9054;88
9055;88
9056;88
9057;88
9058;88
9059;88
9060;88
9061;88
9062;88
9063;88
9064;88
9065;88
9066;88
9067;88
9068;88
9069;88
9070;88
9071;88
9072;88
9073;88
9074;88
9075;88
9076;88
9077;88
9078;88
9079;88
9080;88
9081;88
9082;88
9083;88
9084;88
9085;88
9086;88
9087;88
9088;88
9089;88
9090;88
9091;88
9092;88
9093;88
9094;88
9095;88
9096;88
9097;88
9098;88
9099;88
9100;88
9101;88
9102;88
9103;88
9104;88
9105;88
9106;88
9107;88
9108;88
9109;88
9110;88
9111;88
9112;88
9113;88
9114;88
9115;88
9116;88
9117;88
9118;88
9119;88
9120;88
9121;88
9122;88
9123;88
9124;88
9125;88
9126;88
9127;88
9128;88
9129;88
9130;88
9131;88
9132;88
9133;88
9134;88
9135;88
9136;88
9137;88
9138;88
9139;88
9140;88
9141;88
9142;88
9143;88
9144;88
9145;88
9146;88
9147;88
9148;88
9149;88
9150;88
9151;88
9152;88
9153;88
9154;88
9155;88
9156;88
9157;88
9158;88
9159;88
9160;88
9161;88
9162;88
9163;88
9164;88
9165;88
9166;88
9167;88
9168;88
9169;88
9170;88
9171;88
9172;88
9173;88
9174;88
9175;88
9176;88
9177;88
9178;88
9179;88
9180;88
9181;88
9182;88
9183;88
9184;88
9185;88
9186;88
9187;88
9188;88
9189;88
9190;88
9191;88
9192;88
9193;88
9194;88
9195;88
9196;88
9197;88
9198;88
9199;88
9200;88
9201;88
9202;88
9203;88
9204;88
9205;88
9206;88
9207;88
9208;88
9209;88
9210;88
9211;88
9212;88
9213;88
9214;88
9215;88
9216;88
9217;88
9218;88
9219;88
9220;88
9221;88
9222;88
9223;88
9224;88
9225;88
9226;88
9227;88
9228;88
9229;88
9230;88
9231;88
9232;88
9233;88
9234;88
9235;88
9236;88
9237;88
9238;88
9239;88
9240;88
9241;88
9242;88
9243;88
9244;88
9245;88
9246;88
9247;88
9248;88
9249;88
9250;88
9251;88
9252;88
9253;88
9254;88
9255;88
9256;88
9257;88
9258;88
9259;88
9260;88
9261;88
9262;88
9263;88
9264;88
9265;88
9266;88
9267;88
9268;88
9269;88
9270;88
9271;88
9272;88
9273;88
9274;88
9275;88
9276;88
9277;88
9278;88
9279;88
9280;88
9281;88
9282;88
9283;88
9284;88
9285;88
9286;88
9287;88
9288;88
9289;88
9290;88
9291;88
9292;88
9293;88
9294;88
9295;88
9296;88
9297;88
9298;88
9299;88
9300;88
9301;88
9302;88
9303;88
9304;88
9305;88
9306;88
9307;88
9308;88
9309;88
9310;88
9311;88
9312;88
9313;88
9314;88
9315;88
9316;88
9317;88
9318;88
9319;88
9320;88
9321;88
9322;88
9323;88
9324;88
9325;88
9326;88
9327;88
9328;88
9329;88
9330;88
9331;88
9332;88
9333;88
9334;88
9335;88
9336;88
9337;88
9338;88
9339;88
9340;88
9341;88
9342;88
9343;88
9344;88
9345;88
9346;88
9347;88
9348;88
9349;88
9350;88
9351;88
9352;88
9353;88
9354;88
9355;88
9356;88
9357;88
9358;88
9359;88
9360;88
9361;88
9362;88
9363;88
9364;88
9365;88
9366;88
9367;88
9368;88
9369;88
9370;88
9371;88
9372;88
9373;88
9374;88
9375;88
9376;88
9377;88
9378;88
9379;88
9380;88
9381;88
9382;88
9383;88
9384;88
9385;88
9386;88
9387;88
9388;88
9389;88
9390;88
9391;88
9392;88
9393;88
9394;88
9395;88
9396;88
9397;88
9398;88
9399;88
9400;88
9401;88
9402;88
9403;88
9404;88
9405;88
9406;88
9407;88
9408;88
9409;88
9410;88
9411;88
9412;88
9413;88
9414;88
9415;88
9416;88
9417;88
9418;88
9419;88
9420;88
9421;88
9422;88
9423;88
9424;88
9425;88
9426;88
9427;88
9428;88
9429;88
9430;88
9431;88
9432;88
9433;88
9434;88
9435;88
9436;88
9437;88
9438;88
9439;88
9440;88
9441;88
9442;88
9443;88
9444;88
9445;88
9446;88
9447;88
9448;88
9449;88
9450;88
9451;88
9452;88
9453;88
9454;88
9455;88
9456;88
9457;88
9458;88
9459;88
9460;88
9461;88
9462;88
9463;88
9464;88
9465;88
9466;88
9467;88
9468;88
9469;88
9470;88
9471;88
9472;88
9473;88
9474;88
9475;88
9476;88
9477;88
9478;88
9479;88
9480;88
9481;88
9482;88
9483;88
9484;88
9485;88
9486;88
9487;88
9488;88
9489;88
9490;88
9491;88
9492;88
9493;88
9494;88
9495;88
9496;88
9497;88
9498;88
9499;88
9500;88
9501;88
9502;88
9503;88
9504;88
9505;88
9506;88
9507;88
9508;88
9509;88
9510;88
9511;88
9512;88
9513;88
9514;88
9515;88
9516;88
9517;88
9518;88
9519;88
9520;88
9521;88
9522;88
9523;88
9524;88
9525;88
9526;88
9527;88
9528;88
9529;88
9530;88
9531;88
9532;88
9533;88
9534;88
9535;88
9536;88
9537;88
9538;88
9539;88
9540;88
9541;88
9542;88
9543;88
9544;88
9545;88
9546;88
9547;88
9548;88
9549;88
9550;88
9551;88
9552;88
9553;88
9554;88
9555;88
9556;88
9557;88
9558;88
9559;88
9560;88
9561;88
9562;88
9563;88
9564;88
9565;88
9566;88
9567;88
9568;88
9569;88
9570;88
9571;88
9572;88
9573;88
9574;88
9575;88
9576;88
9577;88
9578;88
9579;88
9580;88
9581;88
9582;88
9583;88
9584;88
9585;88
9586;88
9587;88
9588;88
9589;88
9590;88
9591;88
9592;88
9593;88
9594;88
9595;88
9596;88
9597;88
9598;88
9599;88
9600;88
9601;88
9602;88
9603;88
9604;88
9605;88
9606;88
9607;88
9608;88
9609;88
9610;88
9611;88
9612;88
9613;88
9614;88
9615;88
9616;88
9617;88
9618;88
9619;88
9620;88
9621;88
9622;88
9623;88
9624;88
9625;88
9626;88
9627;88
9628;88
9629;88
9630;88
9631;88
9632;88
9633;88
9634;88
9635;88
9636;88
9637;88
9638;88
9639;88
9640;88
9641;88
9642;88
9643;88
9644;88
9645;88
9646;88
9647;88
9648;88
9649;88
9650;88
9651;88
9652;88
9653;88
9654;88
9655;88
9656;88
9657;88
9658;88
9659;88
9660;88
9661;88
9662;88
9663;88
9664;88
9665;88
9666;88
9667;88
9668;88
9669;88
9670;88
9671;88
9672;88
9673;88
9674;88
9675;88
9676;88
9677;88
9678;88
9679;88
9680;88
9681;88
9682;88
9683;88
9684;88
9685;88
9686;88
9687;88
9688;88
9689;88
9690;88
9691;88
9692;88
9693;88
9694;88
9695;88
9696;88
9697;88
9698;88
9699;88
9700;88
9701;88
9702;88
9703;88
9704;88
9705;88
9706;88
9707;88
9708;88
9709;88
9710;88
9711;88
9712;88
9713;88
9714;88
9715;88
9716;88
9717;88
9718;88
9719;88
9720;88
9721;88
9722;88
9723;88
9724;88
9725;88
9726;88
9727;88
9728;88
9729;88
9730;88
9731;88
9732;88
9733;88
9734;88
9735;88
9736;88
9737;88
9738;88
9739;88
9740;88
9741;88
9742;88
9743;88
9744;88
9745;88
9746;88
9747;88
9748;88
9749;88
9750;88
9751;88
9752;88
9753;88
9754;88
9755;88
9756;88
9757;88
9758;88
9759;88
9760;88
9761;88
9762;88
9763;88
9764;88
9765;88
9766;88
9767;88
9768;88
9769;88
9770;88
9771;88
9772;88
9773;88
9774;88
9775;88
9776;88
9777;88
9778;88
9779;88
9780;88
9781;88
9782;88
9783;88
9784;88
9785;88
9786;88
9787;88
9788;88
9789;88
9790;88
9791;88
9792;88
9793;88
9794;88
9795;88
9796;88
9797;88
9798;88
9799;88
9800;88
9801;88
9802;88
9803;88
9804;88
9805;88
9806;88
9807;88
9808;88
9809;88
9810;88
9811;88
9812;88
9813;88
9814;88
9815;88
9816;88
9817;88
9818;88
9819;88
9820;88
9821;88
9822;88
9823;88
9824;88
9825;88
9826;88
9827;88
9828;88
9829;88
9830;88
9831;88
9832;88
9833;88
9834;88
9835;88
9836;88
9837;88
9838;88
9839;88
9840;88
9841;88
9842;88
9843;88
9844;88
9845;88
9846;88
9847;88
9848;88
9849;88
9850;88
9851;88
9852;88
9853;88
9854;88
9855;88
9856;88
9857;88
9858;88
9859;88
9860;88
9861;88
9862;88
9863;88
9864;88
9865;88
9866;88
9867;88
9868;88
9869;88
9870;88
9871;88
9872;88
9873;88
9874;88
9875;88
9876;88
9877;88
9878;88
9879;88
9880;88
9881;88
9882;88
9883;88
9884;88
9885;88
9886;88
9887;88
9888;88
9889;88
9890;88
9891;88
9892;88
9893;88
9894;88
9895;88
9896;88
9897;88
9898;88
9899;88
9900;88
9901;88
9902;88
9903;88
9904;88
9905;88
9906;88
9907;88
9908;88
9909;88
9910;88
9911;88
9912;88
9913;88
9914;88
9915;88
9916;88
9917;88
9918;88
9919;88
9920;88
9921;88
9922;88
9923;88
9924;88
9925;88
9926;88
9927;88
9928;88
9929;88
9930;88
9931;88
9932;88
9933;88
9934;88
9935;88
9936;88
9937;88
9938;88
9939;88
9940;88
9941;88
9942;88
9943;88
9944;88
9945;88
9946;88
9947;88
9948;88
9949;88
9950;88
9951;88
9952;88
9953;88
9954;88
9955;88
9956;88
9957;88
9958;88
9959;88
9960;88
9961;88
9962;88
9963;88
9964;88
9965;88
9966;88
9967;88
9968;88
9969;88
9970;88
9971;88
9972;88
9973;88
9974;88
9975;88
9976;88
9977;88
9978;88
9979;88
9980;88
9981;88
9982;88
9983;88
9984;88
9985;88
9986;88
9987;88
9988;88
9989;88
9990;88
9991;88
9992;88
9993;88
9994;88
9995;88
9996;88
9997;88
9998;88
9999;88