0;5
1;5
2;5
3;21
4;52
5;52
6;52
7;52
8;52
9;52
10;52
11;52
12;52
13;52
14;52
15;52
16;52
17;52
18;52
19;52
20;52
21;52
22;52
23;52
24;52
25;52
26;52
27;52
28;52
29;52
30;52
31;52
32;52
33;52
34;52
35;52
36;52
37;52
38;52
39;52
40;52
41;52
42;52
43;52
44;52
45;54
46;54
47;54
48;54
49;54
50;54
51;54
52;54
53;54
54;54
55;54
56;54
57;54
58;54
59;54
60;54
61;54
62;54
63;54
64;54
65;54
66;54
67;54
68;59
69;59
70;59
71;59
72;59
73;59
74;59
75;59
76;59
77;59
78;59
79;59
80;59
81;59
82;59
83;59
84;59
85;59
86;59
87;59
88;59
89;59
90;59
91;59
92;59
93;59
94;59
95;59
96;59
97;59
98;59
99;59
100;59
101;59
102;59
103;59
104;59
105;59
106;59
107;59
108;59
109;59
110;59
111;59
112;59
113;59
114;59
115;59
116;59
117;59
118;59
119;59
120;59
121;59
122;59
123;59
124;59
125;59
126;59
127;59
128;59
129;59
130;59
131;59
132;59
133;59
134;59
135;59
136;59
137;59
138;59
139;59
140;59
141;59
142;59
143;59
144;59
145;59
146;59
147;59
148;59
149;59
150;59
151;59
152;59
153;59
154;59
155;59
156;59
157;59
158;59
159;59
160;59
161;59
162;59
163;59
164;59
165;69
166;69
167;69
168;69
169;69
170;69
171;69
172;69
173;69
174;69
175;69
176;69
177;69
178;69
179;69
180;69
181;69
182;69
183;69
184;69
185;69
186;69
187;69
188;69
189;69
190;69
191;69
192;69
193;69
194;69
195;69
196;69
197;69
198;69
199;69
200;69
201;69
202;69
203;69
204;69
205;69
206;69
207;69
208;69
209;69
210;69
211;69
212;69
213;69
214;69
215;69
216;69
217;69
218;69
219;69
220;69
221;69
222;69
223;69
224;69
225;69
226;69
227;69
228;69
229;69
230;69
231;69
232;69
233;69
234;69
235;69
236;69
237;69
238;69
239;69
240;69
241;69
242;69
243;69
244;69
245;69
246;69
247;69
248;69
249;69
250;69
251;69
252;69
253;69
254;69
255;69
256;69
257;69
258;69
259;69
260;69
261;69
262;69
263;69
264;69
265;69
266;69
267;69
268;69
269;69
270;69
271;69
272;69
273;69
274;69
275;69
276;69
277;69
278;69
279;69
280;69
281;69
282;69
283;69
284;69
285;69
286;69
287;69
288;69
289;69
290;69
291;69
292;69
293;69
294;69
295;69
296;69
297;69
298;69
299;69
300;69
301;69
302;69
303;69
304;69
305;69
306;69
307;69
308;69
309;69
310;69
311;69
312;69
313;69
314;69
315;69
316;69
317;69
318;69
319;69
320;69
321;69
322;69
323;69
324;69
325;69
326;69
327;69
328;69
329;69
330;69
331;69
332;69
333;69
334;69
335;69
336;69
337;69
338;69
339;69
340;69
341;69
342;69
343;69
344;69
345;69
346;69
347;69
348;69
349;69
350;69
351;69
352;69
353;69
354;69
355;69
356;69
357;69
358;69
359;69
360;69
361;69
362;69
363;69
364;69
365;69
366;69
367;69
368;69
369;69
370;69
371;69
372;69
373;69
374;69
375;69
376;69
377;69
378;69
379;69
380;69
381;69
382;69
383;69
384;69
385;69
386;69
387;69
388;69
389;69
390;69
391;69
392;69
393;69
394;69
395;69
396;69
397;69
398;69
399;69
400;69
401;69
402;69
403;69
404;69
405;69
406;69
407;69
408;69
409;69
410;69
411;69
412;69
413;69
414;69
415;69
416;69
417;69
418;69
419;69
420;69
421;69
422;69
423;69
424;69
425;69
426;69
427;69
428;69
429;69
430;69
431;69
432;69
433;69
434;69
435;69
436;69
437;69
438;69
439;69
440;69
441;69
442;69
443;69
444;69
445;69
446;69
447;69
448;69
449;69
450;69
451;69
452;69
453;69
454;69
455;69
456;69
457;69
458;69
459;69
460;69
461;69
462;69
463;69
464;69
465;69
466;69
467;69
468;69
469;69
470;69
471;69
472;74
473;74
474;74
475;74
476;74
477;74
478;74
479;74
480;74
481;74
482;74
483;74
484;74
485;74
486;74
487;74
488;74
489;74
490;74
491;74
492;74
493;74
494;74
495;74
496;74
497;74
498;74
499;74
500;74
501;74
502;74
503;74
504;74
505;74
506;74
507;74
508;74
509;74
510;74
511;74
512;74
513;74
514;74
515;74
516;74
517;74
518;74
519;74
520;74
521;74
522;74
523;74
524;74
525;74
526;74
527;74
528;74
529;74
530;74
531;74
532;74
533;74
534;74
535;74
536;74
537;74
538;74
539;74
540;74
541;74
542;74
543;74
544;74
545;74
546;74
547;74
548;74
549;74
550;74
551;74
552;74
553;74
554;74
555;74
556;74
557;74
558;74
559;74
560;74
561;74
562;74
563;74
564;74
565;74
566;74
567;74
568;74
569;74
570;74
571;74
572;74
573;74
574;74
575;74
576;74
577;74
578;74
579;74
580;74
581;74
582;74
583;74
584;74
585;74
586;74
587;74
588;74
589;74
590;74
591;74
592;74
593;74
594;74
595;74
596;74
597;74
598;74
599;74
600;74
601;74
602;74
603;74
604;74
605;74
606;74
607;74
608;74
609;74
610;74
611;74
612;74
613;74
614;74
615;74
616;74
617;74
618;74
619;74
620;74
621;74
622;74
623;74
624;74
625;74
626;74
627;74
628;74
629;74
630;74
631;74
632;74
633;74
634;74
635;74
636;74
637;74
638;74
639;74
640;74
641;74
642;74
643;74
644;74
645;74
646;74
647;74
648;74
649;74
650;74
651;74
652;74
653;74
654;74
655;74
656;74
657;74
658;74
659;74
660;74
661;74
662;74
663;74
664;74
665;74
666;74
667;74
668;74
669;74
670;74
671;74
672;74
673;74
674;74
675;74
676;74
677;74
678;74
679;74
680;74
681;74
682;74
683;74
684;74
685;74
686;74
687;74
688;74
689;74
690;74
691;74
692;74
693;74
694;74
695;74
696;74
697;74
698;74
699;74
700;74
701;74
702;74
703;74
704;74
705;74
706;74
707;74
708;74
709;74
710;74
711;74
712;74
713;74
714;74
715;74
716;74
717;74
718;74
719;74
720;74
721;74
722;74
723;74
724;74
725;74
726;74
727;74
728;74
729;74
730;74
731;74
732;74
733;74
734;74
735;74
736;74
737;74
738;74
739;74
740;74
741;74
742;74
743;74
744;74
745;74
746;74
747;74
748;74
749;74
750;74
751;74
752;74
753;74
754;74
755;74
756;74
757;74
758;74
759;74
760;74
761;74
762;74
763;74
764;74
765;74
766;74
767;74
768;74
769;74
770;74
771;74
772;74
773;74
774;74
775;74
776;74
777;74
778;74
779;74
780;74
781;74
782;74
783;74
784;74
785;74
786;74
787;74
788;74
789;74
790;74
791;74
792;74
793;74
794;74
795;74
796;74
797;74
798;74
799;74
800;74
801;74
802;74
803;74
804;74
805;74
806;74
807;74
808;74
809;74
810;74
811;74
812;74
813;74
814;74
815;74
816;74
817;74
818;74
819;74
820;74
821;74
822;74
823;74
824;74
825;74
826;74
827;74
828;74
829;74
830;74
831;74
832;74
833;74
834;74
835;74
836;74
837;74
838;74
839;74
840;74
841;74
842;74
843;74
844;74
845;74
846;74
847;74
848;74
849;74
850;74
851;74
852;74
853;74
854;74
855;74
856;74
857;74
858;74
859;74
860;74
861;74
862;74
863;74
864;74
865;74
866;74
867;74
868;74
869;74
870;74
871;74
872;74
873;74
874;74
875;74
876;74
877;74
878;74
879;74
880;74
881;74
882;74
883;74
884;74
885;74
886;74
887;74
888;74
889;74
890;74
891;74
892;74
893;74
894;74
895;74
896;74
897;74
898;74
899;74
900;74
901;74
902;74
903;74
904;74
905;74
906;74
907;74
908;74
909;74
910;74
911;74
912;74
913;74
914;74
915;74
916;74
917;74
918;74
919;74
920;74
921;74
922;74
923;74
924;74
925;74
926;74
927;74
928;74
929;74
930;74
931;74
932;74
933;74
934;74
935;74
936;74
937;74
938;74
939;74
940;74
941;74
942;74
943;74
944;74
945;74
946;74
947;74
948;74
949;74
950;74
951;74
952;74
953;74
954;74
955;74
956;74
957;74
958;74
959;74
960;74
961;74
962;74
963;74
964;74
965;74
966;74
967;74
968;74
969;74
970;74
971;74
972;74
973;74
974;74
975;74
976;74
977;74
978;74
979;74
980;74
981;74
982;74
983;74
984;74
985;74
986;74
987;74
988;74
989;74
990;74
991;74
992;74
993;74
994;74
995;74
996;74
997;74
998;74
999;74
1000;74
1001;74
1002;74
1003;74
1004;74
1005;74
1006;74
1007;74
1008;74
1009;74
1010;74
1011;74
1012;74
1013;74
1014;74
1015;74
1016;74
1017;74
1018;74
1019;74
1020;74
1021;74
1022;74
1023;74
1024;74
1025;74
1026;74
1027;74
1028;74
1029;74
1030;74
1031;74
1032;74
1033;74
1034;74
1035;74
1036;74
1037;74
1038;74
1039;74
1040;74
1041;74
1042;74
1043;74
1044;74
1045;74
1046;74
1047;74
1048;74
1049;74
1050;74
1051;74
1052;74
1053;74
1054;74
1055;74
1056;74
1057;74
1058;74
1059;74
1060;74
1061;74
1062;74
1063;74
1064;74
1065;74
1066;74
1067;74
1068;74
1069;74
1070;74
1071;74
1072;74
1073;74
1074;74
1075;74
1076;74
1077;74
1078;74
1079;74
1080;74
1081;74
1082;74
1083;74
1084;74
1085;74
1086;74
1087;74
1088;74
1089;74
1090;74
1091;74
1092;74
1093;74
1094;74
1095;74
1096;74
1097;74
1098;74
1099;74
1100;74
1101;74
1102;74
1103;74
1104;74
1105;74
1106;74
1107;74
1108;74
1109;74
1110;74
1111;74
1112;74
1113;74
1114;74
1115;74
1116;74
1117;74
1118;74
1119;74
1120;74
1121;74
1122;74
1123;74
1124;74
1125;74
1126;74
1127;74
1128;74
1129;74
1130;74
1131;74
1132;74
1133;74
1134;74
1135;74
1136;74
1137;74
1138;74
1139;74
1140;74
1141;74
1142;74
1143;74
1144;74
1145;74
1146;74
1147;74
1148;74
1149;74
1150;74
1151;74
1152;74
1153;74
1154;74
1155;74
1156;74
1157;74
1158;74
1159;74
1160;74
1161;74
1162;74
1163;74
1164;74
1165;74
1166;74
1167;74
1168;74
1169;74
1170;74
1171;74
1172;74
1173;74
1174;74
1175;74
1176;74
1177;74
1178;74
1179;74
1180;74
1181;74
1182;74
1183;74
1184;74
1185;74
1186;74
1187;74
1188;74
1189;74
1190;74
1191;74
1192;74
1193;74
1194;74
1195;74
1196;74
1197;74
1198;74
1199;74
1200;74
1201;74
1202;74
1203;74
1204;74
1205;74
1206;74
1207;74
1208;74
1209;74
1210;74
1211;74
1212;74
1213;74
1214;74
1215;74
1216;74
1217;74
1218;74
1219;74
1220;74
1221;74
1222;74
1223;74
1224;74
1225;74
1226;74
1227;74
1228;74
1229;74
1230;74
1231;74
1232;74
1233;74
1234;74
1235;74
1236;74
1237;74
1238;74
1239;74
1240;74
1241;74
1242;74
1243;74
1244;74
1245;74
1246;74
1247;74
1248;74
1249;74
1250;74
1251;74
1252;74
1253;74
1254;74
1255;74
1256;74
1257;74
1258;74
1259;74
1260;74
1261;74
1262;74
1263;74
1264;74
1265;74
1266;74
1267;74
1268;74
1269;74
1270;74
1271;74
1272;74
1273;74
1274;74
1275;74
1276;74
1277;74
1278;74
1279;74
1280;74
1281;74
1282;74
1283;74
1284;74
1285;74
1286;74
1287;74
1288;74
1289;74
1290;74
1291;74
1292;74
1293;74
1294;74
1295;74
1296;74
1297;74
1298;74
1299;74
1300;74
1301;74
1302;74
1303;74
1304;74
1305;74
1306;74
1307;74
1308;74
1309;74
1310;74
1311;74
1312;74
1313;74
1314;74
1315;74
1316;74
1317;74
1318;74
1319;74
1320;74
1321;77
1322;77
1323;77
1324;77
1325;77
1326;77
1327;77
1328;77
1329;77
1330;77
1331;77
1332;77
1333;77
1334;77
1335;77
1336;77
1337;77
1338;77
1339;77
1340;77
1341;77
1342;77
1343;77
1344;77
1345;77
1346;77
1347;77
1348;77
1349;77
1350;77
1351;77
1352;77
1353;77
1354;77
1355;77
1356;77
1357;77
1358;77
1359;77
1360;77
1361;77
1362;77
1363;77
1364;77
1365;77
1366;77
1367;77
1368;77
1369;77
1370;77
1371;77
1372;77
1373;77
1374;77
1375;77
1376;77
1377;77
1378;77
1379;77
1380;77
1381;77
1382;77
1383;77
1384;77
1385;77
1386;77
1387;77
1388;77
1389;77
1390;77
1391;77
1392;77
1393;77
1394;77
1395;77
1396;77
1397;77
1398;77
1399;77
1400;77
1401;77
1402;77
1403;77
1404;77
1405;77
1406;77
1407;77
1408;77
1409;77
1410;77
1411;77
1412;77
1413;77
1414;77
1415;77
1416;77
1417;77
1418;77
1419;77
1420;77
1421;77
1422;77
1423;77
1424;77
1425;77
1426;77
1427;77
1428;77
1429;77
1430;77
1431;77
1432;77
1433;77
1434;77
1435;77
1436;77
1437;77
1438;77
1439;77
1440;77
1441;77
1442;77
1443;77
1444;77
1445;77
1446;77
1447;77
1448;77
1449;77
1450;77
1451;77
1452;77
1453;77
1454;77
1455;77
1456;77
1457;77
1458;77
1459;77
1460;77
1461;77
1462;77
1463;77
1464;77
1465;77
1466;77
1467;77
1468;77
1469;77
1470;77
1471;77
1472;77
1473;77
1474;77
1475;77
1476;77
1477;77
1478;77
1479;77
1480;77
1481;77
1482;77
1483;77
1484;77
1485;77
1486;77
1487;77
1488;77
1489;77
1490;77
1491;77
1492;77
1493;77
1494;77
1495;77
1496;77
1497;77
1498;77
1499;77
1500;77
1501;77
1502;77
1503;77
1504;77
1505;77
1506;77
1507;77
1508;77
1509;77
1510;77
1511;77
1512;77
1513;77
1514;77
1515;77
1516;77
1517;77
1518;77
1519;77
1520;77
1521;77
1522;77
1523;77
1524;77
1525;77
1526;77
1527;77
1528;77
1529;77
1530;77
1531;77
1532;77
1533;77
1534;77
1535;77
1536;77
1537;77
1538;77
1539;77
1540;77
1541;77
1542;77
1543;77
1544;77
1545;77
1546;77
1547;77
1548;77
1549;77
1550;77
1551;77
1552;77
1553;77
1554;77
1555;77
1556;77
1557;77
1558;77
1559;77
1560;77
1561;77
1562;77
1563;77
1564;77
1565;77
1566;77
1567;77
1568;77
1569;77
1570;77
1571;77
1572;77
1573;77
1574;77
1575;79
1576;79
1577;79
1578;79
1579;79
1580;79
1581;79
1582;79
1583;79
1584;79
1585;79
1586;79
1587;79
1588;79
1589;79
1590;79
1591;79
1592;79
1593;79
1594;79
1595;79
1596;79
1597;79
1598;79
1599;79
1600;79
1601;79
1602;79
1603;79
1604;79
1605;79
1606;79
1607;79
1608;79
1609;79
1610;79
1611;79
1612;79
1613;79
1614;79
1615;79
1616;79
1617;79
1618;79
1619;79
1620;79
1621;79
1622;79
1623;79
1624;79
1625;79
1626;79
1627;79
1628;79
1629;79
1630;79
1631;79
1632;79
1633;79
1634;79
1635;79
1636;79
1637;79
1638;79
1639;79
1640;79
1641;79
1642;79
1643;79
1644;79
1645;79
1646;79
1647;79
1648;79
1649;79
1650;79
1651;79
1652;79
1653;79
1654;79
1655;79
1656;79
1657;79
1658;79
1659;79
1660;79
1661;79
1662;79
1663;79
1664;79
1665;79
1666;79
1667;79
1668;79
1669;79
1670;79
1671;79
1672;79
1673;79
1674;79
1675;79
1676;79
1677;79
1678;79
1679;79
1680;79
1681;79
1682;79
1683;79
1684;79
1685;79
1686;79
1687;79
1688;79
1689;79
1690;79
1691;79
1692;79
1693;79
1694;79
1695;79
1696;79
1697;79
1698;79
1699;79
1700;79
1701;79
1702;79
1703;79
1704;79
1705;79
1706;79
1707;79
1708;79
1709;79
1710;79
1711;79
1712;79
1713;79
1714;79
1715;79
1716;79
1717;79
1718;79
1719;79
1720;79
1721;79
1722;79
1723;79
1724;79
1725;79
1726;79
1727;79
1728;79
1729;79
1730;79
1731;79
1732;79
1733;79
1734;79
1735;79
1736;79
1737;79
1738;79
1739;79
1740;79
1741;79
1742;79
1743;79
1744;79
1745;79
1746;79
1747;79
1748;79
1749;79
1750;79
1751;79
1752;79
1753;79
1754;79
1755;79
1756;79
1757;79
1758;79
1759;79
1760;79
1761;79
1762;79
1763;79
1764;79
1765;79
1766;79
1767;79
1768;79
1769;79
1770;79
1771;79
1772;79
1773;79
1774;79
1775;79
1776;79
1777;79
1778;79
1779;79
1780;79
1781;79
1782;79
1783;79
1784;79
1785;79
1786;79
1787;79
1788;79
1789;79
1790;79
1791;79
1792;79
1793;79
1794;79
1795;79
1796;79
1797;79
1798;79
1799;79
1800;79
1801;79
1802;79
1803;79
1804;79
1805;79
1806;79
1807;79
1808;79
1809;79
1810;79
1811;79
1812;79
1813;79
1814;79
1815;79
1816;79
1817;79
1818;79
1819;79
1820;79
1821;79
1822;79
1823;79
1824;79
1825;79
1826;79
1827;79
1828;79
1829;79
1830;79
1831;79
1832;79
1833;79
1834;79
1835;79
1836;79
1837;79
1838;79
1839;79
1840;79
1841;79
1842;79
1843;79
1844;79
1845;79
1846;79
1847;79
1848;79
1849;79
1850;79
1851;79
1852;79
1853;79
1854;79
1855;79
1856;79
1857;79
1858;79
1859;79
1860;79
1861;79
1862;79
1863;79
1864;79
1865;79
1866;79
1867;79
1868;79
1869;79
1870;79
1871;79
1872;79
1873;79
1874;79
1875;79
1876;79
1877;79
1878;79
1879;79
1880;79
1881;79
1882;79
1883;79
1884;79
1885;79
1886;79
1887;79
1888;79
1889;79
1890;79
1891;79
1892;79
1893;79
1894;79
1895;79
1896;79
1897;79
1898;79
1899;79
1900;79
1901;79
1902;79
1903;79
1904;79
1905;79
1906;79
1907;79
1908;79
1909;79
1910;79
1911;79
1912;79
1913;79
1914;79
1915;79
1916;79
1917;79
1918;79
1919;79
1920;79
1921;79
1922;79
1923;79
1924;79
1925;79
1926;79
1927;79
1928;79
1929;79
1930;79
1931;79
1932;79
1933;79
1934;79
1935;79
1936;79
1937;79
1938;79
1939;79
1940;79
1941;79
1942;79
1943;79
1944;79
1945;79
1946;79
1947;79
1948;79
1949;79
1950;79
1951;79
1952;79
1953;79
1954;79
1955;79
1956;79
1957;79
1958;79
1959;79
1960;79
1961;79
1962;79
1963;79
1964;79
1965;79
1966;79
1967;79
1968;79
1969;79
1970;79
1971;79
1972;79
1973;79
1974;79
1975;79
1976;79
1977;79
1978;79
1979;79
1980;79
1981;79
1982;79
1983;79
1984;79
1985;79
1986;79
1987;79
1988;79
1989;79
1990;79
1991;79
1992;79
1993;82
1994;82
1995;82
1996;82
1997;82
1998;82
1999;82
2000;82
2001;82
2002;82
2003;82
2004;82
2005;82
2006;82
2007;82
2008;82
2009;82
2010;82
2011;82
2012;82
2013;82
2014;82
2015;82
2016;82
2017;82
2018;82
2019;82
2020;82
2021;82
2022;82
2023;82
2024;82
2025;82
2026;82
2027;82
2028;82
2029;82
2030;82
2031;82
2032;82
2033;82
2034;82
2035;82
2036;82
2037;82
2038;82
2039;82
2040;82
2041;82
2042;82
2043;82
2044;82
2045;82
2046;82
2047;82
2048;82
2049;82
2050;82
2051;82
2052;82
2053;82
2054;82
2055;82
2056;82
2057;82
2058;82
2059;82
2060;82
2061;82
2062;82
2063;82
2064;82
2065;82
2066;82
2067;82
2068;82
2069;82
2070;82
2071;82
2072;82
2073;82
2074;82
2075;82
2076;82
2077;82
2078;82
2079;82
2080;82
2081;82
2082;82
2083;82
2084;82
2085;82
2086;82
2087;82
2088;82
2089;82
2090;82
2091;82
2092;82
2093;82
2094;82
2095;82
2096;82
2097;82
2098;82
2099;82
2100;82
2101;82
2102;82
2103;82
2104;82
2105;82
2106;82
2107;82
2108;82
2109;82
2110;82
2111;82
2112;82
2113;82
2114;82
2115;82
2116;82
2117;82
2118;82
2119;82
2120;82
2121;82
2122;82
2123;82
2124;82
2125;82
2126;82
2127;82
2128;82
2129;82
2130;82
2131;82
2132;82
2133;82
2134;82
2135;82
2136;82
2137;82
2138;82
2139;82
2140;82
2141;82
2142;82
2143;82
2144;82
2145;82
2146;82
2147;82
2148;82
2149;82
2150;82
2151;82
2152;82
2153;82
2154;82
2155;82
2156;82
2157;82
2158;82
2159;82
2160;82
2161;82
2162;82
2163;82
2164;82
2165;82
2166;82
2167;82
2168;82
2169;82
2170;82
2171;82
2172;82
2173;82
2174;82
2175;82
2176;82
2177;82
2178;82
2179;82
2180;82
2181;82
2182;82
2183;82
2184;82
2185;82
2186;82
2187;82
2188;82
2189;82
2190;82
2191;82
2192;82
2193;82
2194;82
2195;82
2196;82
2197;82
2198;82
2199;82
2200;82
2201;82
2202;82
2203;82
2204;82
2205;82
2206;82
2207;82
2208;82
2209;82
2210;82
2211;82
2212;82
2213;82
2214;82
2215;82
2216;82
2217;82
2218;82
2219;82
2220;82
2221;82
2222;82
2223;82
2224;82
2225;82
2226;82
2227;82
2228;82
2229;82
2230;82
2231;82
2232;82
2233;82
2234;82
2235;82
2236;82
2237;82
2238;82
2239;82
2240;82
2241;82
2242;82
2243;82
2244;82
2245;82
2246;82
2247;82
2248;82
2249;82
2250;82
2251;82
2252;82
2253;82
2254;82
2255;82
2256;82
2257;82
2258;82
2259;82
2260;82
2261;82
2262;82
2263;82
2264;82
2265;82
2266;82
2267;82
2268;82
2269;82
2270;82
2271;82
2272;82
2273;82
2274;82
2275;82
2276;82
2277;82
2278;82
2279;82
2280;82
2281;82
2282;82
2283;82
2284;82
2285;82
2286;82
2287;82
2288;82
2289;82
2290;82
2291;82
2292;82
2293;82
2294;82
2295;82
2296;82
2297;82
2298;82
2299;82
2300;82
2301;82
2302;82
2303;82
2304;82
2305;82
2306;82
2307;82
2308;82
2309;82
2310;82
2311;82
2312;82
2313;82
2314;82
2315;82
2316;82
2317;82
2318;82
2319;82
2320;82
2321;82
2322;82
2323;82
2324;82
2325;82
2326;82
2327;82
2328;82
2329;82
2330;82
2331;82
2332;82
2333;82
2334;82
2335;82
2336;82
2337;82
2338;82
2339;82
2340;82
2341;82
2342;82
2343;82
2344;82
2345;82
2346;82
2347;82
2348;82
2349;82
2350;82
2351;82
2352;82
2353;82
2354;82
2355;82
2356;82
2357;82
2358;82
2359;82
2360;82
2361;82
2362;82
2363;82
2364;82
2365;82
2366;82
2367;82
2368;82
2369;82
2370;82
2371;82
2372;82
2373;82
2374;82
2375;82
2376;82
2377;82
2378;82
2379;82
2380;82
2381;82
2382;82
2383;82
2384;82
2385;82
2386;82
2387;82
2388;82
2389;82
2390;82
2391;82
2392;82
2393;82
2394;82
2395;82
2396;82
2397;82
2398;82
2399;82
2400;82
2401;82
2402;82
2403;82
2404;82
2405;82
2406;82
2407;82
2408;82
2409;82
2410;82
2411;82
2412;82
2413;82
2414;82
2415;82
2416;82
2417;82
2418;82
2419;82
2420;82
2421;82
2422;82
2423;82
2424;82
2425;82
2426;82
2427;82
2428;82
2429;82
2430;82
2431;82
2432;82
2433;82
2434;82
2435;82
2436;82
2437;82
2438;82
2439;82
2440;82
2441;82
2442;82
2443;82
2444;82
2445;82
2446;82
2447;82
2448;82
2449;82
2450;82
2451;82
2452;82
2453;82
2454;82
2455;82
2456;82
2457;82
2458;82
2459;82
2460;82
2461;82
2462;82
2463;82
2464;82
2465;82
2466;82
2467;82
2468;82
2469;82
2470;82
2471;82
2472;82
2473;82
2474;82
2475;82
2476;82
2477;82
2478;82
2479;82
2480;82
2481;82
2482;82
2483;82
2484;82
2485;82
2486;82
2487;82
2488;82
2489;82
2490;82
2491;82
2492;82
2493;82
2494;82
2495;82
2496;82
2497;82
2498;82
2499;82
2500;82
2501;82
2502;82
2503;82
2504;82
2505;82
2506;82
2507;82
2508;82
2509;82
2510;82
2511;82
2512;82
2513;82
2514;82
2515;82
2516;82
2517;82
2518;82
2519;82
2520;82
2521;82
2522;82
2523;82
2524;82
2525;82
2526;82
2527;82
2528;82
2529;82
2530;82
2531;82
2532;82
2533;82
2534;82
2535;82
2536;82
2537;82
2538;82
2539;82
2540;82
2541;82
2542;82
2543;82
2544;82
2545;82
2546;82
2547;82
2548;82
2549;82
2550;82
2551;82
2552;82
2553;82
2554;82
2555;82
2556;82
2557;82
2558;82
2559;82
2560;82
2561;82
2562;82
2563;82
2564;82
2565;82
2566;82
2567;82
2568;82
2569;82
2570;82
2571;82
2572;82
2573;82
2574;82
2575;82
2576;82
2577;82
2578;82
2579;82
2580;82
2581;82
2582;82
2583;82
2584;82
2585;82
2586;82
2587;82
2588;82
2589;82
2590;82
2591;82
2592;82
2593;82
2594;82
2595;82
2596;82
2597;82
2598;82
2599;82
2600;82
2601;82
2602;82
2603;82
2604;82
2605;82
2606;82
2607;82
2608;82
2609;82
2610;82
2611;82
2612;82
2613;82
2614;82
2615;82
2616;82
2617;82
2618;82
2619;82
2620;82
2621;82
2622;82
2623;82
2624;82
2625;82
2626;82
2627;82
2628;82
2629;82
2630;82
2631;82
2632;82
2633;82
2634;82
2635;82
2636;82
2637;82
2638;82
2639;82
2640;82
2641;82
2642;82
2643;82
2644;82
2645;82
2646;82
2647;82
2648;82
2649;82
2650;82
2651;82
2652;82
2653;82
2654;82
2655;82
2656;82
2657;82
2658;82
2659;82
2660;82
2661;82
2662;82
2663;82
2664;82
2665;82
2666;82
2667;82
2668;82
2669;82
2670;82
2671;82
2672;82
2673;82
2674;82
2675;82
2676;82
2677;82
2678;82
2679;82
2680;82
2681;82
2682;82
2683;82
2684;82
2685;82
2686;82
2687;82
2688;82
2689;82
2690;82
2691;82
2692;82
2693;82
2694;82
2695;82
2696;82
2697;82
2698;82
2699;82
2700;82
2701;82
2702;82
2703;82
2704;82
2705;82
2706;82
2707;82
2708;82
2709;82
2710;82
2711;82
2712;82
2713;82
2714;82
2715;82
2716;82
2717;82
2718;82
2719;82
2720;82
2721;82
2722;82
2723;82
2724;82
2725;82
2726;82
2727;82
2728;82
2729;82
2730;82
2731;82
2732;82
2733;82
2734;82
2735;82
2736;82
2737;82
2738;82
2739;82
2740;82
2741;82
2742;82
2743;82
2744;82
2745;82
2746;82
2747;82
2748;82
2749;82
2750;82
2751;82
2752;82
2753;82
2754;82
2755;82
2756;82
2757;82
2758;82
2759;82
2760;82
2761;82
2762;82
2763;82
2764;82
2765;82
2766;82
2767;82
2768;82
2769;82
2770;82
2771;82
2772;82
2773;82
2774;82
2775;82
2776;82
2777;82
2778;82
2779;82
2780;82
2781;82
2782;82
2783;82
2784;82
2785;82
2786;82
2787;82
2788;82
2789;82
2790;82
2791;82
2792;82
2793;82
2794;82
2795;82
2796;82
2797;82
2798;82
2799;82
2800;82
2801;82
2802;82
2803;82
2804;82
2805;82
2806;82
2807;82
2808;82
2809;82
2810;82
2811;82
2812;82
2813;82
2814;82
2815;82
2816;82
2817;82
2818;82
2819;82
2820;82
2821;82
2822;82
2823;82
2824;82
2825;82
2826;82
2827;82
2828;82
2829;82
2830;82
2831;82
2832;82
2833;82
2834;82
2835;82
2836;82
2837;82
2838;82
2839;82
2840;82
2841;82
2842;82
2843;82
2844;82
2845;82
2846;82
2847;82
2848;82
2849;82
2850;82
2851;82
2852;82
2853;82
2854;82
2855;82
2856;82
2857;82
2858;82
2859;82
2860;82
2861;82
2862;82
2863;82
2864;82
2865;82
2866;82
2867;82
2868;82
2869;82
2870;82
2871;82
2872;82
2873;82
2874;82
2875;82
2876;82
2877;82
2878;82
2879;82
2880;82
2881;82
2882;82
2883;82
2884;82
2885;82
2886;82
2887;82
2888;82
2889;82
2890;82
2891;82
2892;82
2893;82
2894;82
2895;82
2896;82
2897;82
2898;82
2899;82
2900;82
2901;82
2902;82
2903;82
2904;82
2905;82
2906;82
2907;82
2908;82
2909;82
2910;82
2911;82
2912;82
2913;82
2914;82
2915;82
2916;82
2917;82
2918;82
2919;82
2920;82
2921;82
2922;82
2923;82
2924;82
2925;82
2926;82
2927;82
2928;82
2929;82
2930;82
2931;82
2932;82
2933;82
2934;82
2935;82
2936;82
2937;82
2938;82
2939;82
2940;82
2941;82
2942;82
2943;82
2944;82
2945;82
2946;82
2947;82
2948;82
2949;82
2950;82
2951;82
2952;82
2953;82
2954;82
2955;82
2956;82
2957;82
2958;82
2959;82
2960;82
2961;82
2962;82
2963;82
2964;82
2965;82
2966;82
2967;82
2968;82
2969;82
2970;82
2971;82
2972;82
2973;82
2974;82
2975;82
2976;82
2977;82
2978;82
2979;82
2980;82
2981;82
2982;82
2983;82
2984;82
2985;82
2986;82
2987;82
2988;82
2989;82
2990;82
2991;82
2992;82
2993;82
2994;82
2995;82
2996;82
2997;82
2998;82
2999;82
3000;82
3001;82
3002;82
3003;82
3004;82
3005;82
3006;82
3007;82
3008;82
3009;82
3010;82
3011;82
3012;82
3013;82
3014;82
3015;82
3016;82
3017;82
3018;82
3019;82
3020;82
3021;82
3022;82
3023;82
3024;82
3025;82
3026;82
3027;82
3028;82
3029;82
3030;82
3031;82
3032;82
3033;82
3034;82
3035;82
3036;82
3037;82
3038;82
3039;82
3040;82
3041;82
3042;82
3043;82
3044;82
3045;82
3046;82
3047;82
3048;82
3049;82
3050;82
3051;82
3052;82
3053;82
3054;82
3055;82
3056;82
3057;82
3058;82
3059;82
3060;82
3061;82
3062;82
3063;82
3064;82
3065;82
3066;82
3067;82
3068;82
3069;82
3070;82
3071;82
3072;82
3073;82
3074;82
3075;82
3076;82
3077;82
3078;82
3079;82
3080;82
3081;82
3082;82
3083;82
3084;82
3085;82
3086;82
3087;82
3088;82
3089;82
3090;82
3091;82
3092;82
3093;82
3094;82
3095;82
3096;82
3097;82
3098;82
3099;82
3100;82
3101;82
3102;82
3103;82
3104;82
3105;82
3106;82
3107;82
3108;82
3109;82
3110;82
3111;82
3112;82
3113;82
3114;82
3115;82
3116;82
3117;82
3118;82
3119;82
3120;82
3121;82
3122;82
3123;82
3124;82
3125;82
3126;82
3127;82
3128;82
3129;82
3130;82
3131;82
3132;82
3133;82
3134;82
3135;82
3136;82
3137;82
3138;82
3139;82
3140;82
3141;82
3142;82
3143;82
3144;82
3145;82
3146;82
3147;82
3148;82
3149;82
3150;82
3151;82
3152;82
3153;82
3154;82
3155;82
3156;82
3157;82
3158;82
3159;82
3160;82
3161;82
3162;82
3163;82
3164;82
3165;82
3166;82
3167;82
3168;82
3169;82
3170;82
3171;82
3172;82
3173;82
3174;82
3175;82
3176;82
3177;82
3178;82
3179;82
3180;82
3181;82
3182;82
3183;82
3184;82
3185;82
3186;82
3187;82
3188;82
3189;82
3190;82
3191;82
3192;82
3193;82
3194;82
3195;82
3196;82
3197;82
3198;82
3199;82
3200;82
3201;82
3202;82
3203;82
3204;82
3205;82
3206;82
3207;82
3208;82
3209;82
3210;82
3211;82
3212;82
3213;82
3214;82
3215;82
3216;82
3217;82
3218;82
3219;82
3220;82
3221;82
3222;82
3223;82
3224;82
3225;82
3226;82
3227;82
3228;82
3229;82
3230;82
3231;82
3232;82
3233;82
3234;82
3235;82
3236;82
3237;82
3238;82
3239;82
3240;82
3241;82
3242;82
3243;82
3244;82
3245;82
3246;82
3247;82
3248;82
3249;82
3250;82
3251;82
3252;82
3253;82
3254;82
3255;82
3256;82
3257;82
3258;82
3259;82
3260;82
3261;82
3262;82
3263;82
3264;82
3265;82
3266;82
3267;82
3268;82
3269;82
3270;82
3271;82
3272;82
3273;82
3274;82
3275;82
3276;82
3277;82
3278;82
3279;82
3280;82
3281;82
3282;82
3283;82
3284;82
3285;82
3286;82
3287;82
3288;82
3289;82
3290;82
3291;82
3292;82
3293;82
3294;82
3295;82
3296;82
3297;82
3298;82
3299;82
3300;82
3301;82
3302;82
3303;82
3304;82
3305;82
3306;82
3307;82
3308;82
3309;82
3310;82
3311;82
3312;82
3313;82
3314;82
3315;82
3316;82
3317;82
3318;82
3319;82
3320;82
3321;82
3322;82
3323;82
3324;82
3325;82
3326;82
3327;82
3328;82
3329;82
3330;82
3331;82
3332;82
3333;82
3334;82
3335;82
3336;82
3337;82
3338;82
3339;82
3340;82
3341;82
3342;82
3343;82
3344;82
3345;82
3346;82
3347;82
3348;82
3349;82
3350;82
3351;82
3352;82
3353;82
3354;82
3355;82
3356;82
3357;82
3358;82
3359;82
3360;82
3361;82
3362;82
3363;82
3364;82
3365;82
3366;82
3367;82
3368;82
3369;82
3370;82
3371;82
3372;82
3373;82
3374;82
3375;82
3376;82
3377;82
3378;82
3379;82
3380;82
3381;82
3382;82
3383;82
3384;82
3385;82
3386;82
3387;82
3388;82
3389;82
3390;82
3391;82
3392;82
3393;82
3394;82
3395;82
3396;82
3397;82
3398;82
3399;82
3400;82
3401;82
3402;82
3403;82
3404;82
3405;82
3406;82
3407;82
3408;82
3409;82
3410;82
3411;82
3412;82
3413;82
3414;82
3415;82
3416;82
3417;82
3418;82
3419;82
3420;82
3421;82
3422;82
3423;82
3424;82
3425;82
3426;82
3427;82
3428;82
3429;82
3430;82
3431;82
3432;82
3433;82
3434;82
3435;82
3436;82
3437;82
3438;82
3439;82
3440;82
3441;82
3442;82
3443;82
3444;82
3445;82
3446;82
3447;82
3448;82
3449;82
3450;82
3451;82
3452;82
3453;82
3454;82
3455;82
3456;82
3457;82
3458;82
3459;82
3460;82
3461;82
3462;82
3463;82
3464;82
3465;82
3466;82
3467;82
3468;82
3469;82
3470;82
3471;82
3472;82
3473;82
3474;82
3475;82
3476;82
3477;82
3478;82
3479;82
3480;82
3481;82
3482;82
3483;82
3484;82
3485;82
3486;82
3487;82
3488;82
3489;82
3490;82
3491;82
3492;82
3493;82
3494;82
3495;82
3496;82
3497;82
3498;82
3499;82
3500;82
3501;82
3502;82
3503;82
3504;82
3505;82
3506;82
3507;82
3508;82
3509;82
3510;82
3511;82
3512;82
3513;82
3514;82
3515;82
3516;82
3517;82
3518;82
3519;82
3520;82
3521;82
3522;82
3523;82
3524;82
3525;82
3526;82
3527;82
3528;82
3529;82
3530;82
3531;82
3532;82
3533;82
3534;82
3535;82
3536;82
3537;82
3538;82
3539;82
3540;82
3541;82
3542;82
3543;82
3544;82
3545;82
3546;82
3547;82
3548;82
3549;82
3550;82
3551;82
3552;82
3553;82
3554;82
3555;82
3556;82
3557;82
3558;82
3559;82
3560;82
3561;82
3562;82
3563;82
3564;82
3565;82
3566;82
3567;82
3568;82
3569;82
3570;82
3571;82
3572;82
3573;82
3574;82
3575;82
3576;82
3577;82
3578;82
3579;82
3580;82
3581;82
3582;82
3583;82
3584;82
3585;82
3586;82
3587;82
3588;82
3589;82
3590;82
3591;82
3592;82
3593;82
3594;82
3595;82
3596;82
3597;82
3598;82
3599;82
3600;82
3601;82
3602;82
3603;82
3604;82
3605;82
3606;82
3607;82
3608;82
3609;82
3610;82
3611;82
3612;82
3613;82
3614;82
3615;82
3616;82
3617;82
3618;82
3619;82
3620;82
3621;82
3622;82
3623;82
3624;82
3625;82
3626;82
3627;82
3628;82
3629;82
3630;82
3631;82
3632;82
3633;82
3634;82
3635;82
3636;82
3637;82
3638;82
3639;82
3640;82
3641;82
3642;82
3643;82
3644;82
3645;82
3646;82
3647;82
3648;82
3649;82
3650;82
3651;82
3652;82
3653;82
3654;82
3655;82
3656;82
3657;82
3658;82
3659;82
3660;82
3661;82
3662;82
3663;82
3664;82
3665;82
3666;82
3667;82
3668;82
3669;82
3670;82
3671;82
3672;82
3673;82
3674;82
3675;82
3676;82
3677;82
3678;82
3679;82
3680;82
3681;82
3682;82
3683;82
3684;82
3685;82
3686;82
3687;82
3688;82
3689;82
3690;82
3691;82
3692;82
3693;82
3694;82
3695;82
3696;82
3697;82
3698;82
3699;82
3700;82
3701;82
3702;82
3703;82
3704;82
3705;82
3706;82
3707;82
3708;82
3709;82
3710;82
3711;82
3712;82
3713;82
3714;82
3715;82
3716;82
3717;82
3718;82
3719;82
3720;82
3721;82
3722;82
3723;82
3724;82
3725;82
3726;82
3727;82
3728;82
3729;82
3730;82
3731;82
3732;82
3733;82
3734;82
3735;82
3736;82
3737;82
3738;82
3739;82
3740;82
3741;82
3742;82
3743;82
3744;82
3745;82
3746;82
3747;82
3748;82
3749;82
3750;82
3751;82
3752;82
3753;82
3754;82
3755;82
3756;82
3757;82
3758;82
3759;82
3760;82
3761;82
3762;82
3763;82
3764;82
3765;82
3766;82
3767;82
3768;82
3769;82
3770;82
3771;82
3772;82
3773;82
3774;82
3775;82
3776;82
3777;82
3778;82
3779;82
3780;82
3781;82
3782;82
3783;82
3784;82
3785;82
3786;82
3787;82
3788;82
3789;82
3790;82
3791;82
3792;82
3793;82
3794;82
3795;82
3796;82
3797;82
3798;82
3799;82
3800;82
3801;82
3802;82
3803;82
3804;82
3805;82
3806;82
3807;82
3808;82
3809;82
3810;82
3811;82
3812;82
3813;82
3814;82
3815;82
3816;82
3817;82
3818;82
3819;83
3820;83
3821;83
3822;83
3823;83
3824;83
3825;83
3826;83
3827;83
3828;83
3829;83
3830;83
3831;83
3832;83
3833;83
3834;83
3835;83
3836;83
3837;83
3838;83
3839;83
3840;83
3841;83
3842;83
3843;83
3844;83
3845;83
3846;83
3847;83
3848;83
3849;83
3850;83
3851;83
3852;83
3853;83
3854;83
3855;83
3856;83
3857;83
3858;83
3859;83
3860;83
3861;83
3862;83
3863;83
3864;83
3865;83
3866;83
3867;83
3868;83
3869;83
3870;83
3871;83
3872;83
3873;83
3874;83
3875;83
3876;83
3877;83
3878;83
3879;83
3880;83
3881;83
3882;83
3883;83
3884;83
3885;83
3886;83
3887;83
3888;83
3889;83
3890;83
3891;83
3892;83
3893;83
3894;83
3895;83
3896;83
3897;83
3898;83
3899;83
3900;83
3901;83
3902;83
3903;83
3904;83
3905;83
3906;83
3907;83
3908;83
3909;83
3910;83
3911;83
3912;83
3913;83
3914;83
3915;83
3916;83
3917;83
3918;83
3919;83
3920;83
3921;83
3922;83
3923;83
3924;83
3925;83
3926;83
3927;83
3928;83
3929;83
3930;83
3931;83
3932;83
3933;83
3934;83
3935;83
3936;83
3937;83
3938;83
3939;83
3940;83
3941;83
3942;83
3943;83
3944;83
3945;83
3946;83
3947;83
3948;83
3949;83
3950;83
3951;83
3952;83
3953;83
3954;83
3955;83
3956;83
3957;83
3958;83
3959;83
3960;83
3961;83
3962;83
3963;83
3964;83
3965;83
3966;83
3967;83
3968;83
3969;83
3970;83
3971;83
3972;83
3973;83
3974;83
3975;83
3976;83
3977;83
3978;83
3979;83
3980;83
3981;83
3982;83
3983;83
3984;83
3985;83
3986;83
3987;83
3988;83
3989;83
3990;83
3991;83
3992;83
3993;83
3994;83
3995;83
3996;83
3997;83
3998;83
3999;83
4000;83
4001;83
4002;83
4003;83
4004;83
4005;83
4006;83
4007;83
4008;83
4009;83
4010;83
4011;83
4012;83
4013;83
4014;83
4015;83
4016;83
4017;83
4018;83
4019;83
4020;83
4021;83
4022;83
4023;83
4024;83
4025;83
4026;83
4027;83
4028;83
4029;83
4030;83
4031;83
4032;83
4033;83
4034;83
4035;83
4036;83
4037;83
4038;83
4039;83
4040;83
4041;83
4042;83
4043;83
4044;83
4045;83
4046;83
4047;83
4048;83
4049;83
4050;83
4051;83
4052;83
4053;83
4054;83
4055;83
4056;83
4057;83
4058;83
4059;83
4060;83
4061;83
4062;83
4063;83
4064;83
4065;83
4066;83
4067;83
4068;83
4069;83
4070;83
4071;83
4072;83
4073;83
4074;83
4075;83
4076;83
4077;83
4078;83
4079;83
4080;83
4081;83
4082;83
4083;83
4084;83
4085;83
4086;83
4087;83
4088;83
4089;83
4090;83
4091;83
4092;83
4093;83
4094;83
4095;83
4096;83
4097;83
4098;83
4099;83
4100;83
4101;83
4102;83
4103;83
4104;83
4105;83
4106;83
4107;83
4108;83
4109;83
4110;83
4111;83
4112;83
4113;83
4114;83
4115;83
4116;83
4117;83
4118;83
4119;83
4120;83
4121;83
4122;83
4123;83
4124;83
4125;83
4126;83
4127;83
4128;83
4129;83
4130;83
4131;83
4132;83
4133;83
4134;83
4135;83
4136;83
4137;83
4138;83
4139;83
4140;83
4141;83
4142;83
4143;83
4144;83
4145;83
4146;83
4147;83
4148;83
4149;83
4150;83
4151;83
4152;83
4153;83
4154;83
4155;83
4156;83
4157;83
4158;83
4159;83
4160;83
4161;83
4162;83
4163;83
4164;83
4165;83
4166;83
4167;83
4168;83
4169;83
4170;83
4171;83
4172;83
4173;83
4174;83
4175;83
4176;83
4177;83
4178;83
4179;83
4180;83
4181;83
4182;83
4183;83
4184;83
4185;83
4186;83
4187;83
4188;83
4189;83
4190;83
4191;83
4192;83
4193;83
4194;83
4195;83
4196;83
4197;83
4198;83
4199;83
4200;83
4201;83
4202;83
4203;83
4204;83
4205;83
4206;83
4207;83
4208;83
4209;83
4210;83
4211;83
4212;83
4213;83
4214;83
4215;83
4216;83
4217;83
4218;83
4219;83
4220;83
4221;83
4222;83
4223;83
4224;83
4225;83
4226;83
4227;83
4228;83
4229;83
4230;83
4231;83
4232;83
4233;83
4234;83
4235;83
4236;83
4237;83
4238;83
4239;83
4240;83
4241;83
4242;83
4243;83
4244;83
4245;83
4246;83
4247;83
4248;83
4249;83
4250;83
4251;83
4252;83
4253;83
4254;83
4255;83
4256;83
4257;83
4258;83
4259;83
4260;83
4261;83
4262;83
4263;83
4264;83
4265;83
4266;83
4267;83
4268;83
4269;83
4270;83
4271;83
4272;83
4273;83
4274;83
4275;83
4276;83
4277;83
4278;83
4279;83
4280;83
4281;83
4282;83
4283;83
4284;83
4285;83
4286;83
4287;83
4288;83
4289;83
4290;83
4291;83
4292;83
4293;83
4294;83
4295;83
4296;83
4297;83
4298;83
4299;83
4300;83
4301;83
4302;83
4303;83
4304;83
4305;83
4306;83
4307;83
4308;83
4309;83
4310;83
4311;83
4312;83
4313;83
4314;83
4315;83
4316;83
4317;83
4318;83
4319;83
4320;83
4321;83
4322;83
4323;83
4324;83
4325;83
4326;83
4327;83
4328;83
4329;83
4330;83
4331;83
4332;83
4333;83
4334;83
4335;83
4336;83
4337;83
4338;83
4339;83
4340;83
4341;83
4342;83
4343;83
4344;83
4345;83
4346;83
4347;83
4348;83
4349;83
4350;83
4351;83
4352;83
4353;83
4354;83
4355;83
4356;83
4357;83
4358;83
4359;83
4360;83
4361;83
4362;83
4363;83
4364;83
4365;83
4366;83
4367;83
4368;83
4369;83
4370;83
4371;83
4372;83
4373;83
4374;83
4375;83
4376;83
4377;83
4378;83
4379;83
4380;83
4381;83
4382;83
4383;83
4384;83
4385;83
4386;83
4387;83
4388;83
4389;83
4390;83
4391;83
4392;83
4393;83
4394;83
4395;83
4396;83
4397;83
4398;83
4399;83
4400;83
4401;83
4402;83
4403;83
4404;83
4405;83
4406;83
4407;83
4408;83
4409;83
4410;83
4411;83
4412;83
4413;83
4414;83
4415;83
4416;83
4417;83
4418;83
4419;83
4420;83
4421;83
4422;83
4423;83
4424;83
4425;83
4426;83
4427;83
4428;83
4429;83
4430;83
4431;83
4432;83
4433;83
4434;83
4435;83
4436;83
4437;83
4438;83
4439;83
4440;83
4441;83
4442;83
4443;83
4444;83
4445;83
4446;83
4447;83
4448;83
4449;83
4450;83
4451;83
4452;83
4453;83
4454;83
4455;83
4456;83
4457;83
4458;83
4459;83
4460;83
4461;83
4462;83
4463;83
4464;83
4465;83
4466;83
4467;83
4468;83
4469;83
4470;83
4471;83
4472;83
4473;83
4474;83
4475;83
4476;83
4477;83
4478;83
4479;83
4480;83
4481;83
4482;83
4483;83
4484;83
4485;83
4486;83
4487;83
4488;83
4489;83
4490;83
4491;83
4492;83
4493;83
4494;83
4495;83
4496;83
4497;83
4498;83
4499;83
4500;83
4501;83
4502;83
4503;83
4504;83
4505;83
4506;83
4507;83
4508;83
4509;83
4510;83
4511;83
4512;83
4513;83
4514;83
4515;83
4516;83
4517;83
4518;83
4519;83
4520;83
4521;83
4522;83
4523;83
4524;83
4525;83
4526;83
4527;83
4528;83
4529;83
4530;83
4531;83
4532;83
4533;83
4534;83
4535;83
4536;83
4537;83
4538;83
4539;83
4540;83
4541;83
4542;83
4543;83
4544;83
4545;83
4546;83
4547;83
4548;83
4549;83
4550;83
4551;83
4552;83
4553;83
4554;83
4555;83
4556;83
4557;83
4558;83
4559;83
4560;83
4561;83
4562;83
4563;83
4564;83
4565;83
4566;83
4567;83
4568;83
4569;83
4570;83
4571;83
4572;83
4573;94
4574;94
4575;94
4576;94
4577;94
4578;94
4579;94
4580;94
4581;94
4582;94
4583;94
4584;94
4585;94
4586;94
4587;94
4588;94
4589;94
4590;94
4591;94
4592;94
4593;94
4594;94
4595;94
4596;94
4597;94
4598;94
4599;94
4600;94
4601;94
4602;94
4603;94
4604;94
4605;94
4606;94
4607;94
4608;94
4609;94
4610;94
4611;94
4612;94
4613;94
4614;94
4615;94
4616;94
4617;94
4618;94
4619;94
4620;94
4621;94
4622;94
4623;94
4624;94
4625;94
4626;94
4627;94
4628;94
4629;94
4630;94
4631;94
4632;94
4633;94
4634;94
4635;94
4636;94
4637;94
4638;94
4639;94
4640;94
4641;94
4642;94
4643;94
4644;94
4645;94
4646;94
4647;94
4648;94
4649;94
4650;94
4651;94
4652;94
4653;94
4654;94
4655;94
4656;94
4657;94
4658;94
4659;94
4660;94
4661;94
4662;94
4663;94
4664;94
4665;94
4666;94
4667;94
4668;94
4669;94
4670;94
4671;94
4672;94
4673;94
4674;94
4675;94
4676;94
4677;94
4678;94
4679;94
4680;94
4681;94
4682;94
4683;94
4684;94
4685;94
4686;94
4687;94
4688;94
4689;94
4690;94
4691;94
4692;94
4693;94
4694;94
4695;94
4696;94
4697;94
4698;94
4699;94
4700;94
4701;94
4702;94
4703;94
4704;94
4705;94
4706;94
4707;94
4708;94
4709;94
4710;94
4711;94
4712;94
4713;94
4714;94
4715;94
4716;94
4717;94
4718;94
4719;94
4720;94
4721;94
4722;94
4723;94
4724;94
4725;94
4726;94
4727;94
4728;94
4729;94
4730;94
4731;94
4732;94
4733;94
4734;94
4735;94
4736;94
4737;94
4738;94
4739;94
4740;94
4741;94
4742;94
4743;94
4744;94
4745;94
4746;94
4747;94
4748;94
4749;94
4750;94
4751;94
4752;94
4753;94
4754;94
4755;94
4756;94
4757;94
4758;94
4759;94
4760;94
4761;94
4762;94
4763;94
4764;94
4765;94
4766;94
4767;94
4768;94
4769;94
4770;94
4771;94
4772;94
4773;94
4774;94
4775;94
4776;94
4777;94
4778;94
4779;94
4780;94
4781;94
4782;94
4783;94
4784;94
4785;94
4786;94
4787;94
4788;94
4789;94
4790;94
4791;94
4792;94
4793;94
4794;94
4795;94
4796;94
4797;94
4798;94
4799;94
4800;94
4801;94
4802;94
4803;94
4804;94
4805;94
4806;94
4807;94
4808;94
4809;94
4810;94
4811;94
4812;94
4813;94
4814;94
4815;94
4816;94
4817;94
4818;94
4819;94
4820;94
4821;94
4822;94
4823;94
4824;94
4825;94
4826;94
4827;94
4828;94
4829;94
4830;94
4831;94
4832;94
4833;94
4834;94
4835;94
4836;94
4837;94
4838;94
4839;94
4840;94
4841;94
4842;94
4843;94
4844;94
4845;94
4846;94
4847;94
4848;94
4849;94
4850;94
4851;94
4852;94
4853;94
4854;94
4855;94
4856;94
4857;94
4858;94
4859;94
4860;94
4861;94
4862;94
4863;94
4864;94
4865;94
4866;94
4867;94
4868;94
4869;94
4870;94
4871;94
4872;94
4873;94
4874;94
4875;94
4876;94
4877;94
4878;94
4879;94
4880;94
4881;94
4882;94
4883;94
4884;94
4885;94
4886;94
4887;94
4888;94
4889;94
4890;94
4891;94
4892;94
4893;94
4894;94
4895;94
4896;94
4897;94
4898;94
4899;94
4900;94
4901;94
4902;94
4903;94
4904;94
4905;94
4906;94
4907;94
4908;94
4909;94
4910;94
4911;94
4912;94
4913;94
4914;94
4915;94
4916;94
4917;94
4918;94
4919;94
4920;94
4921;94
4922;94
4923;94
4924;94
4925;94
4926;94
4927;94
4928;94
4929;94
4930;94
4931;94
4932;94
4933;94
4934;94
4935;94
4936;94
4937;94
4938;94
4939;94
4940;94
4941;94
4942;94
4943;94
4944;94
4945;94
4946;94
4947;94
4948;94
4949;94
4950;94
4951;94
4952;94
4953;94
4954;94
4955;94
4956;94
4957;94
4958;94
4959;94
4960;94
4961;94
4962;94
4963;94
4964;94
4965;94
4966;94
4967;94
4968;94
4969;94
4970;94
4971;94
4972;94
4973;94
4974;94
4975;94
4976;94
4977;94
4978;94
4979;94
4980;94
4981;94
4982;94
4983;94
4984;94
4985;94
4986;94
4987;94
4988;94
4989;94
4990;94
4991;94
4992;94
4993;94
4994;94
4995;94
4996;94
4997;94
4998;94
4999;94
5000;94
5001;94
5002;94
5003;94
5004;94
5005;94
5006;94
5007;94
5008;94
5009;94
5010;94
5011;94
5012;94
5013;94
5014;94
5015;94
5016;94
5017;94
5018;94
5019;94
5020;94
5021;94
5022;94
5023;94
5024;94
5025;94
5026;94
5027;94
5028;94
5029;94
5030;94
5031;94
5032;94
5033;94
5034;94
5035;94
5036;94
5037;94
5038;94
5039;94
5040;94
5041;94
5042;94
5043;94
5044;94
5045;94
5046;94
5047;94
5048;94
5049;94
5050;94
5051;94
5052;94
5053;94
5054;94
5055;94
5056;94
5057;94
5058;94
5059;94
5060;94
5061;94
5062;94
5063;94
5064;94
5065;94
5066;94
5067;94
5068;94
5069;94
5070;94
5071;94
5072;94
5073;94
5074;94
5075;94
5076;94
5077;94
5078;94
5079;94
5080;94
5081;94
5082;94
5083;94
5084;94
5085;94
5086;94
5087;94
5088;94
5089;94
5090;94
5091;94
5092;94
5093;94
5094;94
5095;94
5096;94
5097;94
5098;94
5099;94
5100;94
5101;94
5102;94
5103;94
5104;94
5105;94
5106;94
5107;94
5108;94
5109;94
5110;94
5111;94
5112;94
5113;94
5114;94
5115;94
5116;94
5117;94
5118;94
5119;94
5120;94
5121;94
5122;94
5123;94
5124;94
5125;94
5126;94
5127;94
5128;94
5129;94
5130;94
5131;94
5132;94
5133;94
5134;94
5135;94
5136;94
5137;94
5138;94
5139;94
5140;94
5141;94
5142;94
5143;94
5144;94
5145;94
5146;94
5147;94
5148;94
5149;94
5150;94
5151;94
5152;94
5153;94
5154;94
5155;94
5156;94
5157;94
5158;94
5159;94
5160;94
5161;94
5162;94
5163;94
5164;94
5165;94
5166;94
5167;94
5168;94
5169;94
5170;94
5171;94
5172;94
5173;94
5174;94
5175;94
5176;94
5177;94
5178;94
5179;94
5180;94
5181;94
5182;94
5183;94
5184;94
5185;94
5186;94
5187;94
5188;94
5189;94
5190;94
5191;94
5192;94
5193;94
5194;94
5195;94
5196;94
5197;94
5198;94
5199;94
5200;94
5201;94
5202;94
5203;94
5204;94
5205;94
5206;94
5207;94
5208;94
5209;94
5210;94
5211;94
5212;94
5213;94
5214;94
5215;94
5216;94
5217;94
5218;94
5219;94
5220;94
5221;94
5222;94
5223;94
5224;94
5225;94
5226;94
5227;94
5228;94
5229;94
5230;94
5231;94
5232;94
5233;94
5234;94
5235;94
5236;94
5237;94
5238;94
5239;94
5240;94
5241;94
5242;94
5243;94
5244;94
5245;94
5246;94
5247;94
5248;94
5249;94
5250;94
5251;94
5252;94
5253;94
5254;94
5255;94
5256;94
5257;94
5258;94
5259;94
5260;94
5261;94
5262;94
5263;94
5264;94
5265;94
5266;94
5267;94
5268;94
5269;94
5270;94
5271;94
5272;94
5273;94
5274;94
5275;94
5276;94
5277;94
5278;94
5279;94
5280;94
5281;94
5282;94
5283;94
5284;94
5285;94
5286;94
5287;94
5288;94
5289;94
5290;94
5291;94
5292;94
5293;94
5294;94
5295;94
5296;94
5297;94
5298;94
5299;94
5300;94
5301;94
5302;94
5303;94
5304;94
5305;94
5306;94
5307;94
5308;94
5309;94
5310;94
5311;94
5312;94
5313;94
5314;94
5315;94
5316;94
5317;94
5318;94
5319;94
5320;94
5321;94
5322;94
5323;94
5324;94
5325;94
5326;94
5327;94
5328;94
5329;94
5330;94
5331;94
5332;94
5333;94
5334;94
5335;94
5336;94
5337;94
5338;94
5339;94
5340;94
5341;94
5342;94
5343;94
5344;94
5345;94
5346;94
5347;94
5348;94
5349;94
5350;94
5351;94
5352;94
5353;94
5354;94
5355;94
5356;94
5357;94
5358;94
5359;94
5360;94
5361;94
5362;94
5363;94
5364;94
5365;94
5366;94
5367;94
5368;94
5369;94
5370;94
5371;94
5372;94
5373;94
5374;94
5375;94
5376;94
5377;94
5378;94
5379;94
5380;94
5381;94
5382;94
5383;94
5384;94
5385;94
5386;94
5387;94
5388;94
5389;94
5390;94
5391;94
5392;94
5393;94
5394;94
5395;94
5396;94
5397;94
5398;94
5399;94
5400;94
5401;94
5402;94
5403;94
5404;94
5405;94
5406;94
5407;94
5408;94
5409;94
5410;94
5411;94
5412;94
5413;94
5414;94
5415;94
5416;94
5417;94
5418;94
5419;94
5420;94
5421;94
5422;94
5423;94
5424;94
5425;94
5426;94
5427;94
5428;94
5429;94
5430;94
5431;94
5432;94
5433;94
5434;94
5435;94
5436;94
5437;94
5438;94
5439;94
5440;94
5441;94
5442;94
5443;94
5444;94
5445;94
5446;94
5447;94
5448;94
5449;94
5450;94
5451;94
5452;94
5453;94
5454;94
5455;94
5456;94
5457;94
5458;94
5459;94
5460;94
5461;94
5462;94
5463;94
5464;94
5465;94
5466;94
5467;94
5468;94
5469;94
5470;94
5471;94
5472;94
5473;94
5474;94
5475;94
5476;94
5477;94
5478;94
5479;94
5480;94
5481;94
5482;94
5483;94
5484;94
5485;94
5486;94
5487;94
5488;94
5489;94
5490;94
5491;94
5492;94
5493;94
5494;94
5495;94
5496;94
5497;94
5498;94
5499;94
5500;94
5501;94
5502;94
5503;94
5504;94
5505;94
5506;94
5507;94
5508;94
5509;94
5510;94
5511;94
5512;94
5513;94
5514;94
5515;94
5516;94
5517;94
5518;94
5519;94
5520;94
5521;94
5522;94
5523;94
5524;94
5525;94
5526;94
5527;94
5528;94
5529;94
5530;94
5531;94
5532;94
5533;94
5534;94
5535;94
5536;94
5537;94
5538;94
5539;94
5540;94
5541;94
5542;94
5543;94
5544;94
5545;94
5546;94
5547;94
5548;94
5549;94
5550;94
5551;94
5552;94
5553;94
5554;94
5555;94
5556;94
5557;94
5558;94
5559;94
5560;94
5561;94
5562;94
5563;94
5564;94
5565;94
5566;94
5567;94
5568;94
5569;94
5570;94
5571;94
5572;94
5573;94
5574;94
5575;94
5576;94
5577;94
5578;94
5579;94
5580;94
5581;94
5582;94
5583;94
5584;94
5585;94
5586;94
5587;94
5588;94
5589;94
5590;94
5591;94
5592;94
5593;94
5594;94
5595;94
5596;94
5597;94
5598;94
5599;94
5600;94
5601;94
5602;94
5603;94
5604;94
5605;94
5606;94
5607;94
5608;94
5609;94
5610;94
5611;94
5612;94
5613;94
5614;94
5615;94
5616;94
5617;94
5618;94
5619;94
5620;94
5621;94
5622;94
5623;94
5624;94
5625;94
5626;94
5627;94
5628;94
5629;94
5630;94
5631;94
5632;94
5633;94
5634;94
5635;94
5636;94
5637;94
5638;94
5639;94
5640;94
5641;94
5642;94
5643;94
5644;94
5645;94
5646;94
5647;94
5648;94
5649;94
5650;94
5651;94
5652;94
5653;94
5654;94
5655;94
5656;94
5657;94
5658;94
5659;94
5660;94
5661;94
5662;94
5663;94
5664;94
5665;94
5666;94
5667;94
5668;94
5669;94
5670;94
5671;94
5672;94
5673;94
5674;94
5675;94
5676;94
5677;94
5678;94
5679;94
5680;94
5681;94
5682;94
5683;94
5684;94
5685;94
5686;94
5687;94
5688;94
5689;94
5690;94
5691;94
5692;94
5693;94
5694;94
5695;94
5696;94
5697;94
5698;94
5699;94
5700;94
5701;94
5702;94
5703;94
5704;94
5705;94
5706;94
5707;94
5708;94
5709;94
5710;94
5711;94
5712;94
5713;94
5714;94
5715;94
5716;94
5717;94
5718;94
5719;94
5720;94
5721;94
5722;94
5723;94
5724;94
5725;94
5726;94
5727;94
5728;94
5729;94
5730;94
5731;94
5732;94
5733;94
5734;94
5735;94
5736;94
5737;94
5738;94
5739;94
5740;94
5741;94
5742;94
5743;94
5744;94
5745;94
5746;94
5747;94
5748;94
5749;94
5750;94
5751;94
5752;94
5753;94
5754;94
5755;94
5756;94
5757;94
5758;94
5759;94
5760;94
5761;94
5762;94
5763;94
5764;94
5765;94
5766;94
5767;94
5768;94
5769;94
5770;94
5771;94
5772;94
5773;94
5774;94
5775;94
5776;94
5777;94
5778;94
5779;94
5780;94
5781;94
5782;94
5783;94
5784;94
5785;94
5786;94
5787;94
5788;94
5789;94
5790;94
5791;94
5792;94
5793;94
5794;94
5795;94
5796;94
5797;94
5798;94
5799;94
5800;94
5801;94
5802;94
5803;94
5804;94
5805;94
5806;94
5807;94
5808;94
5809;94
5810;94
5811;94
5812;94
5813;94
5814;94
5815;94
5816;94
5817;94
5818;94
5819;94
5820;94
5821;94
5822;94
5823;94
5824;94
5825;94
5826;94
5827;94
5828;94
5829;94
5830;94
5831;94
5832;94
5833;94
5834;94
5835;94
5836;94
5837;94
5838;94
5839;94
5840;94
5841;94
5842;94
5843;94
5844;94
5845;94
5846;94
5847;94
5848;94
5849;94
5850;94
5851;94
5852;94
5853;94
5854;94
5855;94
5856;94
5857;94
5858;94
5859;94
5860;94
5861;94
5862;94
5863;94
5864;94
5865;94
5866;94
5867;94
5868;94
5869;94
5870;94
5871;94
5872;94
5873;94
5874;94
5875;94
5876;94
5877;94
5878;94
5879;94
5880;94
5881;94
5882;94
5883;94
5884;94
5885;94
5886;94
5887;94
5888;94
5889;94
5890;94
5891;94
5892;94
5893;94
5894;94
5895;94
5896;94
5897;94
5898;94
5899;94
5900;94
5901;94
5902;94
5903;94
5904;94
5905;94
5906;94
5907;94
5908;94
5909;94
5910;94
5911;94
5912;94
5913;94
5914;94
5915;94
5916;94
5917;94
5918;94
5919;94
5920;94
5921;94
5922;94
5923;94
5924;94
5925;94
5926;94
5927;94
5928;94
5929;94
5930;94
5931;94
5932;94
5933;94
5934;94
5935;94
5936;94
5937;94
5938;94
5939;94
5940;94
5941;94
5942;94
5943;94
5944;94
5945;94
5946;94
5947;94
5948;94
5949;94
5950;94
5951;94
5952;94
5953;94
5954;94
5955;94
5956;94
5957;94
5958;94
5959;94
5960;94
5961;94
5962;94
5963;94
5964;94
5965;94
5966;94
5967;94
5968;94
5969;94
5970;94
5971;94
5972;94
5973;94
5974;94
5975;94
5976;94
5977;94
5978;94
5979;94
5980;94
5981;94
5982;94
5983;94
5984;94
5985;94
5986;94
5987;94
5988;94
5989;94
5990;94
5991;94
5992;94
5993;94
5994;94
5995;94
5996;94
5997;94
5998;94
5999;94
6000;94
6001;94
6002;94
6003;94
6004;94
6005;94
6006;94
6007;94
6008;94
6009;94
6010;94
6011;94
6012;94
6013;94
6014;94
6015;94
6016;94
6017;94
6018;94
6019;94
6020;94
6021;94
6022;94
6023;94
6024;94
6025;94
6026;94
6027;94
6028;94
6029;94
6030;94
6031;94
6032;94
6033;94
6034;94
6035;94
6036;94
6037;94
6038;94
6039;94
6040;94
6041;94
6042;94
6043;94
6044;94
6045;94
6046;94
6047;94
6048;94
6049;94
6050;94
6051;94
6052;94
6053;94
6054;94
6055;94
6056;94
6057;94
6058;94
6059;94
6060;94
6061;94
6062;94
6063;94
6064;94
6065;94
6066;94
6067;94
6068;94
6069;94
6070;94
6071;94
6072;94
6073;94
6074;94
6075;94
6076;94
6077;94
6078;94
6079;94
6080;94
6081;94
6082;94
6083;94
6084;94
6085;94
6086;94
6087;94
6088;94
6089;94
6090;94
6091;94
6092;94
6093;94
6094;94
6095;94
6096;94
6097;94
6098;94
6099;94
6100;94
6101;94
6102;94
6103;94
6104;94
6105;94
6106;94
6107;94
6108;94
6109;94
6110;94
6111;94
6112;94
6113;94
6114;94
6115;94
6116;94
6117;94
6118;94
6119;94
6120;94
6121;94
6122;94
6123;94
6124;94
6125;94
6126;94
6127;94
6128;94
6129;94
6130;94
6131;94
6132;94
6133;94
6134;94
6135;94
6136;94
6137;94
6138;94
6139;94
6140;94
6141;94
6142;94
6143;94
6144;94
6145;94
6146;94
6147;94
6148;94
6149;94
6150;94
6151;94
6152;94
6153;94
6154;94
6155;94
6156;94
6157;94
6158;94
6159;94
6160;94
6161;94
6162;94
6163;94
6164;94
6165;94
6166;94
6167;94
6168;94
6169;94
6170;94
6171;94
6172;94
6173;94
6174;94
6175;94
6176;94
6177;94
6178;94
6179;94
6180;94
6181;94
6182;94
6183;94
6184;94
6185;94
6186;94
6187;94
6188;94
6189;94
6190;94
6191;94
6192;94
6193;94
6194;94
6195;94
6196;94
6197;94
6198;94
6199;94
6200;94
6201;94
6202;94
6203;94
6204;94
6205;94
6206;94
6207;94
6208;94
6209;94
6210;94
6211;94
6212;94
6213;94
6214;94
6215;94
6216;94
6217;94
6218;94
6219;94
6220;94
6221;94
6222;94
6223;94
6224;94
6225;94
6226;94
6227;94
6228;94
6229;94
6230;94
6231;94
6232;94
6233;94
6234;94
6235;94
6236;94
6237;94
6238;94
6239;94
6240;94
6241;94
6242;94
6243;94
6244;94
6245;94
6246;94
6247;94
6248;94
6249;94
6250;94
6251;94
6252;94
6253;94
6254;94
6255;94
6256;94
6257;94
6258;94
6259;94
6260;94
6261;94
6262;94
6263;94
6264;94
6265;94
6266;94
6267;94
6268;94
6269;94
6270;94
6271;94
6272;94
6273;94
6274;94
6275;94
6276;94
6277;94
6278;94
6279;94
6280;94
6281;94
6282;94
6283;94
6284;94
6285;94
6286;94
6287;94
6288;94
6289;94
6290;94
6291;94
6292;94
6293;94
6294;94
6295;94
6296;94
6297;94
6298;94
6299;94
6300;94
6301;94
6302;94
6303;94
6304;94
6305;94
6306;94
6307;94
6308;94
6309;94
6310;94
6311;94
6312;94
6313;94
6314;94
6315;94
6316;94
6317;94
6318;94
6319;94
6320;94
6321;94
6322;94
6323;94
6324;94
6325;94
6326;94
6327;94
6328;94
6329;94
6330;94
6331;94
6332;94
6333;94
6334;94
6335;94
6336;94
6337;94
6338;94
6339;94
6340;94
6341;94
6342;94
6343;94
6344;94
6345;94
6346;94
6347;94
6348;94
6349;94
6350;94
6351;94
6352;94
6353;94
6354;94
6355;94
6356;94
6357;94
6358;94
6359;94
6360;94
6361;94
6362;94
6363;94
6364;94
6365;94
6366;94
6367;94
6368;94
6369;94
6370;94
6371;94
6372;94
6373;94
6374;94
6375;94
6376;94
6377;94
6378;94
6379;94
6380;94
6381;94
6382;94
6383;94
6384;94
6385;94
6386;94
6387;94
6388;94
6389;94
6390;94
6391;94
6392;94
6393;94
6394;94
6395;94
6396;94
6397;94
6398;94
6399;94
6400;94
6401;94
6402;94
6403;94
6404;94
6405;94
6406;94
6407;94
6408;94
6409;94
6410;94
6411;94
6412;94
6413;94
6414;94
6415;94
6416;94
6417;94
6418;94
6419;94
6420;94
6421;94
6422;94
6423;94
6424;94
6425;94
6426;94
6427;94
6428;94
6429;94
6430;94
6431;94
6432;94
6433;94
6434;94
6435;94
6436;94
6437;94
6438;94
6439;94
6440;94
6441;94
6442;94
6443;94
6444;94
6445;94
6446;94
6447;94
6448;94
6449;94
6450;94
6451;94
6452;94
6453;94
6454;94
6455;94
6456;94
6457;94
6458;94
6459;94
6460;94
6461;94
6462;94
6463;94
6464;94
6465;94
6466;94
6467;94
6468;94
6469;94
6470;94
6471;94
6472;94
6473;94
6474;94
6475;94
6476;94
6477;94
6478;94
6479;94
6480;94
6481;94
6482;94
6483;94
6484;94
6485;94
6486;94
6487;94
6488;94
6489;94
6490;94
6491;94
6492;94
6493;94
6494;94
6495;94
6496;94
6497;94
6498;94
6499;94
6500;94
6501;94
6502;94
6503;94
6504;94
6505;94
6506;94
6507;94
6508;94
6509;94
6510;94
6511;94
6512;94
6513;94
6514;94
6515;94
6516;94
6517;94
6518;94
6519;94
6520;94
6521;94
6522;94
6523;94
6524;94
6525;94
6526;94
6527;94
6528;94
6529;94
6530;94
6531;94
6532;94
6533;94
6534;94
6535;94
6536;94
6537;94
6538;94
6539;94
6540;94
6541;94
6542;94
6543;94
6544;94
6545;94
6546;94
6547;94
6548;94
6549;94
6550;94
6551;94
6552;94
6553;94
6554;94
6555;94
6556;94
6557;94
6558;94
6559;94
6560;94
6561;94
6562;94
6563;94
6564;94
6565;94
6566;94
6567;94
6568;94
6569;94
6570;94
6571;94
6572;94
6573;94
6574;94
6575;94
6576;94
6577;94
6578;94
6579;94
6580;94
6581;94
6582;94
6583;94
6584;94
6585;94
6586;94
6587;94
6588;94
6589;94
6590;94
6591;94
6592;94
6593;94
6594;94
6595;94
6596;94
6597;94
6598;94
6599;94
6600;94
6601;94
6602;94
6603;94
6604;94
6605;94
6606;94
6607;94
6608;94
6609;94
6610;94
6611;94
6612;94
6613;94
6614;94
6615;94
6616;94
6617;94
6618;94
6619;94
6620;94
6621;94
6622;94
6623;94
6624;94
6625;94
6626;94
6627;94
6628;94
6629;94
6630;94
6631;94
6632;94
6633;94
6634;94
6635;94
6636;94
6637;94
6638;94
6639;94
6640;94
6641;94
6642;94
6643;94
6644;94
6645;94
6646;94
6647;94
6648;94
6649;94
6650;94
6651;94
6652;94
6653;94
6654;94
6655;94
6656;94
6657;94
6658;94
6659;94
6660;94
6661;94
6662;94
6663;94
6664;94
6665;94
6666;94
6667;94
6668;94
6669;94
6670;94
6671;94
6672;94
6673;94
6674;94
6675;94
6676;94
6677;94
6678;94
6679;94
6680;94
6681;94
6682;94
6683;94
6684;94
6685;94
6686;94
6687;94
6688;94
6689;94
6690;94
6691;94
6692;94
6693;94
6694;94
6695;94
6696;94
6697;94
6698;94
6699;94
6700;94
6701;94
6702;94
6703;94
6704;94
6705;94
6706;94
6707;94
6708;94
6709;94
6710;94
6711;94
6712;94
6713;94
6714;94
6715;94
6716;94
6717;94
6718;94
6719;94
6720;94
6721;94
6722;94
6723;94
6724;94
6725;94
6726;94
6727;94
6728;94
6729;94
6730;94
6731;94
6732;94
6733;94
6734;94
6735;94
6736;94
6737;94
6738;94
6739;94
6740;94
6741;94
6742;94
6743;94
6744;94
6745;94
6746;94
6747;94
6748;94
6749;94
6750;94
6751;94
6752;94
6753;94
6754;94
6755;94
6756;94
6757;94
6758;94
6759;94
6760;94
6761;94
6762;94
6763;94
6764;94
6765;94
6766;94
6767;94
6768;94
6769;94
6770;94
6771;94
6772;94
6773;94
6774;94
6775;94
6776;94
6777;94
6778;94
6779;94
6780;94
6781;94
6782;94
6783;94
6784;94
6785;94
6786;94
6787;94
6788;94
6789;94
6790;94
6791;94
6792;94
6793;94
6794;94
6795;94
6796;94
6797;94
6798;94
6799;94
6800;94
6801;94
6802;94
6803;94
6804;94
6805;94
6806;94
6807;94
6808;94
6809;94
6810;94
6811;94
6812;94
6813;94
6814;94
6815;94
6816;94
6817;94
6818;94
6819;94
6820;94
6821;94
6822;94
6823;94
6824;94
6825;94
6826;94
6827;94
6828;94
6829;94
6830;94
6831;94
6832;94
6833;94
6834;94
6835;94
6836;94
6837;94
6838;94
6839;94
6840;94
6841;94
6842;94
6843;94
6844;94
6845;94
6846;94
6847;94
6848;94
6849;94
6850;94
6851;94
6852;94
6853;94
6854;94
6855;94
6856;94
6857;94
6858;94
6859;94
6860;94
6861;94
6862;94
6863;94
6864;94
6865;94
6866;94
6867;94
6868;94
6869;94
6870;94
6871;94
6872;94
6873;94
6874;94
6875;94
6876;94
6877;94
6878;94
6879;94
6880;94
6881;94
6882;94
6883;94
6884;94
6885;94
6886;94
6887;94
6888;94
6889;94
6890;94
6891;94
6892;94
6893;94
6894;94
6895;94
6896;94
6897;94
6898;94
6899;94
6900;94
6901;94
6902;94
6903;94
6904;94
6905;94
6906;94
6907;94
6908;94
6909;94
6910;94
6911;94
6912;94
6913;94
6914;94
6915;94
6916;94
6917;94
6918;94
6919;94
6920;94
6921;94
6922;94
6923;94
6924;94
6925;94
6926;94
6927;94
6928;94
6929;94
6930;94
6931;94
6932;94
6933;94
6934;94
6935;94
6936;94
6937;94
6938;94
6939;94
6940;94
6941;94
6942;94
6943;94
6944;94
6945;94
6946;94
6947;94
6948;94
6949;94
6950;94
6951;94
6952;94
6953;94
6954;94
6955;94
6956;94
6957;94
6958;94
6959;94
6960;94
6961;94
6962;94
6963;94
6964;94
6965;94
6966;94
6967;94
6968;94
6969;94
6970;94
6971;94
6972;94
6973;94
6974;94
6975;94
6976;94
6977;94
6978;94
6979;94
6980;94
6981;94
6982;94
6983;94
6984;94
6985;94
6986;94
6987;94
6988;94
6989;94
6990;94
6991;94
6992;94
6993;94
6994;94
6995;94
6996;94
6997;94
6998;94
6999;94
7000;94
7001;94
7002;94
7003;94
7004;94
7005;94
7006;94
7007;94
7008;94
7009;94
7010;94
7011;94
7012;94
7013;94
7014;94
7015;94
7016;94
7017;94
7018;94
7019;94
7020;94
7021;94
7022;94
7023;94
7024;94
7025;94
7026;94
7027;94
7028;94
7029;94
7030;94
7031;94
7032;94
7033;94
7034;94
7035;94
7036;94
7037;94
7038;94
7039;94
7040;94
7041;94
7042;94
7043;94
7044;94
7045;94
7046;94
7047;94
7048;94
7049;94
7050;94
7051;94
7052;94
7053;94
7054;94
7055;94
7056;94
7057;94
7058;94
7059;94
7060;94
7061;94
7062;94
7063;94
7064;94
7065;94
7066;94
7067;94
7068;94
7069;94
7070;94
7071;94
7072;94
7073;94
7074;94
7075;94
7076;94
7077;94
7078;94
7079;94
7080;94
7081;94
7082;94
7083;94
7084;94
7085;94
7086;94
7087;94
7088;94
7089;94
7090;94
7091;94
7092;94
7093;94
7094;94
7095;94
7096;94
7097;94
7098;94
7099;94
7100;94
7101;94
7102;94
7103;94
7104;94
7105;94
7106;94
7107;94
7108;94
7109;94
7110;94
7111;94
7112;94
7113;94
7114;94
7115;94
7116;94
7117;94
7118;94
7119;94
7120;94
7121;94
7122;94
7123;94
7124;94
7125;94
7126;94
7127;94
7128;94
7129;94
7130;94
7131;94
7132;94
7133;94
7134;94
7135;94
7136;94
7137;94
7138;94
7139;94
7140;94
7141;94
7142;94
7143;94
7144;94
7145;94
7146;94
7147;94
7148;94
7149;94
7150;94
7151;94
7152;94
7153;94
7154;94
7155;94
7156;94
7157;94
7158;94
7159;94
7160;94
7161;94
7162;94
7163;94
7164;94
7165;94
7166;94
7167;94
7168;94
7169;94
7170;94
7171;94
7172;94
7173;94
7174;94
7175;94
7176;94
7177;94
7178;94
7179;94
7180;94
7181;94
7182;94
7183;94
7184;94
7185;94
7186;94
7187;94
7188;94
7189;94
7190;94
7191;94
7192;94
7193;94
7194;94
7195;94
7196;94
7197;94
7198;94
7199;94
7200;94
7201;94
7202;94
7203;94
7204;94
7205;94
7206;94
7207;94
7208;94
7209;94
7210;94
7211;94
7212;94
7213;94
7214;94
7215;94
7216;94
7217;94
7218;94
7219;94
7220;94
7221;94
7222;94
7223;94
7224;94
7225;94
7226;94
7227;94
7228;94
7229;94
7230;94
7231;94
7232;94
7233;94
7234;94
7235;94
7236;94
7237;94
7238;94
7239;94
7240;94
7241;94
7242;94
7243;94
7244;94
7245;94
7246;94
7247;94
7248;94
7249;94
7250;94
7251;94
7252;94
7253;94
7254;94
7255;94
7256;94
7257;94
7258;94
7259;94
7260;94
7261;94
7262;94
7263;94
7264;94
7265;94
7266;94
7267;94
7268;94
7269;94
7270;94
7271;94
7272;94
7273;94
7274;94
7275;94
7276;94
7277;94
7278;94
7279;94
7280;94
7281;94
7282;94
7283;94
7284;94
7285;94
7286;94
7287;94
7288;94
7289;94
7290;94
7291;94
7292;94
7293;94
7294;94
7295;94
7296;94
7297;94
7298;94
7299;94
7300;94
7301;94
7302;94
7303;94
7304;94
7305;94
7306;94
7307;94
7308;94
7309;94
7310;94
7311;94
7312;94
7313;94
7314;94
7315;94
7316;94
7317;94
7318;94
7319;94
7320;94
7321;94
7322;94
7323;94
7324;94
7325;94
7326;94
7327;94
7328;94
7329;94
7330;94
7331;94
7332;94
7333;94
7334;94
7335;94
7336;94
7337;94
7338;94
7339;94
7340;94
7341;94
7342;94
7343;94
7344;94
7345;94
7346;94
7347;94
7348;94
7349;94
7350;94
7351;94
7352;94
7353;94
7354;94
7355;94
7356;94
7357;94
7358;94
7359;94
7360;94
7361;94
7362;94
7363;94
7364;94
7365;94
7366;94
7367;94
7368;94
7369;94
7370;94
7371;94
7372;94
7373;94
7374;94
7375;94
7376;94
7377;94
7378;94
7379;94
7380;94
7381;94
7382;94
7383;94
7384;94
7385;94
7386;94
7387;94
7388;94
7389;94
7390;94
7391;94
7392;94
7393;94
7394;94
7395;94
7396;94
7397;94
7398;94
7399;94
7400;94
7401;94
7402;94
7403;94
7404;94
7405;94
7406;94
7407;94
7408;94
7409;94
7410;94
7411;94
7412;94
7413;94
7414;94
7415;94
7416;94
7417;94
7418;94
7419;94
7420;94
7421;94
7422;94
7423;94
7424;94
7425;94
7426;94
7427;94
7428;94
7429;94
7430;94
7431;94
7432;94
7433;94
7434;94
7435;94
7436;94
7437;94
7438;94
7439;94
7440;94
7441;94
7442;94
7443;94
7444;94
7445;94
7446;94
7447;94
7448;94
7449;94
7450;94
7451;94
7452;94
7453;94
7454;94
7455;94
7456;94
7457;94
7458;94
7459;94
7460;94
7461;94
7462;94
7463;94
7464;94
7465;94
7466;94
7467;94
7468;94
7469;94
7470;94
7471;94
7472;94
7473;94
7474;94
7475;94
7476;94
7477;94
7478;94
7479;94
7480;94
7481;94
7482;94
7483;94
7484;94
7485;94
7486;94
7487;94
7488;94
7489;94
7490;94
7491;94
7492;94
7493;94
7494;94
7495;94
7496;94
7497;94
7498;94
7499;94
7500;94
7501;94
7502;94
7503;94
7504;94
7505;94
7506;94
7507;94
7508;94
7509;94
7510;94
7511;94
7512;94
7513;94
7514;94
7515;94
7516;94
7517;94
7518;94
7519;94
7520;94
7521;94
7522;94
7523;94
7524;94
7525;94
7526;94
7527;94
7528;94
7529;94
7530;94
7531;94
7532;94
7533;94
7534;94
7535;94
7536;94
7537;94
7538;94
7539;94
7540;94
7541;94
7542;94
7543;94
7544;94
7545;94
7546;94
7547;94
7548;94
7549;94
7550;94
7551;94
7552;94
7553;94
7554;94
7555;94
7556;94
7557;94
7558;94
7559;94
7560;94
7561;94
7562;94
7563;94
7564;94
7565;94
7566;94
7567;94
7568;94
7569;94
7570;94
7571;94
7572;94
7573;94
7574;94
7575;94
7576;94
7577;94
7578;94
7579;94
7580;94
7581;94
7582;94
7583;94
7584;94
7585;94
7586;94
7587;94
7588;94
7589;94
7590;94
7591;94
7592;94
7593;94
7594;94
7595;94
7596;94
7597;94
7598;94
7599;94
7600;94
7601;94
7602;94
7603;94
7604;94
7605;94
7606;94
7607;94
7608;94
7609;94
7610;94
7611;94
7612;94
7613;94
7614;94
7615;94
7616;94
7617;94
7618;94
7619;94
7620;94
7621;94
7622;94
7623;94
7624;94
7625;94
7626;94
7627;94
7628;94
7629;94
7630;94
7631;94
7632;94
7633;94
7634;94
7635;94
7636;94
7637;94
7638;94
7639;94
7640;94
7641;94
7642;94
7643;94
7644;94
7645;94
7646;94
7647;94
7648;94
7649;94
7650;94
7651;94
7652;94
7653;94
7654;94
7655;94
7656;94
7657;94
7658;94
7659;94
7660;94
7661;94
7662;94
7663;94
7664;94
7665;94
7666;94
7667;94
7668;94
7669;94
7670;94
7671;94
7672;94
7673;94
7674;94
7675;94
7676;94
7677;94
7678;94
7679;94
7680;94
7681;94
7682;94
7683;94
7684;94
7685;94
7686;94
7687;94
7688;94
7689;94
7690;94
7691;94
7692;94
7693;94
7694;94
7695;94
7696;94
7697;94
7698;94
7699;94
7700;94
7701;94
7702;94
7703;94
7704;94
7705;94
7706;94
7707;94
7708;94
7709;94
7710;94
7711;94
7712;94
7713;94
7714;94
7715;94
7716;94
7717;94
7718;94
7719;94
7720;94
7721;94
7722;94
7723;94
7724;94
7725;94
7726;94
7727;94
7728;94
7729;94
7730;94
7731;94
7732;94
7733;94
7734;94
7735;94
7736;94
7737;94
7738;94
7739;94
7740;94
7741;94
7742;94
7743;94
7744;94
7745;94
7746;94
7747;94
7748;94
7749;94
7750;94
7751;94
7752;94
7753;94
7754;94
7755;94
7756;94
7757;94
7758;94
7759;94
7760;94
7761;94
7762;94
7763;94
7764;94
7765;94
7766;94
7767;94
7768;94
7769;94
7770;94
7771;94
7772;94
7773;94
7774;94
7775;94
7776;94
7777;94
7778;94
7779;94
7780;94
7781;94
7782;94
7783;94
7784;94
7785;94
7786;94
7787;94
7788;94
7789;94
7790;94
7791;94
7792;94
7793;94
7794;94
7795;94
7796;94
7797;94
7798;94
7799;94
7800;94
7801;94
7802;94
7803;94
7804;94
7805;94
7806;94
7807;94
7808;94
7809;94
7810;94
7811;94
7812;94
7813;94
7814;94
7815;94
7816;94
7817;94
7818;94
7819;94
7820;94
7821;94
7822;94
7823;94
7824;94
7825;94
7826;94
7827;94
7828;94
7829;94
7830;94
7831;94
7832;94
7833;94
7834;94
7835;94
7836;94
7837;94
7838;94
7839;94
7840;94
7841;94
7842;94
7843;94
7844;94
7845;94
7846;94
7847;94
7848;94
7849;94
7850;94
7851;94
7852;94
7853;94
7854;94
7855;94
7856;94
7857;94
7858;94
7859;94
7860;94
7861;94
7862;94
7863;94
7864;94
7865;94
7866;94
7867;94
7868;94
7869;94
7870;94
7871;94
7872;94
7873;94
7874;94
7875;94
7876;94
7877;94
7878;94
7879;94
7880;94
7881;94
7882;94
7883;94
7884;94
7885;94
7886;94
7887;94
7888;94
7889;94
7890;94
7891;94
7892;94
7893;94
7894;94
7895;94
7896;94
7897;94
7898;94
7899;94
7900;94
7901;94
7902;94
7903;94
7904;94
7905;94
7906;94
7907;94
7908;94
7909;94
7910;94
7911;94
7912;94
7913;94
7914;94
7915;94
7916;94
7917;94
7918;94
7919;94
7920;94
7921;94
7922;94
7923;94
7924;94
7925;94
7926;94
7927;94
7928;94
7929;94
7930;94
7931;94
7932;94
7933;94
7934;94
7935;94
7936;94
7937;94
7938;94
7939;94
7940;94
7941;94
7942;94
7943;94
7944;94
7945;94
7946;94
7947;94
7948;94
7949;94
7950;94
7951;94
7952;94
7953;94
7954;94
7955;94
7956;94
7957;94
7958;94
7959;94
7960;94
7961;94
7962;94
7963;94
7964;94
7965;94
7966;94
7967;94
7968;94
7969;94
7970;94
7971;94
7972;94
7973;94
7974;94
7975;94
7976;94
7977;94
7978;94
7979;94
7980;94
7981;94
7982;94
7983;94
7984;94
7985;94
7986;94
7987;94
7988;94
7989;94
7990;94
7991;94
7992;94
7993;94
7994;94
7995;94
7996;94
7997;94
7998;94
7999;94
8000;94
8001;94
8002;94
8003;94
8004;94
8005;94
8006;94
8007;94
8008;94
8009;94
8010;94
8011;94
8012;94
8013;94
8014;94
8015;94
8016;94
8017;94
8018;94
8019;94
8020;94
8021;94
8022;94
8023;94
8024;94
8025;94
8026;94
8027;94
8028;94
8029;94
8030;94
8031;94
8032;94
8033;94
8034;94
8035;94
8036;94
8037;94
8038;94
8039;94
8040;94
8041;94
8042;94
8043;94
8044;94
8045;94
8046;94
8047;94
8048;94
8049;94
8050;94
8051;94
8052;94
8053;94
8054;94
8055;94
8056;94
8057;94
8058;94
8059;94
8060;94
8061;94
8062;94
8063;94
8064;94
8065;94
8066;94
8067;94
8068;94
8069;94
8070;94
8071;94
8072;94
8073;94
8074;94
8075;94
8076;94
8077;94
8078;94
8079;94
8080;94
8081;94
8082;94
8083;94
8084;94
8085;94
8086;94
8087;94
8088;94
8089;94
8090;94
8091;94
8092;94
8093;94
8094;94
8095;94
8096;94
8097;94
8098;94
8099;94
8100;94
8101;94
8102;94
8103;94
8104;94
8105;94
8106;94
8107;94
8108;94
8109;94
8110;94
8111;94
8112;94
8113;94
8114;94
8115;94
8116;94
8117;94
8118;94
8119;94
8120;94
8121;94
8122;94
8123;94
8124;94
8125;94
8126;94
8127;94
8128;94
8129;94
8130;94
8131;94
8132;94
8133;94
8134;94
8135;94
8136;94
8137;94
8138;94
8139;94
8140;94
8141;94
8142;94
8143;94
8144;94
8145;94
8146;94
8147;94
8148;94
8149;94
8150;94
8151;94
8152;94
8153;94
8154;94
8155;94
8156;94
8157;94
8158;94
8159;94
8160;94
8161;94
8162;94
8163;94
8164;94
8165;94
8166;94
8167;94
8168;94
8169;94
8170;94
8171;94
8172;94
8173;94
8174;94
8175;94
8176;94
8177;94
8178;94
8179;94
8180;94
8181;94
8182;94
8183;94
8184;94
8185;94
8186;94
8187;94
8188;94
8189;94
8190;94
8191;94
8192;94
8193;94
8194;94
8195;94
8196;94
8197;94
8198;94
8199;94
8200;94
8201;94
8202;94
8203;94
8204;94
8205;94
8206;94
8207;94
8208;94
8209;94
8210;94
8211;94
8212;94
8213;94
8214;94
8215;94
8216;94
8217;94
8218;94
8219;94
8220;94
8221;94
8222;94
8223;94
8224;94
8225;94
8226;94
8227;94
8228;94
8229;94
8230;94
8231;94
8232;94
8233;94
8234;94
8235;94
8236;94
8237;94
8238;94
8239;94
8240;94
8241;94
8242;94
8243;94
8244;94
8245;94
8246;94
8247;94
8248;94
8249;94
8250;94
8251;94
8252;94
8253;94
8254;94
8255;94
8256;94
8257;94
8258;94
8259;94
8260;94
8261;94
8262;94
8263;94
8264;94
8265;94
8266;94
8267;94
8268;94
8269;94
8270;94
8271;94
8272;94
8273;94
8274;94
8275;94
8276;94
8277;94
8278;94
8279;94
8280;94
8281;94
8282;94
8283;94
8284;94
8285;94
8286;94
8287;94
8288;94
8289;94
8290;94
8291;94
8292;94
8293;94
8294;94
8295;94
8296;94
8297;94
8298;94
8299;94
8300;94
8301;94
8302;94
8303;94
8304;94
8305;94
8306;94
8307;94
8308;94
8309;94
8310;94
8311;94
8312;94
8313;94
8314;94
8315;94
8316;94
8317;94
8318;94
8319;94
8320;94
8321;94
8322;94
8323;94
8324;94
8325;94
8326;94
8327;94
8328;94
8329;94
8330;94
8331;94
8332;94
8333;94
8334;94
8335;94
8336;94
8337;94
8338;94
8339;94
8340;94
8341;94
8342;94
8343;94
8344;94
8345;94
8346;94
8347;94
8348;94
8349;94
8350;94
8351;94
8352;94
8353;94
8354;94
8355;94
8356;94
8357;94
8358;94
8359;94
8360;94
8361;94
8362;94
8363;94
8364;94
8365;94
8366;94
8367;94
8368;94
8369;94
8370;94
8371;94
8372;94
8373;94
8374;94
8375;94
8376;94
8377;94
8378;94
8379;94
8380;94
8381;94
8382;94
8383;94
8384;94
8385;94
8386;94
8387;94
8388;94
8389;94
8390;94
8391;94
8392;94
8393;94
8394;94
8395;94
8396;94
8397;94
8398;94
8399;94
8400;94
8401;94
8402;94
8403;94
8404;94
8405;94
8406;94
8407;94
8408;94
8409;94
8410;94
8411;94
8412;94
8413;94
8414;94
8415;94
8416;94
8417;94
8418;94
8419;94
8420;94
8421;94
8422;94
8423;94
8424;94
8425;94
8426;94
8427;94
8428;94
8429;94
8430;94
8431;94
8432;94
8433;94
8434;94
8435;94
8436;94
8437;94
8438;94
8439;94
8440;94
8441;94
8442;94
8443;94
8444;94
8445;94
8446;94
8447;94
8448;94
8449;94
8450;94
8451;94
8452;94
8453;94
8454;94
8455;94
8456;94
8457;94
8458;94
8459;94
8460;94
8461;94
8462;94
8463;94
8464;94
8465;94
8466;94
8467;94
8468;94
8469;94
8470;94
8471;94
8472;94
8473;94
8474;94
8475;94
8476;94
8477;94
8478;94
8479;94
8480;94
8481;94
8482;94
8483;94
8484;94
8485;94
8486;94
8487;94
8488;94
8489;94
8490;94
8491;94
8492;94
8493;94
8494;94
8495;94
8496;94
8497;94
8498;94
8499;94
8500;94
8501;94
8502;94
8503;94
8504;94
8505;94
8506;94
8507;94
8508;94
8509;94
8510;94
8511;94
8512;94
8513;94
8514;94
8515;94
8516;94
8517;94
8518;94
8519;94
8520;94
8521;94
8522;94
8523;94
8524;94
8525;94
8526;94
8527;94
8528;94
8529;94
8530;94
8531;94
8532;94
8533;94
8534;94
8535;94
8536;94
8537;94
8538;94
8539;94
8540;94
8541;94
8542;94
8543;94
8544;94
8545;94
8546;94
8547;94
8548;94
8549;94
8550;94
8551;94
8552;94
8553;94
8554;94
8555;94
8556;94
8557;94
8558;94
8559;94
8560;94
8561;94
8562;94
8563;94
8564;94
8565;94
8566;94
8567;94
8568;94
8569;94
8570;94
8571;94
8572;94
8573;94
8574;94
8575;94
8576;94
8577;94
8578;94
8579;94
8580;94
8581;94
8582;94
8583;94
8584;94
8585;94
8586;94
8587;94
8588;94
8589;94
8590;94
8591;94
8592;94
8593;94
8594;94
8595;94
8596;94
8597;94
8598;94
8599;94
8600;94
8601;94
8602;94
8603;94
8604;94
8605;94
8606;94
8607;94
8608;94
8609;94
8610;94
8611;94
8612;94
8613;94
8614;94
8615;94
8616;94
8617;94
8618;94
8619;94
8620;94
8621;94
8622;94
8623;94
8624;94
8625;94
8626;94
8627;94
8628;94
8629;94
8630;94
8631;94
8632;94
8633;94
8634;94
8635;94
8636;94
8637;94
8638;94
8639;94
8640;94
8641;94
8642;94
8643;94
8644;94
8645;94
8646;94
8647;94
8648;94
8649;94
8650;94
8651;94
8652;94
8653;94
8654;94
8655;94
8656;94
8657;94
8658;94
8659;94
8660;94
8661;94
8662;94
8663;94
8664;94
8665;94
8666;94
8667;94
8668;94
8669;94
8670;94
8671;94
8672;94
8673;94
8674;94
8675;94
8676;94
8677;94
8678;94
8679;94
8680;94
8681;94
8682;94
8683;94
8684;94
8685;94
8686;94
8687;94
8688;94
8689;94
8690;94
8691;94
8692;94
8693;94
8694;94
8695;94
8696;94
8697;94
8698;94
8699;94
8700;94
8701;94
8702;94
8703;94
8704;94
8705;94
8706;94
8707;94
8708;94
8709;94
8710;94
8711;94
8712;94
8713;94
8714;94
8715;94
8716;94
8717;94
8718;94
8719;94
8720;94
8721;94
8722;94
8723;94
8724;94
8725;94
8726;94
8727;94
8728;94
8729;94
8730;94
8731;94
8732;94
8733;94
8734;94
8735;94
8736;94
8737;94
8738;94
8739;94
8740;94
8741;94
8742;94
8743;94
8744;94
8745;94
8746;94
8747;94
8748;94
8749;94
8750;94
8751;94
8752;94
8753;94
8754;94
8755;94
8756;94
8757;94
8758;94
8759;94
8760;94
8761;94
8762;94
8763;94
8764;94
8765;94
8766;94
8767;94
8768;94
8769;94
8770;94
8771;94
8772;94
8773;94
8774;94
8775;94
8776;94
8777;94
8778;94
8779;94
8780;94
8781;94
8782;94
8783;94
8784;94
8785;94
8786;94
8787;94
8788;94
8789;94
8790;94
8791;94
8792;94
8793;94
8794;94
8795;94
8796;94
8797;94
8798;94
8799;94
8800;94
8801;94
8802;94
8803;94
8804;94
8805;94
8806;94
8807;94
8808;94
8809;94
8810;94
8811;94
8812;94
8813;94
8814;94
8815;94
8816;94
8817;94
8818;94
8819;94
8820;94
8821;94
8822;94
8823;94
8824;94
8825;94
8826;94
8827;94
8828;94
8829;94
8830;94
8831;94
8832;94
8833;94
8834;94
8835;94
8836;94
8837;94
8838;94
8839;94
8840;94
8841;94
8842;94
8843;94
8844;94
8845;94
8846;94
8847;94
8848;94
8849;94
8850;94
8851;94
8852;94
8853;94
8854;94
8855;94
8856;94
8857;94
8858;94
8859;94
8860;94
8861;94
8862;94
8863;94
8864;94
8865;94
8866;94
8867;94
8868;94
8869;94
8870;94
8871;94
8872;94
8873;94
8874;94
8875;94
8876;94
8877;94
8878;94
8879;94
8880;94
8881;94
8882;94
8883;94
8884;94
8885;94
8886;94
8887;94
8888;94
8889;94
8890;94
8891;94
8892;94
8893;94
8894;94
8895;94
8896;94
8897;94
8898;94
8899;94
8900;94
8901;94
8902;94
8903;94
8904;94
8905;94
8906;94
8907;94
8908;94
8909;94
8910;94
8911;94
8912;94
8913;94
8914;94
8915;94
8916;94
8917;94
8918;94
8919;94
8920;94
8921;94
8922;94
8923;94
8924;94
8925;94
8926;94
8927;94
8928;94
8929;94
8930;94
8931;94
8932;94
8933;94
8934;94
8935;94
8936;94
8937;94
8938;94
8939;94
8940;94
8941;94
8942;94
8943;94
8944;94
8945;94
8946;94
8947;94
8948;94
8949;94
8950;94
8951;94
8952;94
8953;94
8954;94
8955;94
8956;94
8957;94
8958;94
8959;94
8960;94
8961;94
8962;94
8963;94
8964;94
8965;94
8966;94
8967;94
8968;94
8969;94
8970;94
8971;94
8972;94
8973;94
8974;94
8975;94
8976;94
8977;94
8978;94
8979;94
8980;94
8981;94
8982;94
8983;94
8984;94
8985;94
8986;94
8987;94
8988;94
8989;94
8990;94
8991;94
8992;94
8993;94
8994;94
8995;94
8996;94
8997;94
8998;94
8999;94
9000;94
9001;94
9002;94
9003;94
9004;94
9005;94
9006;94
9007;94
9008;94
9009;94
9010;94
9011;94
9012;94
9013;94
9014;94
9015;94
9016;94
9017;94
9018;94
9019;94
9020;94
9021;94
9022;94
9023;94
9024;94
9025;94
9026;94
9027;94
9028;94
9029;94
9030;94
9031;94
9032;94
9033;94
9034;94
9035;94
9036;94
9037;94
9038;94
9039;94
9040;94
9041;94
9042;94
9043;94
9044;94
9045;94
9046;94
9047;94
9048;94
9049;94
9050;94
9051;94
9052;94
9053;94
9054;94
9055;94
9056;94
9057;94
9058;94
9059;94
9060;94
9061;94
9062;94
9063;94
9064;94
9065;94
9066;94
9067;94
9068;94
9069;94
9070;94
9071;94
9072;94
9073;94
9074;94
9075;94
9076;94
9077;94
9078;94
9079;94
9080;94
9081;94
9082;94
9083;94
9084;94
9085;94
9086;94
9087;94
9088;94
9089;94
9090;94
9091;94
9092;94
9093;94
9094;94
9095;94
9096;94
9097;94
9098;94
9099;94
9100;94
9101;94
9102;94
9103;94
9104;94
9105;94
9106;94
9107;94
9108;94
9109;94
9110;94
9111;94
9112;94
9113;94
9114;94
9115;94
9116;94
9117;94
9118;94
9119;94
9120;94
9121;94
9122;94
9123;94
9124;94
9125;94
9126;94
9127;94
9128;94
9129;94
9130;94
9131;94
9132;94
9133;94
9134;94
9135;94
9136;94
9137;94
9138;94
9139;94
9140;94
9141;94
9142;94
9143;94
9144;94
9145;94
9146;94
9147;94
9148;94
9149;94
9150;94
9151;94
9152;94
9153;94
9154;94
9155;94
9156;94
9157;94
9158;94
9159;94
9160;94
9161;94
9162;94
9163;94
9164;94
9165;94
9166;94
9167;94
9168;94
9169;94
9170;94
9171;94
9172;94
9173;94
9174;94
9175;94
9176;94
9177;94
9178;94
9179;94
9180;94
9181;94
9182;94
9183;94
9184;94
9185;94
9186;94
9187;94
9188;94
9189;94
9190;94
9191;94
9192;94
9193;94
9194;94
9195;94
9196;94
9197;94
9198;94
9199;94
9200;94
9201;94
9202;94
9203;94
9204;94
9205;94
9206;94
9207;94
9208;94
9209;94
9210;94
9211;94
9212;94
9213;94
9214;94
9215;94
9216;94
9217;94
9218;94
9219;94
9220;94
9221;94
9222;94
9223;94
9224;94
9225;94
9226;94
9227;94
9228;94
9229;94
9230;94
9231;94
9232;94
9233;94
9234;94
9235;94
9236;94
9237;94
9238;94
9239;94
9240;94
9241;94
9242;94
9243;94
9244;94
9245;94
9246;94
9247;94
9248;94
9249;94
9250;94
9251;94
9252;94
9253;94
9254;94
9255;94
9256;94
9257;94
9258;94
9259;94
9260;94
9261;94
9262;94
9263;94
9264;94
9265;94
9266;94
9267;94
9268;94
9269;94
9270;94
9271;94
9272;94
9273;94
9274;94
9275;94
9276;94
9277;94
9278;94
9279;94
9280;94
9281;94
9282;94
9283;94
9284;94
9285;94
9286;94
9287;94
9288;94
9289;94
9290;94
9291;94
9292;94
9293;94
9294;94
9295;94
9296;94
9297;94
9298;94
9299;94
9300;94
9301;94
9302;94
9303;94
9304;94
9305;94
9306;94
9307;94
9308;94
9309;94
9310;94
9311;94
9312;94
9313;94
9314;94
9315;94
9316;94
9317;94
9318;94
9319;94
9320;94
9321;94
9322;94
9323;94
9324;94
9325;94
9326;94
9327;94
9328;94
9329;94
9330;94
9331;94
9332;94
9333;94
9334;94
9335;94
9336;94
9337;94
9338;94
9339;94
9340;94
9341;94
9342;94
9343;94
9344;94
9345;94
9346;94
9347;94
9348;94
9349;94
9350;94
9351;94
9352;94
9353;94
9354;94
9355;94
9356;94
9357;94
9358;94
9359;94
9360;94
9361;94
9362;94
9363;94
9364;94
9365;94
9366;94
9367;94
9368;94
9369;94
9370;94
9371;94
9372;94
9373;94
9374;94
9375;94
9376;94
9377;94
9378;94
9379;94
9380;94
9381;94
9382;94
9383;94
9384;94
9385;94
9386;94
9387;94
9388;94
9389;94
9390;94
9391;94
9392;94
9393;94
9394;94
9395;94
9396;94
9397;94
9398;94
9399;94
9400;94
9401;94
9402;94
9403;94
9404;94
9405;94
9406;94
9407;94
9408;94
9409;94
9410;94
9411;94
9412;94
9413;94
9414;94
9415;94
9416;94
9417;94
9418;94
9419;94
9420;94
9421;94
9422;94
9423;94
9424;94
9425;94
9426;94
9427;94
9428;94
9429;94
9430;94
9431;94
9432;94
9433;94
9434;94
9435;94
9436;94
9437;94
9438;94
9439;94
9440;94
9441;94
9442;94
9443;94
9444;94
9445;94
9446;94
9447;94
9448;94
9449;94
9450;94
9451;94
9452;94
9453;94
9454;94
9455;94
9456;94
9457;94
9458;94
9459;94
9460;94
9461;94
9462;94
9463;94
9464;94
9465;94
9466;94
9467;94
9468;94
9469;94
9470;94
9471;94
9472;94
9473;94
9474;94
9475;94
9476;94
9477;94
9478;94
9479;94
9480;94
9481;94
9482;94
9483;94
9484;94
9485;94
9486;94
9487;94
9488;94
9489;94
9490;94
9491;94
9492;94
9493;94
9494;94
9495;94
9496;94
9497;94
9498;94
9499;94
9500;94
9501;94
9502;94
9503;94
9504;94
9505;94
9506;94
9507;94
9508;94
9509;94
9510;94
9511;94
9512;94
9513;94
9514;94
9515;94
9516;94
9517;94
9518;94
9519;94
9520;94
9521;94
9522;94
9523;94
9524;94
9525;94
9526;94
9527;94
9528;94
9529;94
9530;94
9531;94
9532;94
9533;94
9534;94
9535;94
9536;94
9537;94
9538;94
9539;94
9540;94
9541;94
9542;94
9543;94
9544;94
9545;94
9546;94
9547;94
9548;94
9549;94
9550;94
9551;94
9552;94
9553;94
9554;94
9555;94
9556;94
9557;94
9558;94
9559;94
9560;94
9561;94
9562;94
9563;94
9564;94
9565;94
9566;94
9567;94
9568;94
9569;94
9570;94
9571;94
9572;94
9573;94
9574;94
9575;94
9576;94
9577;94
9578;94
9579;94
9580;94
9581;94
9582;94
9583;94
9584;94
9585;94
9586;94
9587;94
9588;94
9589;94
9590;94
9591;94
9592;94
9593;94
9594;94
9595;94
9596;94
9597;94
9598;94
9599;94
9600;94
9601;94
9602;94
9603;94
9604;94
9605;94
9606;94
9607;94
9608;94
9609;94
9610;94
9611;94
9612;94
9613;94
9614;94
9615;94
9616;94
9617;94
9618;94
9619;94
9620;94
9621;94
9622;94
9623;94
9624;94
9625;94
9626;94
9627;94
9628;94
9629;94
9630;94
9631;94
9632;94
9633;94
9634;94
9635;94
9636;94
9637;94
9638;94
9639;94
9640;94
9641;94
9642;94
9643;94
9644;94
9645;94
9646;94
9647;94
9648;94
9649;94
9650;94
9651;94
9652;94
9653;94
9654;94
9655;94
9656;94
9657;94
9658;94
9659;94
9660;94
9661;94
9662;94
9663;94
9664;94
9665;94
9666;94
9667;94
9668;94
9669;94
9670;94
9671;94
9672;94
9673;94
9674;94
9675;94
9676;94
9677;94
9678;94
9679;94
9680;94
9681;94
9682;94
9683;94
9684;94
9685;94
9686;94
9687;94
9688;94
9689;94
9690;94
9691;94
9692;94
9693;94
9694;94
9695;94
9696;94
9697;94
9698;94
9699;94
9700;94
9701;94
9702;94
9703;94
9704;94
9705;94
9706;94
9707;94
9708;94
9709;94
9710;94
9711;94
9712;94
9713;94
9714;94
9715;94
9716;94
9717;94
9718;94
9719;94
9720;94
9721;94
9722;94
9723;94
9724;94
9725;94
9726;94
9727;94
9728;94
9729;94
9730;94
9731;94
9732;94
9733;94
9734;94
9735;94
9736;94
9737;94
9738;94
9739;94
9740;94
9741;94
9742;94
9743;94
9744;94
9745;94
9746;94
9747;94
9748;94
9749;94
9750;94
9751;94
9752;94
9753;94
9754;94
9755;94
9756;94
9757;94
9758;94
9759;94
9760;94
9761;94
9762;94
9763;94
9764;94
9765;94
9766;94
9767;94
9768;94
9769;94
9770;94
9771;94
9772;94
9773;94
9774;94
9775;94
9776;94
9777;94
9778;94
9779;94
9780;94
9781;94
9782;94
9783;94
9784;94
9785;94
9786;94
9787;94
9788;94
9789;94
9790;94
9791;94
9792;94
9793;94
9794;94
9795;94
9796;94
9797;94
9798;94
9799;94
9800;94
9801;94
9802;94
9803;94
9804;94
9805;94
9806;94
9807;94
9808;94
9809;94
9810;94
9811;94
9812;94
9813;94
9814;94
9815;94
9816;94
9817;94
9818;94
9819;94
9820;94
9821;94
9822;94
9823;94
9824;94
9825;94
9826;94
9827;94
9828;94
9829;94
9830;94
9831;94
9832;94
9833;94
9834;94
9835;94
9836;94
9837;94
9838;94
9839;94
9840;94
9841;94
9842;94
9843;94
9844;94
9845;94
9846;94
9847;94
9848;94
9849;94
9850;94
9851;94
9852;94
9853;94
9854;94
9855;94
9856;94
9857;94
9858;94
9859;94
9860;94
9861;94
9862;94
9863;94
9864;94
9865;94
9866;94
9867;94
9868;94
9869;94
9870;94
9871;94
9872;94
9873;94
9874;94
9875;94
9876;94
9877;94
9878;94
9879;94
9880;94
9881;94
9882;94
9883;94
9884;94
9885;94
9886;94
9887;94
9888;94
9889;94
9890;94
9891;94
9892;94
9893;94
9894;94
9895;94
9896;94
9897;94
9898;94
9899;94
9900;94
9901;94
9902;94
9903;94
9904;94
9905;94
9906;94
9907;94
9908;94
9909;94
9910;94
9911;94
9912;94
9913;94
9914;94
9915;94
9916;94
9917;94
9918;94
9919;94
9920;94
9921;94
9922;94
9923;94
9924;94
9925;94
9926;94
9927;94
9928;94
9929;94
9930;94
9931;94
9932;94
9933;94
9934;94
9935;94
9936;94
9937;94
9938;94
9939;94
9940;94
9941;94
9942;94
9943;94
9944;94
9945;94
9946;94
9947;94
9948;94
9949;94
9950;94
9951;94
9952;94
9953;94
9954;94
9955;94
9956;94
9957;94
9958;94
9959;94
9960;94
9961;94
9962;94
9963;94
9964;94
9965;94
9966;94
9967;94
9968;94
9969;94
9970;94
9971;94
9972;94
9973;94
9974;94
9975;94
9976;94
9977;94
9978;94
9979;94
9980;94
9981;94
9982;94
9983;94
9984;94
9985;94
9986;94
9987;94
9988;94
9989;94
9990;94
9991;94
9992;94
9993;94
9994;94
9995;94
9996;94
9997;94
9998;94
9999;94