0;3
1;7
2;7
3;7
4;27
5;27
6;31
7;31
8;35
9;35
10;35
11;35
12;35
13;35
14;37
15;37
16;37
17;46
18;46
19;46
20;46
21;46
22;46
23;46
24;65
25;65
26;65
27;65
28;65
29;65
30;65
31;65
32;65
33;65
34;65
35;65
36;65
37;65
38;65
39;65
40;65
41;65
42;65
43;65
44;65
45;65
46;65
47;65
48;65
49;65
50;65
51;65
52;65
53;65
54;65
55;65
56;65
57;65
58;65
59;65
60;65
61;65
62;65
63;65
64;65
65;65
66;65
67;65
68;65
69;65
70;65
71;65
72;65
73;65
74;65
75;65
76;65
77;65
78;65
79;65
80;65
81;65
82;65
83;65
84;65
85;65
86;65
87;65
88;65
89;65
90;65
91;65
92;65
93;65
94;65
95;65
96;65
97;65
98;65
99;65
100;65
101;65
102;65
103;65
104;65
105;65
106;65
107;65
108;65
109;65
110;65
111;65
112;65
113;65
114;65
115;65
116;65
117;65
118;65
119;65
120;65
121;65
122;65
123;65
124;65
125;65
126;65
127;65
128;65
129;65
130;81
131;81
132;81
133;81
134;81
135;81
136;81
137;81
138;81
139;81
140;81
141;81
142;81
143;81
144;81
145;81
146;81
147;81
148;81
149;81
150;81
151;81
152;81
153;81
154;81
155;81
156;81
157;81
158;81
159;81
160;81
161;81
162;81
163;81
164;81
165;81
166;81
167;81
168;81
169;81
170;81
171;81
172;81
173;81
174;81
175;81
176;81
177;81
178;81
179;81
180;81
181;81
182;81
183;81
184;81
185;81
186;81
187;81
188;81
189;81
190;81
191;81
192;81
193;81
194;81
195;81
196;81
197;81
198;81
199;81
200;81
201;81
202;81
203;81
204;81
205;81
206;81
207;81
208;81
209;81
210;81
211;81
212;81
213;81
214;81
215;81
216;81
217;81
218;81
219;81
220;81
221;81
222;81
223;81
224;81
225;81
226;81
227;81
228;81
229;81
230;81
231;81
232;81
233;81
234;81
235;81
236;81
237;81
238;81
239;81
240;81
241;81
242;81
243;81
244;81
245;81
246;81
247;81
248;81
249;81
250;81
251;81
252;81
253;81
254;81
255;81
256;81
257;81
258;81
259;81
260;81
261;81
262;81
263;81
264;81
265;81
266;81
267;81
268;81
269;81
270;81
271;81
272;81
273;81
274;81
275;81
276;81
277;81
278;81
279;81
280;81
281;81
282;81
283;81
284;81
285;81
286;81
287;81
288;81
289;81
290;81
291;81
292;81
293;81
294;81
295;81
296;81
297;81
298;81
299;81
300;81
301;81
302;81
303;81
304;81
305;81
306;81
307;81
308;81
309;81
310;81
311;81
312;81
313;81
314;81
315;81
316;81
317;81
318;81
319;81
320;81
321;81
322;81
323;81
324;81
325;81
326;81
327;81
328;81
329;81
330;81
331;81
332;81
333;81
334;81
335;81
336;81
337;81
338;81
339;81
340;81
341;81
342;81
343;81
344;81
345;81
346;81
347;81
348;81
349;81
350;81
351;81
352;81
353;81
354;81
355;81
356;81
357;81
358;81
359;81
360;81
361;81
362;81
363;81
364;81
365;81
366;81
367;81
368;81
369;81
370;81
371;81
372;81
373;81
374;81
375;81
376;81
377;81
378;81
379;81
380;81
381;81
382;81
383;81
384;81
385;81
386;81
387;81
388;81
389;81
390;81
391;81
392;81
393;81
394;81
395;81
396;81
397;81
398;81
399;81
400;81
401;81
402;81
403;81
404;81
405;81
406;81
407;81
408;81
409;81
410;81
411;81
412;81
413;81
414;81
415;81
416;81
417;81
418;81
419;81
420;81
421;81
422;81
423;81
424;81
425;81
426;81
427;81
428;81
429;81
430;81
431;81
432;81
433;81
434;81
435;81
436;81
437;81
438;81
439;81
440;81
441;81
442;81
443;81
444;81
445;81
446;81
447;81
448;81
449;81
450;81
451;81
452;81
453;81
454;81
455;81
456;81
457;81
458;81
459;81
460;81
461;81
462;81
463;81
464;81
465;81
466;81
467;81
468;81
469;81
470;81
471;81
472;81
473;81
474;81
475;81
476;81
477;81
478;81
479;81
480;81
481;81
482;81
483;81
484;81
485;81
486;81
487;81
488;81
489;81
490;81
491;81
492;81
493;81
494;81
495;81
496;81
497;81
498;81
499;81
500;81
501;81
502;81
503;81
504;81
505;81
506;81
507;81
508;81
509;81
510;81
511;81
512;81
513;81
514;81
515;81
516;81
517;81
518;81
519;81
520;81
521;81
522;81
523;81
524;81
525;81
526;81
527;81
528;81
529;81
530;81
531;81
532;81
533;81
534;81
535;81
536;81
537;81
538;81
539;81
540;81
541;81
542;81
543;81
544;81
545;81
546;81
547;81
548;81
549;81
550;81
551;81
552;81
553;81
554;81
555;81
556;81
557;81
558;81
559;81
560;81
561;81
562;81
563;81
564;81
565;81
566;81
567;81
568;81
569;81
570;81
571;81
572;81
573;81
574;81
575;81
576;81
577;81
578;81
579;81
580;81
581;81
582;81
583;81
584;81
585;81
586;81
587;81
588;81
589;81
590;81
591;81
592;81
593;81
594;81
595;81
596;81
597;81
598;81
599;81
600;81
601;81
602;81
603;81
604;81
605;81
606;81
607;81
608;81
609;81
610;81
611;81
612;81
613;81
614;81
615;81
616;81
617;81
618;81
619;81
620;81
621;81
622;81
623;81
624;81
625;81
626;81
627;81
628;81
629;81
630;81
631;81
632;81
633;81
634;81
635;81
636;81
637;81
638;81
639;81
640;81
641;81
642;81
643;81
644;81
645;81
646;81
647;81
648;81
649;81
650;81
651;81
652;81
653;81
654;81
655;81
656;81
657;81
658;81
659;81
660;81
661;81
662;81
663;81
664;81
665;81
666;81
667;81
668;81
669;81
670;81
671;81
672;81
673;81
674;81
675;81
676;81
677;81
678;81
679;81
680;81
681;81
682;81
683;81
684;81
685;81
686;81
687;81
688;81
689;81
690;81
691;81
692;81
693;81
694;81
695;81
696;81
697;81
698;81
699;81
700;81
701;81
702;81
703;81
704;81
705;81
706;81
707;81
708;81
709;81
710;81
711;81
712;81
713;81
714;81
715;81
716;81
717;81
718;81
719;81
720;81
721;81
722;81
723;81
724;81
725;81
726;81
727;81
728;81
729;81
730;81
731;81
732;81
733;81
734;81
735;81
736;81
737;81
738;81
739;81
740;81
741;81
742;81
743;81
744;81
745;81
746;81
747;81
748;81
749;81
750;81
751;81
752;81
753;81
754;81
755;81
756;81
757;81
758;81
759;81
760;81
761;81
762;81
763;81
764;81
765;81
766;81
767;81
768;81
769;81
770;81
771;81
772;81
773;81
774;81
775;81
776;81
777;81
778;81
779;81
780;81
781;81
782;81
783;81
784;81
785;81
786;81
787;81
788;81
789;81
790;81
791;81
792;81
793;81
794;81
795;81
796;81
797;81
798;81
799;81
800;81
801;81
802;81
803;81
804;81
805;81
806;81
807;81
808;81
809;84
810;84
811;84
812;84
813;84
814;84
815;84
816;84
817;84
818;84
819;84
820;84
821;84
822;84
823;84
824;84
825;84
826;84
827;84
828;84
829;84
830;84
831;84
832;84
833;84
834;84
835;84
836;84
837;84
838;84
839;84
840;84
841;84
842;84
843;84
844;84
845;84
846;84
847;84
848;84
849;84
850;84
851;84
852;84
853;84
854;84
855;84
856;84
857;84
858;84
859;84
860;84
861;84
862;84
863;84
864;84
865;84
866;84
867;84
868;84
869;84
870;84
871;84
872;84
873;84
874;84
875;84
876;84
877;84
878;84
879;84
880;84
881;84
882;84
883;84
884;84
885;84
886;84
887;84
888;84
889;84
890;84
891;84
892;84
893;84
894;84
895;84
896;84
897;84
898;84
899;84
900;84
901;84
902;84
903;84
904;84
905;84
906;84
907;84
908;84
909;84
910;84
911;84
912;84
913;84
914;84
915;84
916;84
917;84
918;84
919;84
920;84
921;84
922;84
923;84
924;84
925;84
926;84
927;84
928;84
929;84
930;84
931;84
932;84
933;84
934;84
935;84
936;84
937;84
938;84
939;84
940;84
941;84
942;84
943;84
944;84
945;84
946;84
947;84
948;84
949;84
950;84
951;84
952;84
953;84
954;84
955;84
956;84
957;84
958;84
959;84
960;84
961;84
962;84
963;84
964;84
965;84
966;84
967;84
968;84
969;84
970;84
971;84
972;84
973;84
974;84
975;84
976;84
977;84
978;84
979;84
980;84
981;84
982;84
983;84
984;84
985;84
986;84
987;84
988;84
989;84
990;84
991;84
992;84
993;84
994;84
995;84
996;84
997;84
998;84
999;84
1000;84
1001;84
1002;84
1003;84
1004;84
1005;84
1006;84
1007;84
1008;84
1009;84
1010;84
1011;84
1012;84
1013;84
1014;84
1015;84
1016;84
1017;84
1018;84
1019;84
1020;84
1021;84
1022;84
1023;84
1024;84
1025;84
1026;84
1027;84
1028;84
1029;84
1030;84
1031;84
1032;84
1033;84
1034;84
1035;84
1036;84
1037;84
1038;84
1039;84
1040;84
1041;84
1042;84
1043;84
1044;84
1045;84
1046;84
1047;84
1048;84
1049;84
1050;84
1051;84
1052;84
1053;84
1054;84
1055;84
1056;84
1057;84
1058;84
1059;84
1060;84
1061;84
1062;84
1063;84
1064;84
1065;84
1066;84
1067;84
1068;84
1069;84
1070;84
1071;84
1072;84
1073;84
1074;84
1075;84
1076;84
1077;84
1078;84
1079;84
1080;84
1081;84
1082;84
1083;84
1084;84
1085;84
1086;84
1087;84
1088;84
1089;84
1090;84
1091;84
1092;84
1093;84
1094;84
1095;84
1096;84
1097;84
1098;84
1099;84
1100;84
1101;84
1102;84
1103;84
1104;84
1105;84
1106;84
1107;84
1108;84
1109;84
1110;84
1111;84
1112;84
1113;84
1114;84
1115;84
1116;84
1117;84
1118;84
1119;84
1120;84
1121;84
1122;84
1123;84
1124;84
1125;84
1126;84
1127;84
1128;84
1129;84
1130;84
1131;84
1132;84
1133;84
1134;84
1135;84
1136;84
1137;84
1138;84
1139;84
1140;84
1141;84
1142;84
1143;84
1144;84
1145;84
1146;84
1147;84
1148;84
1149;84
1150;84
1151;84
1152;84
1153;84
1154;84
1155;84
1156;84
1157;84
1158;84
1159;84
1160;84
1161;84
1162;84
1163;84
1164;84
1165;84
1166;84
1167;84
1168;84
1169;84
1170;84
1171;84
1172;84
1173;84
1174;84
1175;84
1176;84
1177;84
1178;84
1179;84
1180;84
1181;84
1182;84
1183;84
1184;84
1185;84
1186;84
1187;84
1188;84
1189;84
1190;84
1191;84
1192;84
1193;84
1194;84
1195;84
1196;84
1197;84
1198;84
1199;84
1200;84
1201;84
1202;84
1203;84
1204;84
1205;84
1206;84
1207;84
1208;84
1209;84
1210;84
1211;84
1212;84
1213;84
1214;84
1215;84
1216;84
1217;84
1218;84
1219;84
1220;84
1221;84
1222;84
1223;84
1224;84
1225;84
1226;84
1227;84
1228;84
1229;84
1230;84
1231;84
1232;84
1233;84
1234;84
1235;84
1236;84
1237;84
1238;84
1239;84
1240;84
1241;84
1242;84
1243;84
1244;84
1245;84
1246;84
1247;84
1248;84
1249;84
1250;84
1251;84
1252;84
1253;84
1254;84
1255;84
1256;84
1257;84
1258;84
1259;84
1260;84
1261;84
1262;84
1263;84
1264;84
1265;84
1266;84
1267;84
1268;84
1269;84
1270;84
1271;84
1272;84
1273;84
1274;84
1275;84
1276;84
1277;84
1278;84
1279;84
1280;84
1281;84
1282;84
1283;84
1284;84
1285;84
1286;84
1287;84
1288;84
1289;84
1290;84
1291;84
1292;84
1293;84
1294;84
1295;84
1296;84
1297;84
1298;84
1299;84
1300;84
1301;84
1302;84
1303;84
1304;84
1305;84
1306;84
1307;84
1308;84
1309;84
1310;84
1311;84
1312;84
1313;84
1314;84
1315;84
1316;84
1317;84
1318;84
1319;84
1320;84
1321;84
1322;84
1323;84
1324;84
1325;84
1326;84
1327;84
1328;84
1329;84
1330;84
1331;84
1332;84
1333;84
1334;84
1335;84
1336;84
1337;84
1338;84
1339;84
1340;84
1341;84
1342;84
1343;84
1344;84
1345;84
1346;84
1347;84
1348;84
1349;84
1350;84
1351;84
1352;84
1353;84
1354;84
1355;84
1356;84
1357;84
1358;84
1359;84
1360;84
1361;84
1362;84
1363;84
1364;84
1365;84
1366;84
1367;84
1368;84
1369;84
1370;84
1371;84
1372;84
1373;84
1374;84
1375;84
1376;84
1377;84
1378;84
1379;84
1380;84
1381;84
1382;84
1383;84
1384;84
1385;84
1386;84
1387;84
1388;84
1389;84
1390;84
1391;84
1392;84
1393;84
1394;84
1395;84
1396;84
1397;84
1398;84
1399;84
1400;84
1401;84
1402;84
1403;84
1404;84
1405;84
1406;84
1407;84
1408;84
1409;84
1410;84
1411;84
1412;84
1413;84
1414;84
1415;84
1416;84
1417;84
1418;84
1419;84
1420;84
1421;84
1422;84
1423;84
1424;84
1425;84
1426;84
1427;84
1428;84
1429;84
1430;84
1431;84
1432;84
1433;84
1434;84
1435;84
1436;84
1437;84
1438;84
1439;84
1440;84
1441;84
1442;84
1443;84
1444;84
1445;84
1446;84
1447;84
1448;84
1449;84
1450;84
1451;84
1452;84
1453;84
1454;84
1455;84
1456;84
1457;84
1458;84
1459;84
1460;84
1461;84
1462;84
1463;84
1464;84
1465;84
1466;84
1467;84
1468;84
1469;84
1470;84
1471;84
1472;84
1473;84
1474;84
1475;84
1476;84
1477;84
1478;84
1479;84
1480;84
1481;84
1482;84
1483;84
1484;84
1485;84
1486;84
1487;84
1488;84
1489;84
1490;84
1491;84
1492;84
1493;84
1494;84
1495;84
1496;84
1497;84
1498;84
1499;84
1500;84
1501;84
1502;84
1503;84
1504;84
1505;84
1506;84
1507;84
1508;84
1509;84
1510;84
1511;84
1512;84
1513;84
1514;84
1515;84
1516;84
1517;84
1518;84
1519;84
1520;84
1521;84
1522;84
1523;84
1524;84
1525;84
1526;84
1527;84
1528;84
1529;84
1530;84
1531;84
1532;84
1533;84
1534;84
1535;84
1536;84
1537;84
1538;84
1539;84
1540;84
1541;84
1542;84
1543;84
1544;84
1545;84
1546;84
1547;84
1548;84
1549;84
1550;84
1551;84
1552;84
1553;84
1554;84
1555;84
1556;84
1557;84
1558;84
1559;84
1560;84
1561;84
1562;84
1563;84
1564;84
1565;84
1566;84
1567;84
1568;84
1569;84
1570;84
1571;84
1572;84
1573;84
1574;84
1575;84
1576;84
1577;84
1578;84
1579;84
1580;84
1581;84
1582;84
1583;84
1584;84
1585;84
1586;84
1587;84
1588;84
1589;84
1590;84
1591;84
1592;84
1593;84
1594;84
1595;84
1596;84
1597;84
1598;84
1599;84
1600;84
1601;84
1602;84
1603;84
1604;84
1605;84
1606;84
1607;84
1608;84
1609;84
1610;84
1611;84
1612;84
1613;84
1614;84
1615;84
1616;84
1617;84
1618;84
1619;84
1620;84
1621;84
1622;84
1623;84
1624;84
1625;84
1626;84
1627;84
1628;84
1629;84
1630;84
1631;84
1632;84
1633;84
1634;84
1635;84
1636;84
1637;84
1638;84
1639;84
1640;84
1641;84
1642;84
1643;84
1644;84
1645;84
1646;84
1647;84
1648;84
1649;84
1650;84
1651;84
1652;84
1653;84
1654;84
1655;84
1656;84
1657;84
1658;84
1659;84
1660;84
1661;84
1662;84
1663;84
1664;84
1665;84
1666;84
1667;84
1668;84
1669;84
1670;84
1671;84
1672;84
1673;84
1674;84
1675;84
1676;84
1677;84
1678;84
1679;84
1680;84
1681;84
1682;84
1683;84
1684;84
1685;84
1686;84
1687;84
1688;84
1689;84
1690;84
1691;84
1692;84
1693;84
1694;84
1695;84
1696;84
1697;84
1698;84
1699;84
1700;84
1701;84
1702;84
1703;84
1704;84
1705;84
1706;84
1707;84
1708;84
1709;84
1710;84
1711;84
1712;84
1713;84
1714;84
1715;84
1716;84
1717;84
1718;84
1719;84
1720;84
1721;84
1722;84
1723;84
1724;84
1725;84
1726;84
1727;84
1728;84
1729;84
1730;84
1731;84
1732;84
1733;84
1734;84
1735;84
1736;84
1737;84
1738;84
1739;84
1740;84
1741;84
1742;84
1743;84
1744;84
1745;84
1746;84
1747;84
1748;84
1749;84
1750;84
1751;84
1752;84
1753;84
1754;84
1755;84
1756;84
1757;84
1758;84
1759;84
1760;84
1761;84
1762;84
1763;84
1764;84
1765;84
1766;84
1767;84
1768;84
1769;84
1770;84
1771;84
1772;84
1773;84
1774;84
1775;84
1776;84
1777;84
1778;84
1779;84
1780;84
1781;84
1782;84
1783;84
1784;84
1785;84
1786;84
1787;84
1788;84
1789;84
1790;84
1791;84
1792;84
1793;84
1794;84
1795;84
1796;84
1797;84
1798;84
1799;84
1800;84
1801;84
1802;84
1803;84
1804;84
1805;84
1806;84
1807;84
1808;84
1809;84
1810;84
1811;84
1812;84
1813;84
1814;84
1815;84
1816;84
1817;84
1818;84
1819;84
1820;84
1821;84
1822;84
1823;84
1824;84
1825;84
1826;84
1827;84
1828;84
1829;84
1830;84
1831;84
1832;84
1833;84
1834;84
1835;84
1836;84
1837;84
1838;84
1839;84
1840;84
1841;84
1842;84
1843;84
1844;84
1845;84
1846;84
1847;84
1848;84
1849;84
1850;84
1851;84
1852;84
1853;84
1854;84
1855;84
1856;84
1857;84
1858;84
1859;84
1860;84
1861;84
1862;84
1863;84
1864;84
1865;84
1866;84
1867;84
1868;84
1869;84
1870;84
1871;84
1872;84
1873;84
1874;84
1875;84
1876;84
1877;84
1878;84
1879;84
1880;84
1881;84
1882;84
1883;84
1884;84
1885;84
1886;84
1887;84
1888;84
1889;84
1890;84
1891;84
1892;84
1893;84
1894;84
1895;84
1896;84
1897;84
1898;84
1899;84
1900;84
1901;84
1902;84
1903;84
1904;84
1905;84
1906;84
1907;84
1908;84
1909;84
1910;84
1911;84
1912;84
1913;84
1914;84
1915;84
1916;84
1917;84
1918;84
1919;84
1920;84
1921;84
1922;84
1923;84
1924;84
1925;84
1926;84
1927;84
1928;84
1929;84
1930;84
1931;84
1932;84
1933;84
1934;84
1935;84
1936;84
1937;84
1938;84
1939;84
1940;84
1941;84
1942;84
1943;84
1944;84
1945;84
1946;84
1947;84
1948;84
1949;84
1950;84
1951;84
1952;84
1953;84
1954;84
1955;84
1956;84
1957;84
1958;84
1959;84
1960;84
1961;84
1962;84
1963;84
1964;84
1965;84
1966;84
1967;84
1968;84
1969;84
1970;84
1971;84
1972;84
1973;84
1974;84
1975;84
1976;84
1977;84
1978;84
1979;84
1980;84
1981;84
1982;84
1983;84
1984;84
1985;84
1986;84
1987;84
1988;84
1989;84
1990;84
1991;84
1992;84
1993;84
1994;84
1995;84
1996;84
1997;84
1998;84
1999;84
2000;84
2001;84
2002;84
2003;84
2004;84
2005;84
2006;84
2007;84
2008;84
2009;84
2010;84
2011;84
2012;84
2013;84
2014;84
2015;84
2016;84
2017;84
2018;84
2019;84
2020;84
2021;84
2022;84
2023;84
2024;84
2025;84
2026;84
2027;84
2028;84
2029;84
2030;84
2031;84
2032;84
2033;84
2034;84
2035;84
2036;84
2037;84
2038;84
2039;84
2040;84
2041;84
2042;84
2043;84
2044;84
2045;84
2046;84
2047;84
2048;84
2049;84
2050;84
2051;84
2052;84
2053;84
2054;84
2055;84
2056;84
2057;84
2058;84
2059;84
2060;84
2061;84
2062;84
2063;84
2064;84
2065;84
2066;84
2067;84
2068;84
2069;84
2070;84
2071;84
2072;84
2073;84
2074;84
2075;84
2076;84
2077;84
2078;84
2079;84
2080;84
2081;84
2082;84
2083;84
2084;84
2085;84
2086;84
2087;84
2088;84
2089;84
2090;84
2091;84
2092;84
2093;84
2094;84
2095;84
2096;84
2097;84
2098;84
2099;84
2100;84
2101;84
2102;84
2103;84
2104;84
2105;84
2106;84
2107;84
2108;84
2109;84
2110;84
2111;84
2112;84
2113;84
2114;84
2115;84
2116;84
2117;84
2118;84
2119;84
2120;84
2121;84
2122;84
2123;84
2124;84
2125;84
2126;84
2127;84
2128;84
2129;84
2130;84
2131;84
2132;84
2133;84
2134;84
2135;84
2136;84
2137;84
2138;84
2139;84
2140;84
2141;84
2142;84
2143;84
2144;84
2145;84
2146;84
2147;84
2148;84
2149;84
2150;84
2151;84
2152;84
2153;84
2154;84
2155;84
2156;84
2157;84
2158;84
2159;84
2160;84
2161;84
2162;84
2163;84
2164;84
2165;84
2166;84
2167;84
2168;84
2169;84
2170;84
2171;84
2172;84
2173;84
2174;84
2175;84
2176;84
2177;84
2178;84
2179;84
2180;86
2181;86
2182;86
2183;86
2184;86
2185;86
2186;86
2187;86
2188;86
2189;86
2190;86
2191;86
2192;86
2193;86
2194;86
2195;86
2196;86
2197;86
2198;86
2199;86
2200;86
2201;86
2202;86
2203;86
2204;86
2205;86
2206;86
2207;86
2208;86
2209;86
2210;86
2211;86
2212;86
2213;86
2214;86
2215;86
2216;86
2217;86
2218;86
2219;86
2220;86
2221;86
2222;86
2223;86
2224;86
2225;86
2226;86
2227;86
2228;86
2229;86
2230;86
2231;86
2232;86
2233;86
2234;86
2235;86
2236;86
2237;86
2238;86
2239;86
2240;86
2241;86
2242;86
2243;86
2244;86
2245;86
2246;86
2247;86
2248;86
2249;86
2250;86
2251;86
2252;86
2253;86
2254;86
2255;86
2256;86
2257;86
2258;86
2259;86
2260;86
2261;86
2262;86
2263;86
2264;86
2265;86
2266;86
2267;86
2268;86
2269;86
2270;86
2271;86
2272;86
2273;86
2274;86
2275;86
2276;86
2277;86
2278;86
2279;86
2280;86
2281;86
2282;86
2283;86
2284;86
2285;86
2286;86
2287;86
2288;86
2289;86
2290;86
2291;86
2292;86
2293;86
2294;86
2295;86
2296;86
2297;86
2298;86
2299;86
2300;86
2301;86
2302;86
2303;86
2304;86
2305;86
2306;86
2307;86
2308;86
2309;86
2310;86
2311;86
2312;86
2313;86
2314;86
2315;86
2316;86
2317;86
2318;86
2319;86
2320;86
2321;86
2322;86
2323;86
2324;86
2325;86
2326;86
2327;86
2328;86
2329;86
2330;86
2331;86
2332;86
2333;86
2334;86
2335;86
2336;86
2337;86
2338;86
2339;86
2340;86
2341;86
2342;86
2343;86
2344;86
2345;86
2346;86
2347;86
2348;86
2349;86
2350;86
2351;86
2352;86
2353;86
2354;86
2355;86
2356;86
2357;86
2358;86
2359;86
2360;86
2361;86
2362;86
2363;86
2364;86
2365;86
2366;86
2367;86
2368;86
2369;86
2370;86
2371;86
2372;86
2373;86
2374;86
2375;86
2376;86
2377;86
2378;86
2379;86
2380;86
2381;86
2382;86
2383;86
2384;86
2385;86
2386;86
2387;86
2388;86
2389;86
2390;86
2391;86
2392;86
2393;86
2394;86
2395;86
2396;86
2397;86
2398;86
2399;86
2400;86
2401;86
2402;86
2403;86
2404;86
2405;86
2406;86
2407;86
2408;86
2409;86
2410;86
2411;86
2412;86
2413;86
2414;86
2415;86
2416;86
2417;86
2418;86
2419;86
2420;86
2421;86
2422;86
2423;86
2424;86
2425;86
2426;86
2427;86
2428;86
2429;86
2430;86
2431;86
2432;86
2433;86
2434;86
2435;86
2436;86
2437;86
2438;86
2439;86
2440;86
2441;86
2442;86
2443;86
2444;86
2445;86
2446;86
2447;86
2448;86
2449;86
2450;86
2451;86
2452;86
2453;86
2454;86
2455;86
2456;86
2457;86
2458;86
2459;86
2460;86
2461;86
2462;86
2463;86
2464;86
2465;86
2466;86
2467;86
2468;86
2469;86
2470;86
2471;86
2472;86
2473;86
2474;86
2475;86
2476;86
2477;86
2478;86
2479;86
2480;86
2481;86
2482;86
2483;86
2484;86
2485;86
2486;86
2487;86
2488;86
2489;86
2490;86
2491;86
2492;86
2493;86
2494;86
2495;86
2496;86
2497;86
2498;86
2499;86
2500;86
2501;86
2502;86
2503;86
2504;86
2505;86
2506;86
2507;86
2508;86
2509;86
2510;86
2511;86
2512;86
2513;86
2514;86
2515;86
2516;86
2517;86
2518;86
2519;86
2520;86
2521;86
2522;86
2523;86
2524;86
2525;86
2526;86
2527;86
2528;86
2529;86
2530;86
2531;86
2532;86
2533;86
2534;86
2535;86
2536;86
2537;86
2538;86
2539;86
2540;86
2541;86
2542;86
2543;86
2544;86
2545;86
2546;86
2547;86
2548;86
2549;86
2550;86
2551;86
2552;86
2553;86
2554;86
2555;86
2556;86
2557;86
2558;86
2559;86
2560;86
2561;86
2562;86
2563;86
2564;86
2565;86
2566;86
2567;86
2568;86
2569;86
2570;86
2571;86
2572;86
2573;86
2574;86
2575;86
2576;86
2577;86
2578;86
2579;86
2580;86
2581;86
2582;86
2583;86
2584;86
2585;86
2586;86
2587;86
2588;86
2589;86
2590;86
2591;86
2592;86
2593;86
2594;86
2595;86
2596;86
2597;86
2598;86
2599;86
2600;86
2601;86
2602;86
2603;86
2604;86
2605;86
2606;86
2607;86
2608;86
2609;86
2610;86
2611;86
2612;86
2613;86
2614;86
2615;86
2616;86
2617;86
2618;86
2619;86
2620;86
2621;86
2622;86
2623;86
2624;86
2625;86
2626;86
2627;86
2628;86
2629;86
2630;86
2631;86
2632;86
2633;86
2634;86
2635;86
2636;86
2637;86
2638;86
2639;86
2640;86
2641;86
2642;86
2643;86
2644;86
2645;86
2646;86
2647;86
2648;86
2649;86
2650;86
2651;86
2652;86
2653;86
2654;86
2655;86
2656;86
2657;86
2658;86
2659;86
2660;86
2661;86
2662;86
2663;86
2664;86
2665;86
2666;86
2667;86
2668;86
2669;86
2670;86
2671;86
2672;86
2673;86
2674;86
2675;86
2676;86
2677;86
2678;86
2679;86
2680;86
2681;86
2682;86
2683;86
2684;86
2685;86
2686;86
2687;86
2688;86
2689;86
2690;86
2691;86
2692;86
2693;86
2694;86
2695;86
2696;86
2697;86
2698;86
2699;86
2700;86
2701;86
2702;86
2703;86
2704;86
2705;86
2706;86
2707;86
2708;86
2709;86
2710;86
2711;86
2712;86
2713;86
2714;86
2715;86
2716;86
2717;86
2718;86
2719;86
2720;86
2721;86
2722;86
2723;86
2724;86
2725;86
2726;86
2727;86
2728;86
2729;86
2730;86
2731;86
2732;86
2733;86
2734;86
2735;86
2736;86
2737;86
2738;86
2739;86
2740;86
2741;86
2742;86
2743;86
2744;86
2745;86
2746;86
2747;86
2748;86
2749;86
2750;86
2751;86
2752;86
2753;86
2754;86
2755;86
2756;86
2757;86
2758;86
2759;86
2760;86
2761;86
2762;86
2763;86
2764;86
2765;86
2766;86
2767;86
2768;86
2769;86
2770;86
2771;86
2772;86
2773;86
2774;86
2775;86
2776;86
2777;86
2778;86
2779;86
2780;86
2781;86
2782;86
2783;86
2784;86
2785;86
2786;86
2787;86
2788;86
2789;86
2790;86
2791;86
2792;86
2793;86
2794;86
2795;86
2796;86
2797;86
2798;86
2799;86
2800;86
2801;86
2802;86
2803;86
2804;86
2805;86
2806;86
2807;86
2808;86
2809;86
2810;86
2811;86
2812;86
2813;86
2814;86
2815;86
2816;86
2817;86
2818;86
2819;86
2820;86
2821;86
2822;86
2823;86
2824;86
2825;86
2826;86
2827;86
2828;86
2829;86
2830;86
2831;86
2832;86
2833;86
2834;86
2835;86
2836;86
2837;86
2838;86
2839;86
2840;86
2841;86
2842;86
2843;86
2844;86
2845;86
2846;86
2847;86
2848;86
2849;86
2850;86
2851;86
2852;86
2853;86
2854;86
2855;86
2856;86
2857;86
2858;86
2859;86
2860;86
2861;86
2862;86
2863;86
2864;86
2865;86
2866;86
2867;86
2868;86
2869;86
2870;86
2871;86
2872;86
2873;86
2874;86
2875;86
2876;86
2877;86
2878;86
2879;86
2880;86
2881;86
2882;86
2883;86
2884;86
2885;86
2886;86
2887;86
2888;86
2889;86
2890;86
2891;86
2892;86
2893;86
2894;86
2895;86
2896;86
2897;86
2898;86
2899;86
2900;86
2901;86
2902;86
2903;86
2904;86
2905;86
2906;86
2907;86
2908;86
2909;86
2910;86
2911;86
2912;86
2913;86
2914;86
2915;86
2916;86
2917;86
2918;86
2919;86
2920;86
2921;86
2922;86
2923;86
2924;86
2925;86
2926;86
2927;86
2928;86
2929;86
2930;86
2931;86
2932;86
2933;86
2934;86
2935;86
2936;86
2937;86
2938;86
2939;86
2940;86
2941;86
2942;86
2943;86
2944;86
2945;86
2946;86
2947;86
2948;86
2949;86
2950;86
2951;86
2952;86
2953;86
2954;86
2955;86
2956;86
2957;86
2958;86
2959;86
2960;86
2961;86
2962;86
2963;86
2964;86
2965;86
2966;86
2967;86
2968;86
2969;86
2970;86
2971;86
2972;86
2973;86
2974;86
2975;86
2976;86
2977;86
2978;86
2979;86
2980;86
2981;86
2982;86
2983;86
2984;86
2985;86
2986;86
2987;86
2988;86
2989;86
2990;86
2991;86
2992;86
2993;86
2994;86
2995;86
2996;86
2997;86
2998;86
2999;86
3000;86
3001;86
3002;86
3003;86
3004;86
3005;86
3006;86
3007;86
3008;86
3009;86
3010;86
3011;86
3012;86
3013;86
3014;86
3015;86
3016;86
3017;86
3018;86
3019;86
3020;86
3021;86
3022;86
3023;86
3024;86
3025;86
3026;86
3027;86
3028;86
3029;86
3030;86
3031;86
3032;86
3033;86
3034;86
3035;86
3036;86
3037;86
3038;86
3039;86
3040;86
3041;86
3042;86
3043;86
3044;86
3045;86
3046;86
3047;86
3048;86
3049;86
3050;86
3051;86
3052;86
3053;86
3054;86
3055;86
3056;86
3057;86
3058;86
3059;86
3060;86
3061;86
3062;86
3063;86
3064;86
3065;86
3066;86
3067;86
3068;86
3069;86
3070;86
3071;86
3072;86
3073;86
3074;86
3075;86
3076;86
3077;86
3078;86
3079;86
3080;86
3081;86
3082;86
3083;86
3084;86
3085;86
3086;86
3087;86
3088;86
3089;86
3090;86
3091;86
3092;86
3093;86
3094;86
3095;86
3096;86
3097;86
3098;86
3099;86
3100;86
3101;86
3102;86
3103;86
3104;86
3105;86
3106;86
3107;86
3108;86
3109;86
3110;86
3111;86
3112;86
3113;86
3114;86
3115;86
3116;86
3117;86
3118;86
3119;86
3120;86
3121;86
3122;86
3123;86
3124;86
3125;86
3126;86
3127;86
3128;86
3129;86
3130;86
3131;86
3132;86
3133;86
3134;86
3135;86
3136;86
3137;86
3138;86
3139;86
3140;86
3141;86
3142;86
3143;86
3144;86
3145;86
3146;86
3147;86
3148;86
3149;86
3150;86
3151;86
3152;86
3153;86
3154;86
3155;86
3156;86
3157;86
3158;86
3159;86
3160;86
3161;86
3162;86
3163;86
3164;86
3165;86
3166;86
3167;86
3168;86
3169;86
3170;86
3171;86
3172;86
3173;86
3174;86
3175;86
3176;86
3177;86
3178;86
3179;86
3180;86
3181;86
3182;86
3183;86
3184;86
3185;86
3186;86
3187;86
3188;86
3189;86
3190;86
3191;86
3192;86
3193;86
3194;86
3195;86
3196;86
3197;86
3198;86
3199;86
3200;86
3201;86
3202;86
3203;86
3204;86
3205;86
3206;86
3207;86
3208;86
3209;86
3210;86
3211;86
3212;86
3213;86
3214;86
3215;86
3216;86
3217;86
3218;86
3219;86
3220;86
3221;86
3222;86
3223;86
3224;86
3225;86
3226;86
3227;86
3228;86
3229;86
3230;86
3231;86
3232;86
3233;86
3234;86
3235;86
3236;86
3237;86
3238;86
3239;86
3240;86
3241;86
3242;86
3243;86
3244;86
3245;86
3246;86
3247;86
3248;86
3249;86
3250;86
3251;86
3252;86
3253;86
3254;86
3255;86
3256;86
3257;86
3258;86
3259;86
3260;86
3261;86
3262;86
3263;86
3264;86
3265;86
3266;86
3267;86
3268;86
3269;86
3270;86
3271;86
3272;86
3273;86
3274;86
3275;86
3276;86
3277;86
3278;86
3279;86
3280;86
3281;86
3282;86
3283;86
3284;86
3285;86
3286;86
3287;86
3288;86
3289;86
3290;86
3291;86
3292;86
3293;86
3294;86
3295;86
3296;86
3297;86
3298;86
3299;86
3300;86
3301;86
3302;86
3303;86
3304;86
3305;86
3306;86
3307;86
3308;86
3309;86
3310;86
3311;86
3312;86
3313;86
3314;86
3315;86
3316;86
3317;86
3318;86
3319;86
3320;86
3321;86
3322;86
3323;86
3324;86
3325;86
3326;86
3327;86
3328;86
3329;86
3330;86
3331;86
3332;86
3333;86
3334;86
3335;86
3336;86
3337;86
3338;86
3339;86
3340;86
3341;86
3342;86
3343;86
3344;86
3345;86
3346;86
3347;86
3348;86
3349;86
3350;86
3351;86
3352;86
3353;86
3354;86
3355;86
3356;86
3357;86
3358;86
3359;86
3360;86
3361;86
3362;86
3363;86
3364;86
3365;86
3366;86
3367;86
3368;86
3369;86
3370;86
3371;86
3372;86
3373;86
3374;86
3375;86
3376;86
3377;86
3378;86
3379;86
3380;86
3381;86
3382;86
3383;86
3384;86
3385;86
3386;86
3387;86
3388;86
3389;86
3390;86
3391;86
3392;86
3393;86
3394;86
3395;86
3396;86
3397;86
3398;86
3399;86
3400;86
3401;86
3402;86
3403;86
3404;86
3405;86
3406;86
3407;86
3408;86
3409;86
3410;86
3411;86
3412;86
3413;86
3414;86
3415;86
3416;86
3417;86
3418;86
3419;86
3420;86
3421;86
3422;86
3423;86
3424;86
3425;86
3426;86
3427;86
3428;86
3429;86
3430;86
3431;86
3432;86
3433;86
3434;86
3435;86
3436;86
3437;86
3438;86
3439;86
3440;86
3441;86
3442;86
3443;86
3444;86
3445;86
3446;86
3447;86
3448;86
3449;86
3450;86
3451;86
3452;86
3453;86
3454;86
3455;86
3456;86
3457;86
3458;86
3459;86
3460;86
3461;86
3462;86
3463;86
3464;86
3465;86
3466;86
3467;86
3468;86
3469;86
3470;86
3471;86
3472;86
3473;86
3474;86
3475;86
3476;86
3477;86
3478;86
3479;86
3480;86
3481;86
3482;86
3483;86
3484;86
3485;86
3486;86
3487;86
3488;86
3489;86
3490;86
3491;86
3492;86
3493;86
3494;86
3495;86
3496;86
3497;86
3498;86
3499;86
3500;86
3501;86
3502;86
3503;86
3504;86
3505;86
3506;86
3507;86
3508;86
3509;86
3510;86
3511;86
3512;86
3513;86
3514;86
3515;86
3516;86
3517;86
3518;86
3519;86
3520;86
3521;86
3522;86
3523;86
3524;86
3525;86
3526;86
3527;86
3528;86
3529;86
3530;86
3531;86
3532;86
3533;86
3534;86
3535;86
3536;86
3537;86
3538;86
3539;86
3540;86
3541;86
3542;86
3543;86
3544;86
3545;86
3546;86
3547;86
3548;86
3549;86
3550;86
3551;86
3552;86
3553;86
3554;86
3555;86
3556;86
3557;86
3558;86
3559;86
3560;86
3561;86
3562;86
3563;86
3564;86
3565;86
3566;86
3567;86
3568;86
3569;86
3570;86
3571;86
3572;86
3573;86
3574;86
3575;86
3576;86
3577;86
3578;86
3579;86
3580;86
3581;86
3582;86
3583;86
3584;86
3585;86
3586;86
3587;86
3588;86
3589;86
3590;86
3591;86
3592;86
3593;86
3594;86
3595;86
3596;86
3597;86
3598;86
3599;86
3600;86
3601;86
3602;86
3603;86
3604;86
3605;86
3606;86
3607;86
3608;86
3609;86
3610;86
3611;86
3612;86
3613;86
3614;86
3615;86
3616;86
3617;86
3618;86
3619;86
3620;86
3621;86
3622;86
3623;86
3624;86
3625;86
3626;86
3627;86
3628;86
3629;86
3630;86
3631;86
3632;86
3633;86
3634;86
3635;86
3636;86
3637;86
3638;86
3639;86
3640;86
3641;86
3642;86
3643;86
3644;86
3645;86
3646;86
3647;86
3648;86
3649;86
3650;86
3651;86
3652;86
3653;86
3654;86
3655;86
3656;86
3657;86
3658;86
3659;86
3660;86
3661;86
3662;86
3663;86
3664;86
3665;86
3666;86
3667;86
3668;86
3669;86
3670;86
3671;86
3672;86
3673;86
3674;86
3675;86
3676;86
3677;86
3678;86
3679;86
3680;86
3681;86
3682;86
3683;86
3684;86
3685;86
3686;86
3687;86
3688;86
3689;86
3690;86
3691;86
3692;86
3693;86
3694;86
3695;86
3696;86
3697;86
3698;86
3699;86
3700;86
3701;86
3702;86
3703;86
3704;86
3705;86
3706;86
3707;86
3708;86
3709;86
3710;86
3711;86
3712;86
3713;86
3714;86
3715;86
3716;86
3717;86
3718;86
3719;86
3720;86
3721;86
3722;86
3723;86
3724;86
3725;86
3726;86
3727;86
3728;86
3729;86
3730;86
3731;86
3732;86
3733;86
3734;86
3735;86
3736;86
3737;86
3738;86
3739;86
3740;86
3741;86
3742;86
3743;86
3744;86
3745;86
3746;86
3747;86
3748;86
3749;86
3750;86
3751;86
3752;86
3753;86
3754;86
3755;86
3756;86
3757;86
3758;86
3759;86
3760;86
3761;86
3762;86
3763;86
3764;86
3765;86
3766;86
3767;86
3768;86
3769;86
3770;86
3771;86
3772;86
3773;86
3774;86
3775;86
3776;86
3777;86
3778;86
3779;86
3780;86
3781;86
3782;86
3783;86
3784;86
3785;86
3786;86
3787;86
3788;86
3789;86
3790;86
3791;86
3792;86
3793;86
3794;86
3795;86
3796;86
3797;86
3798;86
3799;86
3800;86
3801;86
3802;86
3803;86
3804;86
3805;86
3806;86
3807;86
3808;86
3809;86
3810;86
3811;86
3812;86
3813;86
3814;86
3815;86
3816;86
3817;86
3818;86
3819;86
3820;86
3821;86
3822;86
3823;86
3824;86
3825;86
3826;86
3827;86
3828;86
3829;86
3830;86
3831;86
3832;86
3833;86
3834;86
3835;86
3836;86
3837;86
3838;86
3839;86
3840;86
3841;86
3842;86
3843;86
3844;86
3845;86
3846;86
3847;86
3848;86
3849;86
3850;86
3851;86
3852;86
3853;86
3854;86
3855;86
3856;86
3857;86
3858;86
3859;86
3860;86
3861;86
3862;86
3863;86
3864;86
3865;86
3866;86
3867;86
3868;86
3869;86
3870;86
3871;86
3872;86
3873;86
3874;86
3875;86
3876;86
3877;86
3878;86
3879;86
3880;86
3881;86
3882;86
3883;86
3884;86
3885;86
3886;86
3887;86
3888;86
3889;86
3890;86
3891;86
3892;86
3893;86
3894;86
3895;86
3896;86
3897;86
3898;86
3899;86
3900;86
3901;86
3902;86
3903;86
3904;86
3905;86
3906;86
3907;86
3908;86
3909;86
3910;86
3911;86
3912;86
3913;86
3914;86
3915;86
3916;86
3917;86
3918;86
3919;86
3920;86
3921;86
3922;86
3923;86
3924;86
3925;86
3926;86
3927;86
3928;86
3929;86
3930;86
3931;86
3932;86
3933;86
3934;86
3935;86
3936;86
3937;86
3938;86
3939;86
3940;86
3941;86
3942;86
3943;86
3944;86
3945;86
3946;86
3947;86
3948;86
3949;86
3950;86
3951;86
3952;86
3953;86
3954;86
3955;86
3956;86
3957;86
3958;86
3959;86
3960;86
3961;86
3962;86
3963;86
3964;86
3965;86
3966;86
3967;86
3968;86
3969;86
3970;86
3971;86
3972;86
3973;86
3974;86
3975;86
3976;86
3977;86
3978;86
3979;86
3980;86
3981;86
3982;86
3983;86
3984;86
3985;86
3986;86
3987;86
3988;86
3989;86
3990;86
3991;86
3992;86
3993;86
3994;86
3995;86
3996;86
3997;86
3998;86
3999;86
4000;86
4001;86
4002;86
4003;86
4004;86
4005;86
4006;86
4007;86
4008;86
4009;86
4010;86
4011;86
4012;86
4013;86
4014;86
4015;86
4016;86
4017;86
4018;86
4019;86
4020;86
4021;86
4022;86
4023;86
4024;86
4025;86
4026;86
4027;86
4028;86
4029;86
4030;86
4031;86
4032;86
4033;86
4034;86
4035;86
4036;86
4037;86
4038;86
4039;86
4040;86
4041;86
4042;86
4043;86
4044;86
4045;86
4046;86
4047;86
4048;86
4049;86
4050;86
4051;86
4052;86
4053;86
4054;86
4055;86
4056;86
4057;86
4058;86
4059;86
4060;86
4061;86
4062;86
4063;86
4064;86
4065;86
4066;86
4067;86
4068;86
4069;86
4070;86
4071;86
4072;86
4073;86
4074;86
4075;86
4076;86
4077;86
4078;86
4079;86
4080;86
4081;86
4082;86
4083;86
4084;86
4085;86
4086;86
4087;86
4088;86
4089;86
4090;86
4091;86
4092;86
4093;86
4094;86
4095;86
4096;86
4097;86
4098;86
4099;86
4100;86
4101;86
4102;86
4103;86
4104;86
4105;86
4106;86
4107;86
4108;86
4109;86
4110;86
4111;86
4112;86
4113;86
4114;86
4115;86
4116;86
4117;86
4118;86
4119;86
4120;86
4121;86
4122;86
4123;86
4124;86
4125;86
4126;86
4127;86
4128;86
4129;86
4130;86
4131;86
4132;86
4133;86
4134;86
4135;86
4136;86
4137;86
4138;86
4139;86
4140;86
4141;86
4142;86
4143;86
4144;86
4145;86
4146;86
4147;86
4148;86
4149;86
4150;86
4151;86
4152;86
4153;86
4154;86
4155;86
4156;86
4157;86
4158;86
4159;86
4160;86
4161;86
4162;86
4163;86
4164;86
4165;86
4166;86
4167;86
4168;86
4169;86
4170;86
4171;86
4172;86
4173;86
4174;86
4175;86
4176;86
4177;86
4178;86
4179;86
4180;86
4181;86
4182;86
4183;86
4184;86
4185;86
4186;86
4187;86
4188;86
4189;86
4190;86
4191;86
4192;86
4193;86
4194;86
4195;86
4196;86
4197;86
4198;86
4199;86
4200;86
4201;86
4202;86
4203;86
4204;86
4205;86
4206;86
4207;86
4208;86
4209;86
4210;86
4211;86
4212;86
4213;86
4214;86
4215;86
4216;86
4217;86
4218;86
4219;86
4220;86
4221;86
4222;86
4223;86
4224;86
4225;86
4226;86
4227;86
4228;86
4229;86
4230;86
4231;86
4232;86
4233;86
4234;86
4235;86
4236;86
4237;86
4238;86
4239;86
4240;86
4241;86
4242;86
4243;86
4244;86
4245;86
4246;86
4247;86
4248;86
4249;86
4250;86
4251;86
4252;86
4253;86
4254;86
4255;86
4256;86
4257;86
4258;86
4259;86
4260;86
4261;86
4262;86
4263;86
4264;86
4265;86
4266;86
4267;86
4268;86
4269;86
4270;86
4271;86
4272;86
4273;86
4274;86
4275;86
4276;86
4277;86
4278;86
4279;86
4280;86
4281;86
4282;86
4283;86
4284;86
4285;86
4286;86
4287;86
4288;86
4289;86
4290;86
4291;86
4292;86
4293;86
4294;86
4295;86
4296;86
4297;86
4298;86
4299;86
4300;86
4301;86
4302;86
4303;86
4304;86
4305;86
4306;86
4307;86
4308;86
4309;86
4310;86
4311;86
4312;86
4313;86
4314;86
4315;86
4316;86
4317;86
4318;86
4319;86
4320;86
4321;86
4322;86
4323;86
4324;86
4325;86
4326;86
4327;86
4328;86
4329;86
4330;86
4331;86
4332;86
4333;86
4334;86
4335;86
4336;86
4337;86
4338;86
4339;86
4340;86
4341;86
4342;86
4343;86
4344;86
4345;86
4346;86
4347;86
4348;86
4349;86
4350;86
4351;86
4352;86
4353;86
4354;86
4355;86
4356;86
4357;86
4358;86
4359;86
4360;86
4361;86
4362;86
4363;86
4364;86
4365;86
4366;86
4367;86
4368;86
4369;86
4370;86
4371;86
4372;86
4373;86
4374;86
4375;86
4376;86
4377;86
4378;86
4379;86
4380;86
4381;86
4382;86
4383;86
4384;86
4385;86
4386;86
4387;86
4388;86
4389;86
4390;86
4391;86
4392;86
4393;86
4394;86
4395;86
4396;86
4397;86
4398;86
4399;86
4400;86
4401;86
4402;86
4403;86
4404;86
4405;86
4406;86
4407;86
4408;86
4409;86
4410;86
4411;86
4412;86
4413;86
4414;86
4415;86
4416;86
4417;86
4418;86
4419;86
4420;86
4421;86
4422;86
4423;86
4424;86
4425;86
4426;86
4427;86
4428;86
4429;86
4430;86
4431;86
4432;86
4433;86
4434;86
4435;86
4436;86
4437;86
4438;86
4439;86
4440;86
4441;86
4442;86
4443;86
4444;86
4445;86
4446;86
4447;86
4448;86
4449;86
4450;86
4451;86
4452;86
4453;86
4454;86
4455;86
4456;86
4457;86
4458;86
4459;86
4460;86
4461;86
4462;86
4463;86
4464;86
4465;86
4466;86
4467;86
4468;86
4469;86
4470;86
4471;86
4472;86
4473;86
4474;86
4475;86
4476;86
4477;86
4478;86
4479;86
4480;86
4481;86
4482;86
4483;86
4484;86
4485;86
4486;86
4487;86
4488;86
4489;86
4490;86
4491;86
4492;86
4493;86
4494;86
4495;86
4496;86
4497;86
4498;86
4499;86
4500;86
4501;86
4502;86
4503;86
4504;86
4505;86
4506;86
4507;86
4508;86
4509;86
4510;86
4511;86
4512;86
4513;86
4514;86
4515;86
4516;86
4517;86
4518;86
4519;86
4520;86
4521;86
4522;86
4523;86
4524;86
4525;86
4526;86
4527;86
4528;86
4529;86
4530;86
4531;86
4532;86
4533;86
4534;86
4535;86
4536;86
4537;86
4538;86
4539;86
4540;86
4541;86
4542;86
4543;86
4544;86
4545;86
4546;86
4547;86
4548;86
4549;86
4550;86
4551;86
4552;86
4553;86
4554;86
4555;86
4556;86
4557;86
4558;86
4559;86
4560;86
4561;86
4562;86
4563;86
4564;86
4565;86
4566;86
4567;86
4568;86
4569;86
4570;86
4571;86
4572;86
4573;86
4574;86
4575;86
4576;86
4577;86
4578;86
4579;86
4580;86
4581;86
4582;86
4583;86
4584;86
4585;86
4586;86
4587;86
4588;86
4589;86
4590;86
4591;86
4592;86
4593;86
4594;86
4595;86
4596;86
4597;86
4598;86
4599;86
4600;86
4601;86
4602;86
4603;86
4604;86
4605;86
4606;86
4607;86
4608;86
4609;86
4610;86
4611;86
4612;86
4613;86
4614;86
4615;86
4616;86
4617;86
4618;86
4619;86
4620;86
4621;86
4622;86
4623;86
4624;86
4625;86
4626;86
4627;86
4628;86
4629;86
4630;86
4631;86
4632;86
4633;86
4634;86
4635;86
4636;86
4637;86
4638;86
4639;86
4640;86
4641;86
4642;86
4643;86
4644;86
4645;86
4646;86
4647;86
4648;86
4649;86
4650;86
4651;86
4652;86
4653;86
4654;86
4655;86
4656;86
4657;86
4658;86
4659;86
4660;86
4661;86
4662;86
4663;86
4664;86
4665;86
4666;86
4667;86
4668;86
4669;86
4670;86
4671;86
4672;86
4673;86
4674;86
4675;86
4676;86
4677;86
4678;86
4679;86
4680;86
4681;86
4682;86
4683;86
4684;86
4685;86
4686;86
4687;86
4688;86
4689;86
4690;86
4691;86
4692;86
4693;86
4694;86
4695;86
4696;86
4697;86
4698;86
4699;86
4700;86
4701;86
4702;86
4703;86
4704;86
4705;86
4706;86
4707;86
4708;86
4709;86
4710;86
4711;86
4712;86
4713;86
4714;86
4715;86
4716;86
4717;86
4718;86
4719;86
4720;86
4721;86
4722;86
4723;86
4724;86
4725;86
4726;86
4727;86
4728;86
4729;86
4730;86
4731;86
4732;86
4733;86
4734;86
4735;86
4736;86
4737;86
4738;86
4739;86
4740;86
4741;86
4742;86
4743;86
4744;86
4745;86
4746;86
4747;86
4748;86
4749;86
4750;86
4751;86
4752;86
4753;86
4754;86
4755;86
4756;86
4757;86
4758;86
4759;86
4760;86
4761;86
4762;86
4763;86
4764;86
4765;86
4766;86
4767;86
4768;86
4769;86
4770;86
4771;86
4772;86
4773;86
4774;86
4775;86
4776;86
4777;86
4778;86
4779;86
4780;86
4781;86
4782;86
4783;86
4784;86
4785;86
4786;86
4787;86
4788;86
4789;86
4790;86
4791;86
4792;86
4793;86
4794;86
4795;86
4796;86
4797;86
4798;86
4799;86
4800;86
4801;86
4802;86
4803;86
4804;86
4805;86
4806;86
4807;86
4808;86
4809;86
4810;86
4811;86
4812;86
4813;86
4814;86
4815;86
4816;86
4817;86
4818;86
4819;86
4820;86
4821;86
4822;86
4823;86
4824;86
4825;86
4826;86
4827;86
4828;86
4829;86
4830;86
4831;86
4832;86
4833;86
4834;86
4835;86
4836;86
4837;86
4838;86
4839;86
4840;86
4841;86
4842;86
4843;86
4844;86
4845;86
4846;86
4847;86
4848;86
4849;86
4850;86
4851;86
4852;86
4853;86
4854;86
4855;86
4856;86
4857;86
4858;86
4859;86
4860;86
4861;86
4862;86
4863;86
4864;86
4865;86
4866;86
4867;86
4868;86
4869;86
4870;86
4871;86
4872;86
4873;86
4874;86
4875;86
4876;86
4877;86
4878;86
4879;86
4880;86
4881;86
4882;86
4883;86
4884;86
4885;86
4886;86
4887;86
4888;86
4889;86
4890;86
4891;86
4892;86
4893;86
4894;86
4895;86
4896;86
4897;86
4898;86
4899;86
4900;86
4901;86
4902;86
4903;86
4904;86
4905;86
4906;86
4907;86
4908;86
4909;86
4910;86
4911;86
4912;86
4913;86
4914;86
4915;86
4916;86
4917;86
4918;86
4919;86
4920;86
4921;86
4922;86
4923;86
4924;86
4925;86
4926;86
4927;86
4928;86
4929;86
4930;86
4931;86
4932;86
4933;86
4934;86
4935;86
4936;86
4937;86
4938;86
4939;86
4940;86
4941;86
4942;86
4943;86
4944;86
4945;86
4946;86
4947;86
4948;86
4949;86
4950;86
4951;86
4952;86
4953;86
4954;86
4955;86
4956;86
4957;86
4958;86
4959;86
4960;86
4961;86
4962;86
4963;86
4964;86
4965;86
4966;86
4967;86
4968;86
4969;86
4970;86
4971;86
4972;86
4973;86
4974;86
4975;86
4976;86
4977;86
4978;86
4979;86
4980;86
4981;86
4982;86
4983;86
4984;86
4985;86
4986;86
4987;86
4988;86
4989;87
4990;87
4991;87
4992;87
4993;87
4994;87
4995;87
4996;87
4997;87
4998;87
4999;87
5000;87
5001;87
5002;87
5003;87
5004;87
5005;87
5006;87
5007;87
5008;87
5009;87
5010;87
5011;87
5012;87
5013;87
5014;87
5015;87
5016;87
5017;87
5018;87
5019;87
5020;87
5021;87
5022;87
5023;87
5024;87
5025;87
5026;87
5027;87
5028;87
5029;87
5030;87
5031;87
5032;87
5033;87
5034;87
5035;87
5036;87
5037;87
5038;87
5039;87
5040;87
5041;87
5042;87
5043;87
5044;87
5045;87
5046;87
5047;87
5048;87
5049;87
5050;87
5051;87
5052;87
5053;87
5054;87
5055;87
5056;87
5057;87
5058;87
5059;87
5060;87
5061;87
5062;87
5063;87
5064;87
5065;87
5066;87
5067;87
5068;87
5069;87
5070;87
5071;87
5072;87
5073;87
5074;87
5075;87
5076;87
5077;87
5078;87
5079;87
5080;87
5081;87
5082;87
5083;87
5084;87
5085;87
5086;87
5087;87
5088;87
5089;87
5090;87
5091;87
5092;87
5093;87
5094;87
5095;87
5096;87
5097;87
5098;87
5099;87
5100;87
5101;87
5102;87
5103;87
5104;87
5105;87
5106;87
5107;87
5108;87
5109;87
5110;87
5111;87
5112;87
5113;87
5114;87
5115;87
5116;87
5117;87
5118;87
5119;87
5120;87
5121;87
5122;87
5123;87
5124;87
5125;87
5126;87
5127;87
5128;87
5129;87
5130;87
5131;87
5132;87
5133;87
5134;87
5135;87
5136;87
5137;87
5138;87
5139;87
5140;87
5141;87
5142;87
5143;87
5144;87
5145;87
5146;87
5147;87
5148;87
5149;87
5150;87
5151;87
5152;87
5153;87
5154;87
5155;87
5156;87
5157;87
5158;87
5159;87
5160;87
5161;87
5162;87
5163;87
5164;87
5165;87
5166;87
5167;87
5168;87
5169;87
5170;87
5171;87
5172;87
5173;87
5174;87
5175;87
5176;87
5177;87
5178;87
5179;87
5180;87
5181;87
5182;87
5183;87
5184;87
5185;87
5186;87
5187;87
5188;87
5189;87
5190;87
5191;87
5192;87
5193;87
5194;87
5195;87
5196;87
5197;87
5198;87
5199;87
5200;87
5201;87
5202;87
5203;87
5204;87
5205;87
5206;87
5207;87
5208;87
5209;87
5210;87
5211;87
5212;87
5213;87
5214;87
5215;87
5216;87
5217;87
5218;87
5219;87
5220;87
5221;87
5222;87
5223;87
5224;87
5225;87
5226;87
5227;87
5228;87
5229;87
5230;87
5231;87
5232;87
5233;87
5234;87
5235;87
5236;87
5237;87
5238;87
5239;87
5240;87
5241;87
5242;87
5243;87
5244;87
5245;87
5246;87
5247;87
5248;87
5249;87
5250;87
5251;87
5252;87
5253;87
5254;87
5255;87
5256;87
5257;87
5258;87
5259;87
5260;87
5261;87
5262;87
5263;87
5264;87
5265;87
5266;87
5267;87
5268;87
5269;87
5270;87
5271;87
5272;87
5273;87
5274;87
5275;87
5276;87
5277;87
5278;87
5279;87
5280;87
5281;87
5282;87
5283;87
5284;87
5285;87
5286;87
5287;87
5288;87
5289;87
5290;87
5291;87
5292;87
5293;87
5294;87
5295;87
5296;87
5297;87
5298;87
5299;87
5300;87
5301;87
5302;87
5303;87
5304;87
5305;87
5306;87
5307;87
5308;87
5309;87
5310;87
5311;87
5312;87
5313;87
5314;87
5315;87
5316;87
5317;87
5318;87
5319;87
5320;87
5321;87
5322;87
5323;87
5324;87
5325;87
5326;87
5327;87
5328;87
5329;87
5330;87
5331;87
5332;87
5333;87
5334;87
5335;87
5336;87
5337;87
5338;87
5339;87
5340;87
5341;87
5342;87
5343;87
5344;87
5345;87
5346;87
5347;87
5348;87
5349;87
5350;87
5351;87
5352;87
5353;87
5354;87
5355;87
5356;87
5357;87
5358;87
5359;87
5360;87
5361;87
5362;87
5363;87
5364;87
5365;87
5366;87
5367;87
5368;87
5369;87
5370;87
5371;87
5372;87
5373;87
5374;87
5375;87
5376;87
5377;87
5378;87
5379;87
5380;87
5381;87
5382;87
5383;87
5384;87
5385;87
5386;87
5387;87
5388;87
5389;87
5390;87
5391;87
5392;87
5393;87
5394;87
5395;87
5396;87
5397;87
5398;87
5399;87
5400;87
5401;87
5402;87
5403;87
5404;87
5405;87
5406;87
5407;87
5408;87
5409;87
5410;87
5411;87
5412;87
5413;87
5414;87
5415;87
5416;87
5417;87
5418;87
5419;87
5420;87
5421;87
5422;87
5423;87
5424;87
5425;87
5426;87
5427;87
5428;87
5429;87
5430;87
5431;87
5432;87
5433;87
5434;87
5435;87
5436;87
5437;87
5438;87
5439;87
5440;87
5441;87
5442;87
5443;87
5444;87
5445;87
5446;87
5447;87
5448;87
5449;87
5450;87
5451;87
5452;87
5453;87
5454;87
5455;87
5456;87
5457;87
5458;87
5459;87
5460;87
5461;87
5462;87
5463;87
5464;87
5465;87
5466;87
5467;87
5468;87
5469;87
5470;87
5471;87
5472;87
5473;87
5474;87
5475;87
5476;87
5477;87
5478;87
5479;87
5480;87
5481;87
5482;87
5483;87
5484;87
5485;87
5486;87
5487;87
5488;87
5489;87
5490;87
5491;87
5492;87
5493;87
5494;87
5495;87
5496;87
5497;87
5498;87
5499;87
5500;87
5501;87
5502;87
5503;87
5504;87
5505;87
5506;87
5507;87
5508;87
5509;87
5510;87
5511;87
5512;87
5513;87
5514;87
5515;87
5516;87
5517;87
5518;87
5519;87
5520;87
5521;87
5522;87
5523;87
5524;87
5525;87
5526;87
5527;87
5528;87
5529;87
5530;87
5531;87
5532;87
5533;87
5534;87
5535;87
5536;87
5537;87
5538;87
5539;87
5540;87
5541;87
5542;87
5543;87
5544;87
5545;87
5546;87
5547;87
5548;87
5549;87
5550;87
5551;87
5552;87
5553;87
5554;87
5555;87
5556;87
5557;87
5558;87
5559;87
5560;87
5561;87
5562;87
5563;87
5564;87
5565;87
5566;87
5567;87
5568;87
5569;87
5570;87
5571;87
5572;87
5573;87
5574;87
5575;87
5576;87
5577;87
5578;87
5579;87
5580;87
5581;87
5582;87
5583;87
5584;87
5585;87
5586;87
5587;87
5588;87
5589;87
5590;87
5591;87
5592;87
5593;87
5594;87
5595;87
5596;87
5597;87
5598;87
5599;87
5600;87
5601;87
5602;87
5603;87
5604;87
5605;87
5606;87
5607;87
5608;87
5609;87
5610;87
5611;87
5612;87
5613;87
5614;87
5615;87
5616;87
5617;87
5618;87
5619;87
5620;87
5621;87
5622;87
5623;87
5624;87
5625;87
5626;87
5627;87
5628;87
5629;87
5630;87
5631;87
5632;87
5633;87
5634;87
5635;87
5636;87
5637;87
5638;87
5639;87
5640;87
5641;87
5642;87
5643;87
5644;87
5645;87
5646;87
5647;87
5648;87
5649;87
5650;87
5651;87
5652;87
5653;87
5654;87
5655;87
5656;87
5657;87
5658;87
5659;87
5660;87
5661;87
5662;87
5663;87
5664;87
5665;87
5666;87
5667;87
5668;87
5669;87
5670;87
5671;87
5672;87
5673;87
5674;87
5675;87
5676;87
5677;87
5678;87
5679;87
5680;87
5681;87
5682;87
5683;87
5684;87
5685;87
5686;87
5687;87
5688;87
5689;87
5690;87
5691;87
5692;87
5693;87
5694;87
5695;87
5696;87
5697;87
5698;87
5699;87
5700;87
5701;87
5702;87
5703;87
5704;87
5705;87
5706;87
5707;87
5708;87
5709;87
5710;87
5711;87
5712;87
5713;87
5714;87
5715;87
5716;87
5717;87
5718;87
5719;87
5720;87
5721;87
5722;87
5723;87
5724;87
5725;87
5726;87
5727;87
5728;87
5729;87
5730;87
5731;87
5732;87
5733;87
5734;87
5735;87
5736;87
5737;87
5738;87
5739;87
5740;87
5741;87
5742;87
5743;87
5744;87
5745;87
5746;87
5747;87
5748;87
5749;87
5750;87
5751;87
5752;87
5753;87
5754;87
5755;87
5756;87
5757;87
5758;87
5759;87
5760;87
5761;87
5762;87
5763;87
5764;87
5765;87
5766;87
5767;87
5768;87
5769;87
5770;87
5771;87
5772;87
5773;87
5774;87
5775;87
5776;87
5777;87
5778;87
5779;87
5780;87
5781;87
5782;87
5783;87
5784;87
5785;87
5786;87
5787;87
5788;87
5789;87
5790;87
5791;87
5792;87
5793;87
5794;87
5795;87
5796;87
5797;87
5798;87
5799;87
5800;87
5801;87
5802;87
5803;87
5804;87
5805;87
5806;87
5807;87
5808;87
5809;87
5810;87
5811;87
5812;87
5813;87
5814;87
5815;87
5816;87
5817;87
5818;87
5819;87
5820;87
5821;87
5822;87
5823;87
5824;87
5825;87
5826;87
5827;87
5828;87
5829;87
5830;87
5831;87
5832;87
5833;87
5834;87
5835;87
5836;87
5837;87
5838;87
5839;87
5840;87
5841;87
5842;87
5843;87
5844;87
5845;87
5846;87
5847;87
5848;87
5849;87
5850;87
5851;87
5852;87
5853;87
5854;87
5855;87
5856;87
5857;87
5858;87
5859;87
5860;87
5861;87
5862;87
5863;87
5864;87
5865;87
5866;87
5867;87
5868;87
5869;87
5870;87
5871;87
5872;87
5873;87
5874;87
5875;87
5876;87
5877;87
5878;87
5879;87
5880;87
5881;87
5882;87
5883;87
5884;87
5885;87
5886;87
5887;87
5888;87
5889;87
5890;87
5891;87
5892;87
5893;87
5894;87
5895;87
5896;87
5897;87
5898;87
5899;87
5900;87
5901;87
5902;87
5903;87
5904;87
5905;87
5906;87
5907;87
5908;87
5909;87
5910;87
5911;87
5912;87
5913;87
5914;87
5915;87
5916;87
5917;87
5918;87
5919;87
5920;87
5921;87
5922;87
5923;87
5924;87
5925;87
5926;87
5927;87
5928;87
5929;87
5930;87
5931;87
5932;87
5933;87
5934;87
5935;87
5936;87
5937;87
5938;87
5939;87
5940;87
5941;87
5942;87
5943;87
5944;87
5945;87
5946;87
5947;87
5948;87
5949;87
5950;87
5951;87
5952;87
5953;87
5954;87
5955;87
5956;87
5957;87
5958;87
5959;87
5960;87
5961;87
5962;87
5963;87
5964;87
5965;87
5966;87
5967;87
5968;87
5969;87
5970;87
5971;87
5972;87
5973;87
5974;87
5975;87
5976;87
5977;87
5978;87
5979;87
5980;87
5981;87
5982;87
5983;87
5984;87
5985;87
5986;87
5987;87
5988;87
5989;87
5990;87
5991;87
5992;87
5993;87
5994;87
5995;87
5996;87
5997;87
5998;87
5999;87
6000;87
6001;87
6002;87
6003;87
6004;87
6005;87
6006;87
6007;87
6008;87
6009;87
6010;87
6011;87
6012;87
6013;87
6014;87
6015;87
6016;87
6017;87
6018;87
6019;87
6020;87
6021;87
6022;87
6023;87
6024;87
6025;87
6026;87
6027;87
6028;87
6029;87
6030;87
6031;87
6032;87
6033;87
6034;87
6035;87
6036;87
6037;87
6038;87
6039;87
6040;87
6041;87
6042;87
6043;87
6044;87
6045;87
6046;87
6047;87
6048;87
6049;87
6050;87
6051;87
6052;87
6053;87
6054;87
6055;87
6056;87
6057;87
6058;87
6059;87
6060;87
6061;87
6062;87
6063;87
6064;87
6065;87
6066;87
6067;87
6068;87
6069;87
6070;87
6071;87
6072;87
6073;87
6074;87
6075;87
6076;87
6077;87
6078;87
6079;87
6080;87
6081;87
6082;87
6083;87
6084;87
6085;87
6086;87
6087;87
6088;87
6089;87
6090;87
6091;87
6092;87
6093;87
6094;87
6095;87
6096;87
6097;87
6098;87
6099;87
6100;87
6101;87
6102;87
6103;87
6104;87
6105;87
6106;87
6107;87
6108;87
6109;87
6110;87
6111;87
6112;87
6113;87
6114;87
6115;87
6116;87
6117;87
6118;87
6119;87
6120;87
6121;87
6122;87
6123;87
6124;87
6125;87
6126;87
6127;87
6128;87
6129;87
6130;87
6131;87
6132;87
6133;87
6134;87
6135;87
6136;87
6137;87
6138;87
6139;87
6140;87
6141;87
6142;87
6143;87
6144;87
6145;87
6146;87
6147;87
6148;87
6149;87
6150;87
6151;87
6152;87
6153;87
6154;87
6155;87
6156;87
6157;87
6158;87
6159;87
6160;87
6161;87
6162;87
6163;87
6164;87
6165;87
6166;87
6167;87
6168;87
6169;87
6170;87
6171;87
6172;87
6173;87
6174;87
6175;87
6176;87
6177;87
6178;87
6179;87
6180;87
6181;87
6182;87
6183;87
6184;87
6185;87
6186;87
6187;87
6188;87
6189;87
6190;87
6191;87
6192;87
6193;87
6194;87
6195;87
6196;87
6197;87
6198;87
6199;87
6200;87
6201;87
6202;87
6203;87
6204;87
6205;87
6206;87
6207;87
6208;87
6209;87
6210;87
6211;87
6212;87
6213;87
6214;87
6215;87
6216;87
6217;87
6218;87
6219;87
6220;87
6221;87
6222;87
6223;87
6224;87
6225;87
6226;87
6227;87
6228;87
6229;87
6230;87
6231;87
6232;87
6233;87
6234;87
6235;87
6236;87
6237;87
6238;87
6239;87
6240;87
6241;87
6242;87
6243;87
6244;87
6245;87
6246;87
6247;87
6248;87
6249;87
6250;87
6251;87
6252;87
6253;87
6254;87
6255;87
6256;87
6257;87
6258;87
6259;87
6260;87
6261;87
6262;87
6263;87
6264;87
6265;87
6266;87
6267;87
6268;87
6269;87
6270;87
6271;87
6272;87
6273;87
6274;87
6275;87
6276;87
6277;87
6278;87
6279;87
6280;87
6281;87
6282;87
6283;87
6284;87
6285;87
6286;87
6287;87
6288;87
6289;87
6290;87
6291;87
6292;87
6293;87
6294;87
6295;87
6296;87
6297;87
6298;87
6299;87
6300;87
6301;87
6302;87
6303;87
6304;87
6305;87
6306;87
6307;87
6308;87
6309;87
6310;87
6311;87
6312;87
6313;87
6314;87
6315;87
6316;87
6317;87
6318;87
6319;87
6320;87
6321;87
6322;87
6323;87
6324;87
6325;87
6326;87
6327;87
6328;87
6329;87
6330;87
6331;87
6332;87
6333;87
6334;87
6335;87
6336;87
6337;87
6338;87
6339;87
6340;87
6341;87
6342;87
6343;87
6344;87
6345;87
6346;87
6347;87
6348;87
6349;87
6350;87
6351;87
6352;87
6353;87
6354;87
6355;87
6356;87
6357;87
6358;87
6359;87
6360;87
6361;87
6362;87
6363;87
6364;87
6365;87
6366;87
6367;87
6368;87
6369;87
6370;87
6371;87
6372;87
6373;87
6374;87
6375;87
6376;87
6377;87
6378;87
6379;87
6380;87
6381;87
6382;87
6383;87
6384;87
6385;87
6386;87
6387;87
6388;87
6389;87
6390;87
6391;87
6392;87
6393;87
6394;87
6395;87
6396;87
6397;87
6398;87
6399;87
6400;87
6401;87
6402;87
6403;87
6404;87
6405;87
6406;87
6407;87
6408;87
6409;87
6410;87
6411;87
6412;87
6413;87
6414;87
6415;87
6416;87
6417;87
6418;87
6419;87
6420;87
6421;87
6422;87
6423;87
6424;87
6425;87
6426;87
6427;87
6428;87
6429;87
6430;87
6431;87
6432;87
6433;87
6434;87
6435;87
6436;87
6437;87
6438;87
6439;87
6440;87
6441;87
6442;87
6443;87
6444;87
6445;87
6446;87
6447;87
6448;87
6449;87
6450;87
6451;87
6452;87
6453;87
6454;87
6455;87
6456;87
6457;87
6458;87
6459;87
6460;87
6461;87
6462;87
6463;87
6464;87
6465;87
6466;87
6467;87
6468;87
6469;87
6470;87
6471;87
6472;87
6473;87
6474;87
6475;87
6476;87
6477;87
6478;87
6479;87
6480;87
6481;87
6482;87
6483;87
6484;87
6485;87
6486;87
6487;87
6488;87
6489;87
6490;87
6491;87
6492;87
6493;87
6494;87
6495;87
6496;87
6497;87
6498;87
6499;87
6500;87
6501;87
6502;87
6503;87
6504;87
6505;87
6506;87
6507;87
6508;87
6509;87
6510;87
6511;87
6512;87
6513;87
6514;87
6515;87
6516;87
6517;87
6518;87
6519;87
6520;87
6521;87
6522;87
6523;87
6524;87
6525;87
6526;87
6527;87
6528;87
6529;87
6530;87
6531;87
6532;87
6533;87
6534;87
6535;87
6536;87
6537;87
6538;87
6539;87
6540;87
6541;87
6542;87
6543;87
6544;87
6545;87
6546;87
6547;87
6548;87
6549;87
6550;87
6551;87
6552;87
6553;87
6554;87
6555;87
6556;87
6557;87
6558;87
6559;87
6560;87
6561;87
6562;87
6563;87
6564;87
6565;87
6566;87
6567;87
6568;87
6569;87
6570;87
6571;87
6572;87
6573;87
6574;87
6575;87
6576;87
6577;87
6578;87
6579;87
6580;87
6581;87
6582;87
6583;87
6584;87
6585;87
6586;87
6587;87
6588;87
6589;87
6590;87
6591;87
6592;87
6593;87
6594;87
6595;87
6596;87
6597;87
6598;87
6599;87
6600;87
6601;87
6602;87
6603;87
6604;87
6605;87
6606;87
6607;87
6608;87
6609;87
6610;87
6611;87
6612;87
6613;87
6614;87
6615;87
6616;87
6617;87
6618;87
6619;87
6620;87
6621;87
6622;87
6623;87
6624;87
6625;87
6626;87
6627;87
6628;87
6629;87
6630;87
6631;87
6632;87
6633;87
6634;87
6635;87
6636;87
6637;87
6638;87
6639;87
6640;87
6641;87
6642;87
6643;87
6644;87
6645;87
6646;87
6647;87
6648;87
6649;87
6650;87
6651;87
6652;87
6653;87
6654;87
6655;87
6656;87
6657;87
6658;87
6659;87
6660;87
6661;87
6662;87
6663;87
6664;87
6665;87
6666;87
6667;87
6668;87
6669;87
6670;87
6671;87
6672;87
6673;87
6674;87
6675;87
6676;87
6677;87
6678;87
6679;87
6680;87
6681;87
6682;87
6683;87
6684;87
6685;87
6686;87
6687;87
6688;87
6689;87
6690;87
6691;87
6692;87
6693;87
6694;87
6695;87
6696;87
6697;87
6698;87
6699;87
6700;87
6701;87
6702;87
6703;87
6704;87
6705;87
6706;87
6707;87
6708;87
6709;87
6710;87
6711;87
6712;87
6713;87
6714;87
6715;87
6716;87
6717;87
6718;87
6719;87
6720;87
6721;87
6722;87
6723;87
6724;87
6725;87
6726;87
6727;87
6728;87
6729;87
6730;87
6731;87
6732;87
6733;87
6734;87
6735;87
6736;87
6737;87
6738;87
6739;87
6740;87
6741;87
6742;87
6743;87
6744;87
6745;87
6746;87
6747;87
6748;87
6749;87
6750;87
6751;87
6752;87
6753;87
6754;87
6755;87
6756;87
6757;87
6758;87
6759;87
6760;87
6761;87
6762;87
6763;87
6764;87
6765;87
6766;87
6767;87
6768;87
6769;87
6770;87
6771;87
6772;87
6773;87
6774;87
6775;87
6776;87
6777;87
6778;87
6779;87
6780;87
6781;87
6782;87
6783;87
6784;87
6785;87
6786;87
6787;87
6788;87
6789;87
6790;87
6791;87
6792;87
6793;87
6794;87
6795;87
6796;87
6797;87
6798;87
6799;87
6800;87
6801;87
6802;87
6803;87
6804;87
6805;87
6806;87
6807;87
6808;87
6809;87
6810;87
6811;87
6812;87
6813;87
6814;87
6815;87
6816;87
6817;87
6818;87
6819;87
6820;87
6821;87
6822;87
6823;87
6824;87
6825;87
6826;87
6827;87
6828;87
6829;87
6830;87
6831;87
6832;87
6833;87
6834;87
6835;87
6836;87
6837;87
6838;87
6839;87
6840;87
6841;87
6842;87
6843;87
6844;87
6845;87
6846;87
6847;87
6848;87
6849;87
6850;87
6851;87
6852;87
6853;87
6854;87
6855;87
6856;87
6857;87
6858;87
6859;87
6860;87
6861;87
6862;87
6863;87
6864;87
6865;87
6866;87
6867;87
6868;87
6869;87
6870;87
6871;87
6872;87
6873;87
6874;87
6875;87
6876;87
6877;87
6878;87
6879;87
6880;87
6881;87
6882;87
6883;87
6884;87
6885;87
6886;87
6887;87
6888;87
6889;87
6890;87
6891;87
6892;87
6893;87
6894;87
6895;87
6896;87
6897;87
6898;87
6899;87
6900;87
6901;87
6902;87
6903;87
6904;87
6905;87
6906;87
6907;87
6908;87
6909;87
6910;87
6911;87
6912;87
6913;87
6914;87
6915;87
6916;87
6917;87
6918;87
6919;87
6920;87
6921;87
6922;87
6923;87
6924;87
6925;87
6926;87
6927;87
6928;87
6929;87
6930;87
6931;87
6932;87
6933;87
6934;87
6935;87
6936;87
6937;87
6938;87
6939;87
6940;87
6941;87
6942;87
6943;87
6944;87
6945;87
6946;87
6947;87
6948;87
6949;87
6950;87
6951;87
6952;87
6953;87
6954;87
6955;87
6956;87
6957;87
6958;87
6959;87
6960;87
6961;87
6962;87
6963;87
6964;87
6965;87
6966;87
6967;87
6968;87
6969;87
6970;87
6971;87
6972;87
6973;87
6974;87
6975;87
6976;87
6977;87
6978;87
6979;87
6980;87
6981;87
6982;87
6983;87
6984;87
6985;87
6986;87
6987;87
6988;87
6989;87
6990;87
6991;87
6992;87
6993;87
6994;87
6995;87
6996;87
6997;87
6998;87
6999;87
7000;87
7001;87
7002;87
7003;87
7004;87
7005;87
7006;87
7007;87
7008;87
7009;87
7010;87
7011;87
7012;87
7013;87
7014;87
7015;87
7016;87
7017;87
7018;87
7019;87
7020;87
7021;87
7022;87
7023;87
7024;87
7025;87
7026;87
7027;87
7028;87
7029;87
7030;87
7031;87
7032;87
7033;87
7034;87
7035;87
7036;87
7037;87
7038;87
7039;87
7040;87
7041;87
7042;87
7043;87
7044;87
7045;87
7046;87
7047;87
7048;87
7049;87
7050;87
7051;87
7052;87
7053;87
7054;87
7055;87
7056;87
7057;87
7058;87
7059;87
7060;87
7061;87
7062;87
7063;87
7064;87
7065;87
7066;87
7067;87
7068;87
7069;87
7070;87
7071;87
7072;87
7073;87
7074;87
7075;87
7076;87
7077;87
7078;87
7079;87
7080;87
7081;87
7082;87
7083;87
7084;87
7085;87
7086;87
7087;87
7088;87
7089;87
7090;87
7091;87
7092;87
7093;87
7094;87
7095;87
7096;87
7097;87
7098;87
7099;87
7100;87
7101;87
7102;87
7103;87
7104;87
7105;87
7106;87
7107;87
7108;87
7109;87
7110;87
7111;87
7112;87
7113;87
7114;87
7115;87
7116;87
7117;87
7118;87
7119;87
7120;87
7121;87
7122;87
7123;87
7124;87
7125;87
7126;87
7127;87
7128;87
7129;87
7130;87
7131;87
7132;87
7133;87
7134;87
7135;87
7136;87
7137;87
7138;87
7139;87
7140;87
7141;87
7142;87
7143;87
7144;87
7145;87
7146;87
7147;87
7148;87
7149;87
7150;87
7151;87
7152;87
7153;87
7154;87
7155;87
7156;87
7157;87
7158;87
7159;87
7160;87
7161;87
7162;87
7163;87
7164;87
7165;87
7166;87
7167;87
7168;87
7169;87
7170;87
7171;87
7172;87
7173;87
7174;87
7175;87
7176;87
7177;87
7178;87
7179;87
7180;87
7181;87
7182;87
7183;87
7184;87
7185;87
7186;87
7187;87
7188;87
7189;87
7190;87
7191;87
7192;87
7193;87
7194;87
7195;87
7196;87
7197;87
7198;87
7199;87
7200;87
7201;87
7202;87
7203;87
7204;87
7205;87
7206;87
7207;87
7208;87
7209;87
7210;87
7211;87
7212;87
7213;87
7214;87
7215;87
7216;87
7217;87
7218;87
7219;87
7220;87
7221;87
7222;87
7223;87
7224;87
7225;87
7226;87
7227;87
7228;87
7229;87
7230;87
7231;87
7232;87
7233;87
7234;87
7235;87
7236;87
7237;87
7238;87
7239;87
7240;87
7241;87
7242;87
7243;87
7244;87
7245;87
7246;87
7247;87
7248;87
7249;87
7250;87
7251;87
7252;87
7253;87
7254;87
7255;87
7256;87
7257;87
7258;87
7259;87
7260;87
7261;87
7262;87
7263;87
7264;87
7265;87
7266;87
7267;87
7268;87
7269;87
7270;87
7271;87
7272;87
7273;87
7274;87
7275;87
7276;87
7277;87
7278;87
7279;87
7280;87
7281;87
7282;87
7283;87
7284;87
7285;87
7286;87
7287;87
7288;87
7289;87
7290;87
7291;87
7292;87
7293;87
7294;87
7295;87
7296;87
7297;87
7298;87
7299;87
7300;87
7301;87
7302;87
7303;87
7304;87
7305;87
7306;87
7307;87
7308;87
7309;87
7310;87
7311;87
7312;87
7313;87
7314;87
7315;87
7316;87
7317;87
7318;87
7319;87
7320;87
7321;87
7322;87
7323;87
7324;87
7325;87
7326;87
7327;87
7328;87
7329;87
7330;87
7331;87
7332;87
7333;87
7334;87
7335;87
7336;87
7337;87
7338;87
7339;87
7340;87
7341;87
7342;87
7343;87
7344;87
7345;87
7346;87
7347;87
7348;87
7349;87
7350;87
7351;87
7352;87
7353;87
7354;87
7355;87
7356;87
7357;87
7358;87
7359;87
7360;87
7361;87
7362;87
7363;87
7364;87
7365;87
7366;87
7367;87
7368;87
7369;87
7370;87
7371;87
7372;87
7373;87
7374;87
7375;87
7376;87
7377;87
7378;87
7379;87
7380;87
7381;87
7382;87
7383;87
7384;87
7385;87
7386;87
7387;87
7388;87
7389;87
7390;87
7391;87
7392;87
7393;87
7394;87
7395;87
7396;87
7397;87
7398;87
7399;87
7400;87
7401;87
7402;87
7403;87
7404;87
7405;87
7406;87
7407;87
7408;87
7409;87
7410;87
7411;87
7412;87
7413;87
7414;87
7415;87
7416;87
7417;87
7418;87
7419;87
7420;87
7421;87
7422;87
7423;87
7424;87
7425;87
7426;87
7427;87
7428;87
7429;87
7430;87
7431;87
7432;87
7433;87
7434;87
7435;87
7436;87
7437;87
7438;87
7439;87
7440;87
7441;87
7442;87
7443;87
7444;87
7445;87
7446;87
7447;87
7448;87
7449;87
7450;87
7451;87
7452;87
7453;87
7454;87
7455;87
7456;87
7457;87
7458;87
7459;87
7460;87
7461;87
7462;87
7463;87
7464;87
7465;87
7466;87
7467;87
7468;87
7469;87
7470;87
7471;87
7472;87
7473;87
7474;87
7475;87
7476;87
7477;87
7478;87
7479;87
7480;87
7481;87
7482;87
7483;87
7484;87
7485;87
7486;87
7487;87
7488;87
7489;87
7490;87
7491;87
7492;87
7493;87
7494;87
7495;87
7496;87
7497;87
7498;87
7499;87
7500;87
7501;87
7502;87
7503;87
7504;87
7505;87
7506;87
7507;87
7508;87
7509;87
7510;87
7511;87
7512;87
7513;87
7514;87
7515;87
7516;87
7517;87
7518;87
7519;87
7520;87
7521;87
7522;87
7523;87
7524;87
7525;87
7526;87
7527;87
7528;87
7529;87
7530;87
7531;87
7532;87
7533;87
7534;87
7535;87
7536;87
7537;87
7538;87
7539;87
7540;87
7541;87
7542;87
7543;87
7544;87
7545;87
7546;87
7547;87
7548;87
7549;87
7550;87
7551;87
7552;87
7553;87
7554;87
7555;87
7556;87
7557;87
7558;87
7559;87
7560;87
7561;87
7562;87
7563;87
7564;87
7565;87
7566;87
7567;87
7568;87
7569;87
7570;87
7571;87
7572;87
7573;87
7574;87
7575;87
7576;87
7577;87
7578;87
7579;87
7580;87
7581;87
7582;87
7583;87
7584;87
7585;87
7586;87
7587;87
7588;87
7589;87
7590;87
7591;87
7592;87
7593;87
7594;87
7595;87
7596;87
7597;87
7598;87
7599;87
7600;87
7601;87
7602;87
7603;87
7604;87
7605;87
7606;87
7607;87
7608;87
7609;87
7610;87
7611;87
7612;87
7613;87
7614;87
7615;87
7616;87
7617;87
7618;87
7619;87
7620;87
7621;87
7622;87
7623;87
7624;87
7625;87
7626;87
7627;87
7628;87
7629;87
7630;87
7631;87
7632;87
7633;87
7634;87
7635;87
7636;87
7637;87
7638;87
7639;87
7640;87
7641;87
7642;87
7643;87
7644;87
7645;87
7646;87
7647;87
7648;87
7649;87
7650;87
7651;87
7652;87
7653;87
7654;87
7655;87
7656;87
7657;87
7658;87
7659;87
7660;87
7661;87
7662;87
7663;87
7664;87
7665;87
7666;87
7667;87
7668;87
7669;87
7670;87
7671;87
7672;87
7673;87
7674;87
7675;87
7676;87
7677;87
7678;87
7679;87
7680;87
7681;87
7682;87
7683;87
7684;87
7685;87
7686;87
7687;87
7688;87
7689;87
7690;87
7691;87
7692;87
7693;87
7694;87
7695;87
7696;87
7697;87
7698;87
7699;87
7700;87
7701;87
7702;87
7703;87
7704;87
7705;87
7706;87
7707;87
7708;87
7709;87
7710;87
7711;87
7712;87
7713;87
7714;87
7715;87
7716;87
7717;87
7718;87
7719;87
7720;87
7721;87
7722;87
7723;87
7724;87
7725;87
7726;87
7727;87
7728;87
7729;87
7730;87
7731;87
7732;87
7733;87
7734;87
7735;87
7736;87
7737;87
7738;87
7739;87
7740;87
7741;87
7742;87
7743;87
7744;87
7745;87
7746;87
7747;87
7748;87
7749;87
7750;87
7751;87
7752;87
7753;87
7754;87
7755;87
7756;87
7757;87
7758;87
7759;87
7760;87
7761;87
7762;87
7763;87
7764;87
7765;87
7766;87
7767;87
7768;87
7769;87
7770;87
7771;87
7772;87
7773;87
7774;87
7775;87
7776;87
7777;87
7778;87
7779;87
7780;87
7781;87
7782;87
7783;87
7784;87
7785;87
7786;87
7787;87
7788;87
7789;87
7790;87
7791;87
7792;87
7793;87
7794;87
7795;87
7796;87
7797;87
7798;87
7799;87
7800;87
7801;87
7802;87
7803;87
7804;87
7805;87
7806;87
7807;87
7808;87
7809;87
7810;87
7811;87
7812;87
7813;87
7814;87
7815;87
7816;87
7817;87
7818;87
7819;87
7820;87
7821;87
7822;87
7823;87
7824;87
7825;87
7826;87
7827;87
7828;87
7829;87
7830;87
7831;87
7832;87
7833;87
7834;87
7835;87
7836;87
7837;87
7838;87
7839;87
7840;87
7841;87
7842;87
7843;87
7844;87
7845;87
7846;87
7847;87
7848;87
7849;87
7850;87
7851;87
7852;87
7853;87
7854;87
7855;87
7856;87
7857;87
7858;87
7859;87
7860;87
7861;87
7862;87
7863;87
7864;87
7865;87
7866;87
7867;87
7868;87
7869;87
7870;87
7871;87
7872;87
7873;87
7874;87
7875;87
7876;87
7877;87
7878;87
7879;87
7880;87
7881;87
7882;87
7883;87
7884;87
7885;87
7886;87
7887;87
7888;87
7889;87
7890;87
7891;87
7892;87
7893;87
7894;87
7895;87
7896;87
7897;87
7898;87
7899;87
7900;87
7901;87
7902;87
7903;87
7904;87
7905;87
7906;87
7907;87
7908;87
7909;87
7910;87
7911;87
7912;87
7913;87
7914;87
7915;87
7916;87
7917;87
7918;87
7919;87
7920;87
7921;87
7922;87
7923;87
7924;87
7925;87
7926;87
7927;87
7928;87
7929;87
7930;87
7931;87
7932;87
7933;87
7934;87
7935;87
7936;87
7937;87
7938;87
7939;87
7940;87
7941;87
7942;87
7943;87
7944;87
7945;87
7946;87
7947;87
7948;87
7949;87
7950;87
7951;87
7952;87
7953;87
7954;87
7955;87
7956;87
7957;87
7958;87
7959;87
7960;87
7961;87
7962;87
7963;87
7964;87
7965;87
7966;87
7967;87
7968;87
7969;87
7970;87
7971;87
7972;87
7973;87
7974;87
7975;87
7976;87
7977;87
7978;87
7979;87
7980;87
7981;87
7982;87
7983;87
7984;87
7985;87
7986;87
7987;87
7988;87
7989;87
7990;87
7991;87
7992;87
7993;87
7994;87
7995;87
7996;87
7997;87
7998;87
7999;87
8000;87
8001;87
8002;87
8003;87
8004;87
8005;87
8006;87
8007;87
8008;87
8009;87
8010;87
8011;87
8012;87
8013;87
8014;87
8015;87
8016;87
8017;87
8018;87
8019;87
8020;87
8021;87
8022;87
8023;87
8024;87
8025;87
8026;87
8027;87
8028;87
8029;87
8030;87
8031;87
8032;87
8033;87
8034;87
8035;87
8036;87
8037;87
8038;87
8039;87
8040;87
8041;87
8042;87
8043;87
8044;87
8045;87
8046;87
8047;87
8048;87
8049;87
8050;87
8051;87
8052;87
8053;87
8054;87
8055;87
8056;87
8057;87
8058;87
8059;87
8060;87
8061;87
8062;87
8063;87
8064;87
8065;87
8066;87
8067;87
8068;87
8069;87
8070;87
8071;87
8072;87
8073;87
8074;87
8075;87
8076;87
8077;87
8078;87
8079;87
8080;87
8081;87
8082;87
8083;87
8084;87
8085;87
8086;87
8087;87
8088;87
8089;87
8090;87
8091;87
8092;87
8093;87
8094;87
8095;87
8096;87
8097;87
8098;87
8099;87
8100;87
8101;87
8102;87
8103;87
8104;87
8105;87
8106;87
8107;87
8108;87
8109;87
8110;87
8111;87
8112;87
8113;87
8114;87
8115;87
8116;87
8117;87
8118;87
8119;87
8120;87
8121;87
8122;87
8123;87
8124;87
8125;87
8126;87
8127;87
8128;87
8129;87
8130;87
8131;87
8132;87
8133;87
8134;87
8135;87
8136;87
8137;87
8138;87
8139;87
8140;87
8141;87
8142;87
8143;87
8144;87
8145;87
8146;87
8147;87
8148;87
8149;87
8150;87
8151;87
8152;87
8153;87
8154;87
8155;87
8156;87
8157;87
8158;87
8159;87
8160;87
8161;87
8162;87
8163;87
8164;87
8165;87
8166;87
8167;87
8168;87
8169;87
8170;87
8171;87
8172;87
8173;87
8174;87
8175;87
8176;87
8177;87
8178;87
8179;87
8180;87
8181;87
8182;87
8183;87
8184;87
8185;87
8186;87
8187;87
8188;87
8189;87
8190;87
8191;87
8192;87
8193;87
8194;87
8195;87
8196;87
8197;87
8198;87
8199;87
8200;87
8201;87
8202;87
8203;87
8204;87
8205;87
8206;87
8207;87
8208;87
8209;87
8210;87
8211;87
8212;87
8213;87
8214;87
8215;87
8216;87
8217;87
8218;87
8219;87
8220;87
8221;87
8222;87
8223;87
8224;87
8225;87
8226;87
8227;87
8228;87
8229;87
8230;87
8231;87
8232;87
8233;87
8234;87
8235;87
8236;87
8237;87
8238;87
8239;87
8240;87
8241;87
8242;87
8243;87
8244;87
8245;87
8246;87
8247;87
8248;87
8249;87
8250;87
8251;87
8252;87
8253;87
8254;87
8255;87
8256;87
8257;87
8258;87
8259;87
8260;87
8261;87
8262;87
8263;87
8264;87
8265;87
8266;87
8267;87
8268;87
8269;87
8270;87
8271;87
8272;87
8273;87
8274;87
8275;87
8276;87
8277;87
8278;87
8279;87
8280;87
8281;87
8282;87
8283;87
8284;87
8285;87
8286;87
8287;87
8288;87
8289;87
8290;87
8291;87
8292;87
8293;87
8294;87
8295;87
8296;87
8297;87
8298;87
8299;87
8300;87
8301;87
8302;87
8303;87
8304;87
8305;87
8306;87
8307;87
8308;87
8309;87
8310;87
8311;87
8312;87
8313;87
8314;87
8315;87
8316;87
8317;87
8318;87
8319;87
8320;87
8321;87
8322;87
8323;87
8324;87
8325;87
8326;87
8327;87
8328;87
8329;87
8330;87
8331;87
8332;87
8333;87
8334;87
8335;87
8336;87
8337;87
8338;87
8339;87
8340;87
8341;87
8342;87
8343;87
8344;87
8345;87
8346;87
8347;87
8348;87
8349;87
8350;87
8351;87
8352;87
8353;87
8354;87
8355;87
8356;87
8357;87
8358;87
8359;87
8360;87
8361;87
8362;87
8363;87
8364;87
8365;87
8366;87
8367;87
8368;87
8369;87
8370;87
8371;87
8372;87
8373;87
8374;87
8375;87
8376;87
8377;87
8378;87
8379;87
8380;87
8381;87
8382;87
8383;87
8384;87
8385;87
8386;87
8387;87
8388;87
8389;87
8390;87
8391;87
8392;87
8393;87
8394;87
8395;87
8396;87
8397;87
8398;87
8399;87
8400;87
8401;87
8402;87
8403;87
8404;87
8405;87
8406;87
8407;87
8408;87
8409;87
8410;87
8411;87
8412;87
8413;87
8414;87
8415;87
8416;87
8417;87
8418;87
8419;87
8420;87
8421;87
8422;87
8423;87
8424;87
8425;87
8426;87
8427;87
8428;87
8429;87
8430;87
8431;87
8432;87
8433;87
8434;87
8435;87
8436;87
8437;87
8438;87
8439;87
8440;87
8441;87
8442;87
8443;87
8444;87
8445;87
8446;87
8447;87
8448;87
8449;87
8450;87
8451;87
8452;87
8453;87
8454;87
8455;87
8456;87
8457;87
8458;87
8459;87
8460;87
8461;87
8462;87
8463;87
8464;87
8465;87
8466;87
8467;87
8468;87
8469;87
8470;87
8471;87
8472;87
8473;87
8474;87
8475;87
8476;87
8477;87
8478;87
8479;87
8480;87
8481;87
8482;87
8483;87
8484;87
8485;87
8486;87
8487;87
8488;87
8489;87
8490;87
8491;87
8492;87
8493;87
8494;87
8495;87
8496;87
8497;87
8498;87
8499;87
8500;87
8501;87
8502;87
8503;87
8504;87
8505;87
8506;87
8507;87
8508;87
8509;87
8510;87
8511;87
8512;87
8513;87
8514;87
8515;87
8516;87
8517;87
8518;87
8519;87
8520;87
8521;87
8522;87
8523;87
8524;87
8525;87
8526;87
8527;87
8528;87
8529;87
8530;87
8531;87
8532;87
8533;87
8534;87
8535;87
8536;87
8537;87
8538;87
8539;87
8540;87
8541;87
8542;87
8543;87
8544;87
8545;87
8546;87
8547;87
8548;87
8549;87
8550;87
8551;87
8552;87
8553;87
8554;87
8555;87
8556;87
8557;87
8558;87
8559;87
8560;87
8561;87
8562;87
8563;87
8564;87
8565;87
8566;87
8567;87
8568;87
8569;87
8570;87
8571;87
8572;87
8573;87
8574;87
8575;87
8576;87
8577;87
8578;87
8579;87
8580;87
8581;87
8582;87
8583;87
8584;87
8585;87
8586;87
8587;87
8588;87
8589;87
8590;87
8591;87
8592;87
8593;87
8594;87
8595;87
8596;87
8597;87
8598;87
8599;87
8600;87
8601;87
8602;87
8603;87
8604;87
8605;87
8606;87
8607;87
8608;87
8609;87
8610;87
8611;87
8612;87
8613;87
8614;87
8615;87
8616;87
8617;87
8618;87
8619;87
8620;87
8621;87
8622;87
8623;87
8624;87
8625;87
8626;87
8627;87
8628;87
8629;87
8630;87
8631;87
8632;87
8633;87
8634;87
8635;87
8636;87
8637;87
8638;87
8639;87
8640;87
8641;87
8642;87
8643;87
8644;87
8645;87
8646;87
8647;87
8648;87
8649;87
8650;87
8651;87
8652;87
8653;87
8654;87
8655;87
8656;87
8657;87
8658;87
8659;87
8660;87
8661;87
8662;87
8663;87
8664;87
8665;87
8666;87
8667;87
8668;87
8669;87
8670;87
8671;87
8672;87
8673;87
8674;87
8675;87
8676;87
8677;87
8678;87
8679;87
8680;87
8681;87
8682;87
8683;87
8684;87
8685;87
8686;87
8687;87
8688;87
8689;87
8690;87
8691;87
8692;87
8693;87
8694;87
8695;87
8696;87
8697;87
8698;87
8699;87
8700;87
8701;87
8702;87
8703;87
8704;87
8705;87
8706;87
8707;87
8708;87
8709;87
8710;87
8711;87
8712;87
8713;87
8714;87
8715;87
8716;87
8717;87
8718;87
8719;87
8720;87
8721;87
8722;87
8723;87
8724;87
8725;87
8726;87
8727;87
8728;87
8729;87
8730;87
8731;87
8732;87
8733;87
8734;87
8735;87
8736;87
8737;87
8738;87
8739;87
8740;87
8741;87
8742;87
8743;87
8744;87
8745;87
8746;87
8747;87
8748;87
8749;87
8750;87
8751;87
8752;87
8753;87
8754;87
8755;87
8756;87
8757;87
8758;87
8759;87
8760;87
8761;87
8762;87
8763;87
8764;87
8765;87
8766;87
8767;87
8768;87
8769;87
8770;87
8771;87
8772;87
8773;87
8774;87
8775;87
8776;87
8777;87
8778;87
8779;87
8780;87
8781;87
8782;87
8783;87
8784;87
8785;87
8786;87
8787;87
8788;87
8789;87
8790;87
8791;87
8792;87
8793;87
8794;87
8795;87
8796;87
8797;87
8798;87
8799;87
8800;87
8801;87
8802;87
8803;87
8804;87
8805;87
8806;87
8807;87
8808;87
8809;87
8810;87
8811;87
8812;87
8813;87
8814;87
8815;87
8816;87
8817;87
8818;87
8819;87
8820;87
8821;87
8822;87
8823;87
8824;87
8825;87
8826;87
8827;87
8828;87
8829;87
8830;87
8831;87
8832;87
8833;87
8834;87
8835;87
8836;87
8837;87
8838;87
8839;87
8840;87
8841;87
8842;87
8843;87
8844;87
8845;87
8846;87
8847;87
8848;87
8849;87
8850;87
8851;87
8852;87
8853;87
8854;87
8855;87
8856;87
8857;87
8858;87
8859;87
8860;87
8861;87
8862;87
8863;87
8864;87
8865;87
8866;87
8867;87
8868;87
8869;87
8870;87
8871;87
8872;87
8873;87
8874;87
8875;87
8876;87
8877;87
8878;87
8879;87
8880;87
8881;87
8882;87
8883;87
8884;87
8885;87
8886;87
8887;87
8888;87
8889;87
8890;87
8891;87
8892;87
8893;87
8894;87
8895;87
8896;87
8897;87
8898;87
8899;87
8900;87
8901;87
8902;87
8903;87
8904;87
8905;87
8906;87
8907;87
8908;87
8909;87
8910;87
8911;87
8912;87
8913;87
8914;87
8915;87
8916;87
8917;87
8918;87
8919;87
8920;87
8921;87
8922;87
8923;87
8924;87
8925;87
8926;87
8927;87
8928;87
8929;87
8930;87
8931;87
8932;87
8933;87
8934;87
8935;87
8936;87
8937;87
8938;87
8939;87
8940;87
8941;87
8942;87
8943;87
8944;87
8945;87
8946;87
8947;87
8948;87
8949;87
8950;87
8951;87
8952;87
8953;87
8954;87
8955;87
8956;87
8957;87
8958;87
8959;87
8960;87
8961;87
8962;87
8963;87
8964;87
8965;87
8966;87
8967;87
8968;87
8969;87
8970;87
8971;87
8972;87
8973;87
8974;87
8975;87
8976;87
8977;87
8978;87
8979;87
8980;87
8981;87
8982;87
8983;87
8984;87
8985;87
8986;87
8987;87
8988;87
8989;87
8990;87
8991;87
8992;87
8993;87
8994;87
8995;87
8996;87
8997;87
8998;87
8999;87
9000;87
9001;87
9002;87
9003;87
9004;87
9005;87
9006;87
9007;87
9008;87
9009;87
9010;87
9011;87
9012;87
9013;87
9014;87
9015;87
9016;87
9017;87
9018;87
9019;87
9020;87
9021;87
9022;87
9023;87
9024;87
9025;87
9026;87
9027;87
9028;87
9029;87
9030;87
9031;87
9032;87
9033;87
9034;87
9035;87
9036;87
9037;87
9038;87
9039;87
9040;87
9041;87
9042;87
9043;87
9044;87
9045;87
9046;87
9047;87
9048;87
9049;87
9050;87
9051;87
9052;87
9053;87
9054;87
9055;87
9056;87
9057;87
9058;87
9059;87
9060;87
9061;87
9062;87
9063;87
9064;87
9065;87
9066;87
9067;87
9068;87
9069;87
9070;87
9071;87
9072;87
9073;87
9074;87
9075;87
9076;87
9077;87
9078;87
9079;87
9080;87
9081;87
9082;87
9083;87
9084;87
9085;87
9086;87
9087;87
9088;87
9089;87
9090;87
9091;87
9092;87
9093;87
9094;87
9095;87
9096;87
9097;87
9098;87
9099;87
9100;87
9101;87
9102;87
9103;87
9104;87
9105;87
9106;87
9107;87
9108;87
9109;87
9110;87
9111;87
9112;87
9113;87
9114;87
9115;87
9116;87
9117;87
9118;87
9119;87
9120;87
9121;87
9122;87
9123;87
9124;87
9125;87
9126;87
9127;87
9128;87
9129;87
9130;87
9131;87
9132;87
9133;87
9134;87
9135;87
9136;87
9137;87
9138;87
9139;87
9140;87
9141;87
9142;87
9143;87
9144;87
9145;87
9146;87
9147;87
9148;87
9149;87
9150;87
9151;87
9152;87
9153;87
9154;87
9155;87
9156;87
9157;87
9158;87
9159;87
9160;87
9161;87
9162;87
9163;87
9164;87
9165;87
9166;87
9167;87
9168;87
9169;87
9170;87
9171;87
9172;87
9173;87
9174;87
9175;87
9176;87
9177;87
9178;87
9179;87
9180;87
9181;87
9182;87
9183;87
9184;87
9185;87
9186;87
9187;87
9188;87
9189;87
9190;87
9191;87
9192;87
9193;87
9194;87
9195;87
9196;87
9197;87
9198;87
9199;87
9200;87
9201;87
9202;87
9203;87
9204;87
9205;87
9206;87
9207;87
9208;87
9209;87
9210;87
9211;87
9212;87
9213;87
9214;87
9215;87
9216;87
9217;87
9218;87
9219;87
9220;87
9221;87
9222;87
9223;87
9224;87
9225;87
9226;87
9227;87
9228;87
9229;87
9230;87
9231;87
9232;87
9233;87
9234;87
9235;87
9236;87
9237;87
9238;87
9239;87
9240;87
9241;87
9242;87
9243;87
9244;87
9245;87
9246;87
9247;87
9248;87
9249;87
9250;87
9251;87
9252;87
9253;87
9254;87
9255;87
9256;87
9257;87
9258;87
9259;87
9260;87
9261;87
9262;87
9263;87
9264;87
9265;87
9266;87
9267;87
9268;87
9269;87
9270;87
9271;87
9272;87
9273;87
9274;87
9275;87
9276;87
9277;87
9278;87
9279;87
9280;87
9281;87
9282;87
9283;87
9284;87
9285;87
9286;87
9287;87
9288;87
9289;87
9290;87
9291;87
9292;87
9293;87
9294;87
9295;87
9296;87
9297;87
9298;87
9299;87
9300;87
9301;87
9302;87
9303;87
9304;87
9305;87
9306;87
9307;87
9308;87
9309;87
9310;87
9311;87
9312;87
9313;87
9314;87
9315;87
9316;87
9317;87
9318;87
9319;87
9320;87
9321;87
9322;87
9323;87
9324;87
9325;87
9326;87
9327;87
9328;87
9329;87
9330;87
9331;87
9332;87
9333;87
9334;87
9335;87
9336;87
9337;87
9338;87
9339;87
9340;87
9341;87
9342;87
9343;87
9344;87
9345;87
9346;87
9347;87
9348;87
9349;87
9350;87
9351;87
9352;87
9353;87
9354;87
9355;87
9356;87
9357;87
9358;87
9359;87
9360;87
9361;87
9362;87
9363;87
9364;87
9365;87
9366;87
9367;87
9368;87
9369;87
9370;87
9371;87
9372;87
9373;87
9374;87
9375;87
9376;87
9377;87
9378;87
9379;87
9380;87
9381;87
9382;87
9383;87
9384;87
9385;87
9386;87
9387;87
9388;87
9389;87
9390;87
9391;87
9392;87
9393;87
9394;87
9395;87
9396;87
9397;87
9398;87
9399;87
9400;87
9401;87
9402;87
9403;87
9404;87
9405;87
9406;87
9407;87
9408;87
9409;87
9410;87
9411;87
9412;87
9413;87
9414;87
9415;87
9416;87
9417;87
9418;87
9419;87
9420;87
9421;87
9422;87
9423;87
9424;87
9425;87
9426;87
9427;87
9428;87
9429;87
9430;87
9431;87
9432;87
9433;87
9434;87
9435;87
9436;87
9437;87
9438;87
9439;87
9440;87
9441;87
9442;87
9443;87
9444;87
9445;87
9446;87
9447;87
9448;87
9449;87
9450;87
9451;87
9452;87
9453;87
9454;87
9455;87
9456;87
9457;87
9458;87
9459;87
9460;87
9461;87
9462;87
9463;87
9464;87
9465;87
9466;87
9467;87
9468;87
9469;87
9470;87
9471;87
9472;87
9473;87
9474;87
9475;87
9476;87
9477;87
9478;87
9479;87
9480;87
9481;87
9482;87
9483;87
9484;87
9485;87
9486;87
9487;87
9488;87
9489;87
9490;87
9491;87
9492;87
9493;87
9494;87
9495;87
9496;87
9497;87
9498;87
9499;87
9500;87
9501;87
9502;87
9503;87
9504;87
9505;87
9506;87
9507;87
9508;87
9509;87
9510;87
9511;87
9512;87
9513;87
9514;87
9515;87
9516;87
9517;87
9518;87
9519;87
9520;87
9521;87
9522;87
9523;87
9524;87
9525;87
9526;87
9527;87
9528;87
9529;87
9530;87
9531;87
9532;87
9533;87
9534;87
9535;87
9536;87
9537;87
9538;87
9539;87
9540;87
9541;87
9542;87
9543;87
9544;87
9545;87
9546;87
9547;87
9548;87
9549;87
9550;87
9551;87
9552;87
9553;87
9554;87
9555;87
9556;87
9557;87
9558;87
9559;87
9560;87
9561;87
9562;87
9563;87
9564;87
9565;87
9566;87
9567;87
9568;87
9569;87
9570;87
9571;87
9572;87
9573;87
9574;87
9575;87
9576;87
9577;87
9578;87
9579;87
9580;87
9581;87
9582;87
9583;87
9584;87
9585;87
9586;87
9587;87
9588;87
9589;87
9590;87
9591;87
9592;87
9593;87
9594;87
9595;87
9596;87
9597;87
9598;87
9599;87
9600;87
9601;87
9602;87
9603;87
9604;87
9605;87
9606;87
9607;87
9608;87
9609;87
9610;87
9611;87
9612;87
9613;87
9614;87
9615;87
9616;87
9617;87
9618;87
9619;87
9620;87
9621;87
9622;87
9623;87
9624;87
9625;87
9626;87
9627;87
9628;87
9629;87
9630;87
9631;87
9632;87
9633;87
9634;87
9635;87
9636;87
9637;87
9638;87
9639;87
9640;87
9641;87
9642;87
9643;87
9644;87
9645;87
9646;87
9647;87
9648;87
9649;87
9650;87
9651;87
9652;87
9653;87
9654;87
9655;87
9656;87
9657;87
9658;87
9659;87
9660;87
9661;87
9662;87
9663;87
9664;87
9665;87
9666;87
9667;87
9668;87
9669;87
9670;87
9671;87
9672;87
9673;87
9674;87
9675;87
9676;87
9677;87
9678;87
9679;87
9680;87
9681;87
9682;87
9683;87
9684;87
9685;87
9686;87
9687;87
9688;87
9689;87
9690;87
9691;87
9692;87
9693;87
9694;87
9695;87
9696;87
9697;87
9698;87
9699;87
9700;87
9701;87
9702;87
9703;87
9704;87
9705;87
9706;87
9707;87
9708;87
9709;87
9710;87
9711;87
9712;87
9713;87
9714;87
9715;87
9716;87
9717;87
9718;87
9719;87
9720;87
9721;87
9722;87
9723;87
9724;87
9725;87
9726;87
9727;87
9728;87
9729;87
9730;87
9731;87
9732;87
9733;87
9734;87
9735;87
9736;87
9737;87
9738;87
9739;87
9740;87
9741;87
9742;87
9743;87
9744;87
9745;87
9746;87
9747;87
9748;87
9749;87
9750;87
9751;87
9752;87
9753;87
9754;87
9755;87
9756;87
9757;87
9758;87
9759;87
9760;87
9761;87
9762;87
9763;87
9764;87
9765;87
9766;87
9767;87
9768;87
9769;87
9770;87
9771;87
9772;87
9773;87
9774;87
9775;87
9776;87
9777;87
9778;87
9779;87
9780;87
9781;87
9782;87
9783;87
9784;87
9785;87
9786;87
9787;87
9788;87
9789;87
9790;87
9791;87
9792;87
9793;87
9794;87
9795;87
9796;87
9797;87
9798;87
9799;87
9800;87
9801;87
9802;87
9803;87
9804;87
9805;87
9806;87
9807;87
9808;87
9809;87
9810;87
9811;87
9812;87
9813;87
9814;87
9815;87
9816;87
9817;87
9818;87
9819;87
9820;87
9821;87
9822;87
9823;87
9824;87
9825;87
9826;87
9827;87
9828;87
9829;87
9830;87
9831;87
9832;87
9833;87
9834;87
9835;87
9836;87
9837;87
9838;87
9839;87
9840;87
9841;87
9842;87
9843;87
9844;87
9845;87
9846;87
9847;87
9848;87
9849;87
9850;87
9851;87
9852;87
9853;87
9854;87
9855;87
9856;87
9857;87
9858;87
9859;87
9860;87
9861;87
9862;87
9863;87
9864;87
9865;87
9866;87
9867;87
9868;87
9869;87
9870;87
9871;87
9872;87
9873;87
9874;87
9875;87
9876;87
9877;87
9878;87
9879;87
9880;87
9881;87
9882;87
9883;87
9884;87
9885;87
9886;87
9887;87
9888;87
9889;87
9890;87
9891;87
9892;87
9893;87
9894;87
9895;87
9896;87
9897;87
9898;87
9899;87
9900;87
9901;87
9902;87
9903;87
9904;87
9905;87
9906;87
9907;87
9908;87
9909;87
9910;87
9911;87
9912;87
9913;87
9914;87
9915;87
9916;87
9917;87
9918;87
9919;87
9920;87
9921;87
9922;87
9923;87
9924;87
9925;87
9926;87
9927;87
9928;87
9929;87
9930;87
9931;87
9932;87
9933;87
9934;87
9935;87
9936;87
9937;87
9938;87
9939;87
9940;87
9941;87
9942;87
9943;87
9944;87
9945;87
9946;87
9947;87
9948;87
9949;87
9950;87
9951;87
9952;87
9953;87
9954;87
9955;87
9956;87
9957;87
9958;87
9959;87
9960;87
9961;87
9962;87
9963;87
9964;87
9965;87
9966;87
9967;87
9968;87
9969;87
9970;87
9971;87
9972;87
9973;87
9974;87
9975;87
9976;87
9977;87
9978;87
9979;87
9980;87
9981;87
9982;87
9983;87
9984;87
9985;87
9986;87
9987;87
9988;87
9989;87
9990;87
9991;87
9992;87
9993;87
9994;87
9995;87
9996;87
9997;87
9998;87
9999;87