0;62
1;62
2;62
3;62
4;62
5;62
6;62
7;62
8;62
9;62
10;62
11;62
12;62
13;62
14;62
15;62
16;62
17;62
18;62
19;62
20;62
21;62
22;62
23;62
24;62
25;62
26;62
27;62
28;62
29;62
30;62
31;62
32;62
33;62
34;62
35;62
36;62
37;62
38;63
39;63
40;63
41;63
42;63
43;63
44;63
45;63
46;63
47;63
48;63
49;63
50;63
51;63
52;63
53;63
54;63
55;63
56;63
57;63
58;63
59;63
60;63
61;63
62;63
63;63
64;63
65;63
66;63
67;63
68;63
69;63
70;63
71;63
72;63
73;63
74;63
75;63
76;63
77;63
78;63
79;63
80;63
81;63
82;63
83;63
84;63
85;63
86;63
87;63
88;63
89;63
90;63
91;63
92;63
93;63
94;79
95;79
96;79
97;79
98;79
99;79
100;79
101;79
102;79
103;79
104;79
105;79
106;79
107;79
108;79
109;79
110;79
111;79
112;79
113;79
114;79
115;79
116;79
117;79
118;79
119;79
120;79
121;79
122;79
123;79
124;79
125;79
126;79
127;79
128;79
129;79
130;79
131;79
132;79
133;79
134;79
135;79
136;79
137;79
138;79
139;79
140;79
141;79
142;79
143;79
144;79
145;79
146;79
147;79
148;79
149;79
150;79
151;79
152;79
153;79
154;79
155;79
156;79
157;79
158;79
159;79
160;79
161;79
162;79
163;79
164;79
165;79
166;79
167;79
168;79
169;79
170;79
171;79
172;79
173;79
174;79
175;79
176;79
177;79
178;79
179;79
180;79
181;79
182;79
183;79
184;79
185;79
186;79
187;79
188;79
189;79
190;79
191;79
192;79
193;79
194;79
195;79
196;79
197;79
198;79
199;79
200;79
201;79
202;79
203;79
204;79
205;79
206;79
207;79
208;79
209;79
210;79
211;79
212;79
213;79
214;79
215;79
216;79
217;79
218;79
219;79
220;79
221;79
222;79
223;79
224;79
225;79
226;79
227;79
228;79
229;79
230;79
231;79
232;79
233;79
234;79
235;79
236;79
237;79
238;79
239;79
240;79
241;79
242;79
243;79
244;79
245;79
246;79
247;79
248;79
249;79
250;79
251;79
252;79
253;79
254;79
255;79
256;79
257;79
258;79
259;79
260;79
261;79
262;79
263;79
264;79
265;79
266;79
267;79
268;79
269;79
270;79
271;79
272;79
273;79
274;79
275;79
276;79
277;79
278;79
279;79
280;79
281;79
282;79
283;79
284;79
285;79
286;79
287;79
288;79
289;79
290;79
291;79
292;79
293;79
294;79
295;79
296;79
297;79
298;79
299;79
300;79
301;79
302;79
303;79
304;79
305;79
306;79
307;79
308;79
309;79
310;79
311;79
312;79
313;79
314;79
315;79
316;79
317;79
318;79
319;79
320;79
321;79
322;79
323;79
324;79
325;79
326;79
327;79
328;79
329;79
330;79
331;79
332;79
333;79
334;79
335;79
336;79
337;79
338;79
339;79
340;79
341;79
342;79
343;79
344;79
345;79
346;79
347;79
348;79
349;79
350;79
351;79
352;79
353;79
354;79
355;79
356;79
357;79
358;79
359;79
360;79
361;79
362;79
363;79
364;79
365;79
366;79
367;79
368;79
369;79
370;79
371;79
372;79
373;79
374;79
375;79
376;79
377;79
378;79
379;79
380;79
381;79
382;79
383;79
384;79
385;79
386;79
387;79
388;79
389;79
390;79
391;79
392;79
393;79
394;79
395;79
396;79
397;79
398;79
399;79
400;79
401;79
402;79
403;79
404;79
405;79
406;79
407;79
408;79
409;79
410;79
411;79
412;79
413;79
414;79
415;79
416;79
417;79
418;79
419;79
420;79
421;79
422;79
423;79
424;79
425;79
426;79
427;79
428;79
429;79
430;79
431;79
432;79
433;79
434;79
435;79
436;79
437;79
438;79
439;79
440;79
441;79
442;79
443;79
444;79
445;79
446;79
447;79
448;79
449;79
450;79
451;79
452;79
453;79
454;79
455;79
456;79
457;79
458;79
459;79
460;79
461;79
462;79
463;79
464;79
465;79
466;79
467;79
468;79
469;79
470;79
471;79
472;79
473;79
474;79
475;79
476;79
477;79
478;79
479;79
480;79
481;79
482;79
483;79
484;79
485;79
486;79
487;79
488;79
489;79
490;79
491;79
492;79
493;79
494;79
495;79
496;79
497;79
498;79
499;79
500;79
501;79
502;79
503;79
504;79
505;79
506;79
507;79
508;79
509;79
510;79
511;79
512;79
513;79
514;79
515;79
516;79
517;79
518;79
519;79
520;79
521;79
522;79
523;79
524;79
525;79
526;79
527;79
528;79
529;79
530;79
531;79
532;79
533;79
534;79
535;79
536;79
537;79
538;79
539;79
540;79
541;79
542;79
543;79
544;79
545;79
546;79
547;79
548;79
549;79
550;79
551;79
552;79
553;79
554;79
555;79
556;79
557;79
558;79
559;79
560;79
561;79
562;79
563;79
564;79
565;79
566;79
567;79
568;79
569;79
570;79
571;79
572;79
573;79
574;79
575;79
576;79
577;79
578;79
579;79
580;79
581;79
582;79
583;79
584;79
585;79
586;79
587;79
588;79
589;79
590;79
591;79
592;79
593;79
594;79
595;79
596;79
597;79
598;79
599;79
600;79
601;79
602;79
603;79
604;79
605;79
606;79
607;79
608;79
609;79
610;79
611;79
612;79
613;79
614;79
615;79
616;79
617;79
618;79
619;79
620;79
621;79
622;79
623;79
624;79
625;79
626;79
627;79
628;79
629;83
630;83
631;83
632;83
633;83
634;83
635;83
636;83
637;83
638;83
639;83
640;83
641;83
642;83
643;83
644;83
645;83
646;83
647;83
648;83
649;83
650;83
651;83
652;83
653;83
654;83
655;83
656;83
657;83
658;83
659;83
660;83
661;83
662;83
663;83
664;83
665;83
666;83
667;83
668;83
669;83
670;83
671;83
672;83
673;83
674;83
675;83
676;83
677;83
678;83
679;83
680;83
681;83
682;83
683;83
684;83
685;83
686;83
687;83
688;83
689;83
690;83
691;83
692;83
693;83
694;83
695;83
696;83
697;83
698;83
699;83
700;83
701;83
702;83
703;83
704;83
705;83
706;83
707;83
708;83
709;83
710;83
711;83
712;83
713;83
714;83
715;83
716;83
717;83
718;83
719;83
720;83
721;83
722;83
723;83
724;83
725;83
726;83
727;83
728;83
729;83
730;83
731;83
732;83
733;83
734;83
735;83
736;83
737;83
738;83
739;83
740;83
741;83
742;83
743;83
744;83
745;83
746;83
747;83
748;83
749;83
750;83
751;83
752;83
753;83
754;83
755;83
756;83
757;83
758;83
759;83
760;83
761;83
762;83
763;83
764;83
765;83
766;83
767;83
768;83
769;83
770;83
771;83
772;83
773;83
774;83
775;83
776;83
777;83
778;83
779;83
780;83
781;83
782;83
783;83
784;83
785;83
786;83
787;83
788;83
789;83
790;83
791;83
792;83
793;83
794;83
795;83
796;83
797;83
798;83
799;83
800;83
801;83
802;83
803;83
804;83
805;83
806;83
807;83
808;83
809;83
810;83
811;83
812;83
813;83
814;83
815;83
816;83
817;83
818;83
819;83
820;83
821;83
822;83
823;83
824;83
825;83
826;83
827;83
828;83
829;83
830;83
831;83
832;83
833;83
834;83
835;83
836;83
837;83
838;83
839;83
840;83
841;83
842;83
843;83
844;83
845;83
846;83
847;83
848;83
849;83
850;83
851;83
852;83
853;83
854;83
855;83
856;83
857;83
858;83
859;83
860;83
861;83
862;83
863;83
864;83
865;83
866;83
867;83
868;83
869;83
870;83
871;83
872;83
873;83
874;83
875;83
876;83
877;83
878;83
879;83
880;83
881;83
882;83
883;83
884;83
885;83
886;83
887;83
888;83
889;83
890;83
891;83
892;83
893;83
894;83
895;83
896;83
897;83
898;83
899;83
900;83
901;83
902;83
903;83
904;83
905;83
906;83
907;83
908;83
909;83
910;83
911;83
912;83
913;83
914;83
915;83
916;83
917;83
918;83
919;83
920;83
921;83
922;83
923;83
924;83
925;83
926;83
927;83
928;83
929;83
930;83
931;83
932;83
933;83
934;83
935;83
936;83
937;83
938;83
939;83
940;83
941;83
942;83
943;83
944;83
945;83
946;83
947;83
948;83
949;83
950;83
951;83
952;83
953;83
954;83
955;83
956;83
957;83
958;83
959;83
960;83
961;83
962;83
963;83
964;83
965;83
966;83
967;83
968;83
969;83
970;83
971;83
972;83
973;83
974;83
975;83
976;83
977;83
978;83
979;83
980;83
981;83
982;83
983;83
984;83
985;83
986;83
987;83
988;83
989;83
990;83
991;83
992;83
993;83
994;83
995;83
996;83
997;83
998;83
999;83
1000;83
1001;83
1002;83
1003;83
1004;83
1005;83
1006;83
1007;83
1008;83
1009;83
1010;83
1011;83
1012;83
1013;83
1014;83
1015;83
1016;83
1017;83
1018;83
1019;83
1020;83
1021;83
1022;83
1023;83
1024;83
1025;83
1026;83
1027;83
1028;83
1029;83
1030;83
1031;83
1032;83
1033;83
1034;83
1035;83
1036;83
1037;83
1038;83
1039;83
1040;83
1041;83
1042;83
1043;83
1044;83
1045;83
1046;83
1047;83
1048;83
1049;83
1050;83
1051;83
1052;83
1053;83
1054;83
1055;83
1056;83
1057;83
1058;83
1059;83
1060;83
1061;83
1062;83
1063;83
1064;83
1065;83
1066;83
1067;83
1068;83
1069;83
1070;83
1071;83
1072;83
1073;83
1074;83
1075;83
1076;83
1077;83
1078;83
1079;83
1080;83
1081;83
1082;83
1083;83
1084;83
1085;83
1086;83
1087;83
1088;83
1089;83
1090;83
1091;83
1092;83
1093;83
1094;83
1095;83
1096;83
1097;83
1098;83
1099;83
1100;83
1101;83
1102;83
1103;83
1104;83
1105;83
1106;83
1107;83
1108;83
1109;83
1110;83
1111;83
1112;83
1113;83
1114;83
1115;83
1116;83
1117;83
1118;83
1119;83
1120;83
1121;83
1122;83
1123;83
1124;83
1125;83
1126;83
1127;83
1128;83
1129;83
1130;83
1131;83
1132;83
1133;83
1134;83
1135;83
1136;83
1137;83
1138;83
1139;83
1140;83
1141;83
1142;83
1143;83
1144;83
1145;83
1146;83
1147;83
1148;83
1149;83
1150;83
1151;83
1152;83
1153;83
1154;83
1155;83
1156;83
1157;83
1158;83
1159;83
1160;83
1161;83
1162;83
1163;83
1164;83
1165;83
1166;83
1167;83
1168;83
1169;83
1170;83
1171;83
1172;83
1173;83
1174;83
1175;83
1176;83
1177;83
1178;83
1179;83
1180;83
1181;83
1182;83
1183;83
1184;83
1185;83
1186;83
1187;83
1188;83
1189;83
1190;83
1191;83
1192;83
1193;83
1194;83
1195;83
1196;83
1197;83
1198;83
1199;83
1200;83
1201;83
1202;83
1203;83
1204;83
1205;83
1206;83
1207;83
1208;83
1209;83
1210;83
1211;83
1212;83
1213;83
1214;83
1215;83
1216;83
1217;83
1218;83
1219;83
1220;83
1221;83
1222;83
1223;83
1224;83
1225;83
1226;83
1227;83
1228;83
1229;83
1230;83
1231;83
1232;83
1233;83
1234;83
1235;83
1236;83
1237;83
1238;83
1239;83
1240;83
1241;83
1242;83
1243;83
1244;83
1245;83
1246;83
1247;83
1248;83
1249;83
1250;83
1251;83
1252;83
1253;83
1254;83
1255;83
1256;83
1257;83
1258;83
1259;83
1260;83
1261;83
1262;83
1263;83
1264;83
1265;83
1266;83
1267;83
1268;83
1269;83
1270;83
1271;83
1272;83
1273;83
1274;83
1275;83
1276;83
1277;83
1278;83
1279;83
1280;83
1281;83
1282;83
1283;83
1284;83
1285;83
1286;83
1287;83
1288;83
1289;83
1290;83
1291;83
1292;83
1293;83
1294;83
1295;83
1296;83
1297;83
1298;83
1299;83
1300;83
1301;83
1302;83
1303;83
1304;83
1305;83
1306;83
1307;83
1308;83
1309;83
1310;83
1311;83
1312;83
1313;83
1314;83
1315;83
1316;83
1317;83
1318;83
1319;83
1320;83
1321;83
1322;83
1323;83
1324;83
1325;83
1326;83
1327;83
1328;83
1329;83
1330;83
1331;83
1332;83
1333;83
1334;83
1335;83
1336;83
1337;83
1338;83
1339;83
1340;83
1341;83
1342;83
1343;83
1344;83
1345;83
1346;83
1347;83
1348;83
1349;83
1350;83
1351;83
1352;83
1353;83
1354;83
1355;83
1356;83
1357;83
1358;83
1359;83
1360;83
1361;83
1362;83
1363;83
1364;83
1365;83
1366;83
1367;83
1368;83
1369;83
1370;83
1371;83
1372;83
1373;83
1374;83
1375;83
1376;83
1377;83
1378;83
1379;83
1380;83
1381;83
1382;83
1383;83
1384;83
1385;83
1386;83
1387;83
1388;83
1389;83
1390;83
1391;83
1392;83
1393;83
1394;83
1395;83
1396;83
1397;83
1398;83
1399;83
1400;83
1401;83
1402;83
1403;83
1404;83
1405;83
1406;83
1407;83
1408;83
1409;83
1410;83
1411;83
1412;83
1413;83
1414;83
1415;83
1416;83
1417;83
1418;83
1419;83
1420;83
1421;83
1422;83
1423;83
1424;83
1425;83
1426;83
1427;83
1428;83
1429;83
1430;83
1431;83
1432;83
1433;83
1434;83
1435;83
1436;83
1437;83
1438;83
1439;83
1440;83
1441;83
1442;83
1443;83
1444;83
1445;83
1446;83
1447;83
1448;83
1449;83
1450;83
1451;83
1452;83
1453;83
1454;83
1455;83
1456;83
1457;83
1458;83
1459;83
1460;83
1461;83
1462;83
1463;83
1464;83
1465;83
1466;83
1467;83
1468;83
1469;83
1470;83
1471;83
1472;83
1473;83
1474;83
1475;83
1476;83
1477;83
1478;83
1479;83
1480;83
1481;83
1482;83
1483;83
1484;83
1485;83
1486;83
1487;83
1488;83
1489;83
1490;83
1491;83
1492;83
1493;83
1494;83
1495;83
1496;83
1497;83
1498;83
1499;83
1500;83
1501;83
1502;83
1503;83
1504;83
1505;83
1506;83
1507;83
1508;83
1509;83
1510;83
1511;83
1512;83
1513;83
1514;83
1515;83
1516;83
1517;83
1518;83
1519;83
1520;83
1521;83
1522;83
1523;83
1524;83
1525;83
1526;83
1527;83
1528;83
1529;83
1530;83
1531;83
1532;83
1533;83
1534;83
1535;83
1536;83
1537;83
1538;83
1539;83
1540;83
1541;83
1542;83
1543;83
1544;83
1545;83
1546;83
1547;83
1548;83
1549;83
1550;83
1551;83
1552;83
1553;83
1554;83
1555;83
1556;83
1557;83
1558;83
1559;83
1560;83
1561;83
1562;83
1563;83
1564;83
1565;83
1566;83
1567;83
1568;83
1569;83
1570;83
1571;83
1572;83
1573;83
1574;83
1575;83
1576;83
1577;83
1578;83
1579;83
1580;83
1581;83
1582;83
1583;83
1584;83
1585;83
1586;83
1587;83
1588;83
1589;83
1590;83
1591;83
1592;83
1593;83
1594;83
1595;83
1596;83
1597;83
1598;83
1599;83
1600;83
1601;83
1602;83
1603;83
1604;83
1605;83
1606;83
1607;83
1608;83
1609;83
1610;83
1611;83
1612;83
1613;83
1614;83
1615;83
1616;83
1617;83
1618;83
1619;83
1620;83
1621;83
1622;83
1623;83
1624;83
1625;83
1626;83
1627;83
1628;83
1629;83
1630;83
1631;83
1632;83
1633;83
1634;83
1635;83
1636;83
1637;83
1638;83
1639;83
1640;83
1641;83
1642;83
1643;83
1644;83
1645;83
1646;83
1647;83
1648;83
1649;83
1650;83
1651;83
1652;83
1653;83
1654;83
1655;83
1656;83
1657;83
1658;83
1659;83
1660;83
1661;83
1662;83
1663;83
1664;83
1665;83
1666;83
1667;83
1668;83
1669;83
1670;83
1671;83
1672;83
1673;83
1674;83
1675;83
1676;83
1677;83
1678;83
1679;83
1680;83
1681;83
1682;83
1683;83
1684;83
1685;83
1686;83
1687;83
1688;83
1689;83
1690;83
1691;83
1692;83
1693;83
1694;83
1695;83
1696;83
1697;83
1698;83
1699;83
1700;83
1701;83
1702;83
1703;83
1704;83
1705;83
1706;83
1707;83
1708;83
1709;83
1710;83
1711;83
1712;83
1713;83
1714;83
1715;83
1716;83
1717;83
1718;83
1719;83
1720;83
1721;83
1722;83
1723;83
1724;83
1725;83
1726;83
1727;83
1728;83
1729;83
1730;83
1731;83
1732;83
1733;83
1734;83
1735;83
1736;83
1737;83
1738;83
1739;83
1740;83
1741;83
1742;83
1743;83
1744;83
1745;83
1746;83
1747;83
1748;83
1749;83
1750;83
1751;83
1752;83
1753;83
1754;83
1755;83
1756;83
1757;83
1758;83
1759;83
1760;83
1761;83
1762;83
1763;83
1764;83
1765;83
1766;83
1767;83
1768;83
1769;83
1770;83
1771;83
1772;83
1773;83
1774;83
1775;83
1776;83
1777;83
1778;83
1779;83
1780;83
1781;83
1782;83
1783;83
1784;83
1785;83
1786;83
1787;83
1788;83
1789;83
1790;83
1791;83
1792;83
1793;83
1794;83
1795;83
1796;83
1797;83
1798;83
1799;83
1800;83
1801;83
1802;83
1803;83
1804;83
1805;83
1806;83
1807;83
1808;83
1809;83
1810;83
1811;83
1812;83
1813;83
1814;83
1815;83
1816;83
1817;83
1818;83
1819;83
1820;83
1821;83
1822;83
1823;83
1824;83
1825;83
1826;83
1827;83
1828;83
1829;83
1830;83
1831;83
1832;83
1833;83
1834;83
1835;83
1836;83
1837;83
1838;83
1839;83
1840;83
1841;83
1842;83
1843;83
1844;83
1845;83
1846;83
1847;83
1848;83
1849;83
1850;83
1851;83
1852;83
1853;83
1854;83
1855;83
1856;83
1857;83
1858;83
1859;83
1860;83
1861;83
1862;83
1863;83
1864;83
1865;83
1866;83
1867;83
1868;83
1869;83
1870;83
1871;83
1872;83
1873;83
1874;83
1875;83
1876;83
1877;83
1878;83
1879;83
1880;83
1881;83
1882;83
1883;83
1884;83
1885;83
1886;83
1887;83
1888;83
1889;83
1890;83
1891;83
1892;83
1893;83
1894;83
1895;83
1896;83
1897;83
1898;83
1899;83
1900;83
1901;83
1902;83
1903;83
1904;83
1905;83
1906;83
1907;83
1908;83
1909;83
1910;83
1911;83
1912;83
1913;83
1914;83
1915;83
1916;83
1917;83
1918;83
1919;83
1920;83
1921;83
1922;83
1923;83
1924;83
1925;83
1926;83
1927;83
1928;83
1929;83
1930;83
1931;83
1932;83
1933;83
1934;83
1935;83
1936;83
1937;83
1938;83
1939;83
1940;83
1941;83
1942;83
1943;83
1944;83
1945;83
1946;83
1947;83
1948;83
1949;83
1950;83
1951;83
1952;83
1953;83
1954;83
1955;83
1956;83
1957;83
1958;83
1959;83
1960;83
1961;83
1962;83
1963;83
1964;83
1965;83
1966;83
1967;83
1968;83
1969;83
1970;83
1971;83
1972;83
1973;83
1974;83
1975;83
1976;83
1977;83
1978;83
1979;83
1980;83
1981;83
1982;83
1983;83
1984;83
1985;83
1986;83
1987;83
1988;83
1989;83
1990;83
1991;83
1992;83
1993;83
1994;83
1995;83
1996;83
1997;83
1998;83
1999;83
2000;83
2001;83
2002;83
2003;83
2004;83
2005;83
2006;83
2007;83
2008;83
2009;83
2010;83
2011;83
2012;83
2013;83
2014;83
2015;83
2016;83
2017;83
2018;83
2019;83
2020;83
2021;83
2022;83
2023;83
2024;83
2025;83
2026;83
2027;83
2028;83
2029;83
2030;83
2031;83
2032;83
2033;83
2034;83
2035;83
2036;83
2037;83
2038;83
2039;83
2040;83
2041;83
2042;83
2043;83
2044;83
2045;83
2046;83
2047;83
2048;83
2049;83
2050;83
2051;83
2052;83
2053;83
2054;83
2055;83
2056;83
2057;83
2058;83
2059;83
2060;83
2061;83
2062;83
2063;83
2064;83
2065;83
2066;83
2067;83
2068;83
2069;83
2070;83
2071;83
2072;83
2073;83
2074;83
2075;83
2076;83
2077;83
2078;83
2079;83
2080;83
2081;83
2082;83
2083;83
2084;83
2085;83
2086;83
2087;83
2088;83
2089;83
2090;83
2091;83
2092;83
2093;83
2094;83
2095;83
2096;83
2097;83
2098;83
2099;83
2100;83
2101;83
2102;83
2103;83
2104;83
2105;83
2106;83
2107;83
2108;83
2109;83
2110;83
2111;83
2112;83
2113;83
2114;83
2115;83
2116;83
2117;83
2118;83
2119;83
2120;83
2121;83
2122;83
2123;83
2124;83
2125;83
2126;83
2127;83
2128;83
2129;83
2130;83
2131;83
2132;83
2133;83
2134;83
2135;83
2136;83
2137;83
2138;83
2139;83
2140;83
2141;83
2142;83
2143;83
2144;83
2145;83
2146;83
2147;83
2148;83
2149;83
2150;83
2151;83
2152;83
2153;83
2154;83
2155;83
2156;83
2157;83
2158;83
2159;83
2160;83
2161;83
2162;83
2163;83
2164;83
2165;83
2166;83
2167;83
2168;83
2169;83
2170;83
2171;83
2172;83
2173;83
2174;83
2175;83
2176;83
2177;83
2178;83
2179;83
2180;83
2181;83
2182;83
2183;83
2184;83
2185;83
2186;83
2187;83
2188;83
2189;83
2190;83
2191;83
2192;83
2193;83
2194;83
2195;83
2196;83
2197;83
2198;83
2199;83
2200;83
2201;83
2202;83
2203;83
2204;83
2205;83
2206;83
2207;83
2208;83
2209;83
2210;83
2211;83
2212;83
2213;83
2214;83
2215;83
2216;83
2217;83
2218;83
2219;83
2220;83
2221;83
2222;83
2223;83
2224;83
2225;83
2226;83
2227;83
2228;83
2229;83
2230;83
2231;83
2232;83
2233;83
2234;83
2235;83
2236;83
2237;83
2238;83
2239;83
2240;83
2241;83
2242;83
2243;83
2244;83
2245;83
2246;83
2247;83
2248;83
2249;83
2250;83
2251;83
2252;83
2253;83
2254;83
2255;83
2256;83
2257;83
2258;83
2259;83
2260;83
2261;83
2262;83
2263;83
2264;83
2265;83
2266;83
2267;83
2268;83
2269;83
2270;83
2271;83
2272;83
2273;83
2274;83
2275;83
2276;83
2277;83
2278;83
2279;83
2280;83
2281;83
2282;83
2283;83
2284;83
2285;83
2286;83
2287;83
2288;83
2289;83
2290;83
2291;83
2292;83
2293;83
2294;83
2295;83
2296;83
2297;83
2298;83
2299;83
2300;83
2301;83
2302;83
2303;83
2304;83
2305;83
2306;83
2307;83
2308;83
2309;83
2310;83
2311;83
2312;83
2313;83
2314;83
2315;83
2316;83
2317;83
2318;83
2319;83
2320;83
2321;83
2322;83
2323;83
2324;83
2325;83
2326;83
2327;83
2328;83
2329;83
2330;83
2331;83
2332;83
2333;83
2334;83
2335;83
2336;83
2337;83
2338;83
2339;83
2340;83
2341;83
2342;83
2343;83
2344;83
2345;83
2346;83
2347;83
2348;83
2349;83
2350;83
2351;83
2352;83
2353;83
2354;83
2355;83
2356;83
2357;83
2358;83
2359;83
2360;83
2361;83
2362;83
2363;83
2364;83
2365;83
2366;83
2367;83
2368;83
2369;83
2370;83
2371;83
2372;83
2373;83
2374;83
2375;83
2376;83
2377;83
2378;83
2379;83
2380;83
2381;83
2382;83
2383;83
2384;83
2385;83
2386;83
2387;83
2388;83
2389;83
2390;83
2391;83
2392;83
2393;83
2394;83
2395;83
2396;83
2397;83
2398;83
2399;83
2400;83
2401;83
2402;83
2403;83
2404;83
2405;83
2406;83
2407;83
2408;83
2409;83
2410;83
2411;83
2412;83
2413;83
2414;83
2415;83
2416;83
2417;83
2418;83
2419;83
2420;83
2421;83
2422;83
2423;83
2424;83
2425;83
2426;83
2427;83
2428;83
2429;83
2430;83
2431;83
2432;83
2433;83
2434;83
2435;83
2436;83
2437;83
2438;83
2439;83
2440;83
2441;83
2442;83
2443;83
2444;83
2445;83
2446;83
2447;83
2448;83
2449;83
2450;83
2451;83
2452;83
2453;83
2454;83
2455;83
2456;83
2457;83
2458;83
2459;83
2460;83
2461;83
2462;83
2463;83
2464;83
2465;83
2466;83
2467;83
2468;83
2469;83
2470;83
2471;83
2472;83
2473;83
2474;83
2475;83
2476;83
2477;83
2478;83
2479;83
2480;83
2481;83
2482;83
2483;83
2484;83
2485;83
2486;83
2487;83
2488;83
2489;83
2490;83
2491;83
2492;83
2493;83
2494;83
2495;83
2496;83
2497;83
2498;83
2499;83
2500;83
2501;83
2502;83
2503;83
2504;83
2505;83
2506;83
2507;83
2508;83
2509;83
2510;83
2511;83
2512;83
2513;83
2514;83
2515;83
2516;83
2517;83
2518;83
2519;83
2520;83
2521;83
2522;83
2523;83
2524;83
2525;83
2526;83
2527;83
2528;83
2529;83
2530;83
2531;83
2532;83
2533;83
2534;83
2535;83
2536;83
2537;83
2538;83
2539;83
2540;83
2541;83
2542;83
2543;83
2544;83
2545;83
2546;83
2547;83
2548;83
2549;83
2550;83
2551;83
2552;83
2553;83
2554;83
2555;83
2556;83
2557;83
2558;83
2559;83
2560;83
2561;83
2562;83
2563;83
2564;83
2565;83
2566;83
2567;83
2568;83
2569;83
2570;83
2571;83
2572;83
2573;83
2574;83
2575;83
2576;83
2577;83
2578;83
2579;83
2580;83
2581;83
2582;83
2583;83
2584;83
2585;83
2586;83
2587;83
2588;83
2589;83
2590;83
2591;83
2592;83
2593;83
2594;83
2595;83
2596;83
2597;83
2598;83
2599;83
2600;83
2601;83
2602;83
2603;83
2604;83
2605;83
2606;83
2607;83
2608;83
2609;83
2610;83
2611;83
2612;83
2613;83
2614;83
2615;83
2616;83
2617;83
2618;83
2619;83
2620;83
2621;83
2622;83
2623;83
2624;83
2625;83
2626;83
2627;83
2628;83
2629;83
2630;83
2631;83
2632;83
2633;83
2634;83
2635;83
2636;83
2637;83
2638;83
2639;83
2640;83
2641;83
2642;83
2643;83
2644;83
2645;83
2646;83
2647;83
2648;83
2649;83
2650;83
2651;83
2652;83
2653;83
2654;83
2655;83
2656;83
2657;83
2658;83
2659;83
2660;83
2661;83
2662;83
2663;83
2664;83
2665;83
2666;83
2667;83
2668;83
2669;83
2670;83
2671;83
2672;83
2673;83
2674;83
2675;83
2676;83
2677;83
2678;83
2679;83
2680;83
2681;83
2682;83
2683;83
2684;83
2685;83
2686;83
2687;83
2688;83
2689;83
2690;83
2691;83
2692;83
2693;83
2694;83
2695;83
2696;83
2697;83
2698;83
2699;83
2700;83
2701;83
2702;83
2703;83
2704;83
2705;83
2706;83
2707;83
2708;83
2709;83
2710;83
2711;83
2712;83
2713;83
2714;83
2715;83
2716;83
2717;83
2718;83
2719;83
2720;83
2721;83
2722;83
2723;83
2724;83
2725;83
2726;83
2727;83
2728;83
2729;83
2730;83
2731;83
2732;83
2733;83
2734;83
2735;83
2736;83
2737;83
2738;83
2739;83
2740;83
2741;83
2742;83
2743;83
2744;83
2745;83
2746;83
2747;83
2748;83
2749;83
2750;83
2751;83
2752;83
2753;83
2754;83
2755;83
2756;83
2757;83
2758;83
2759;83
2760;83
2761;83
2762;83
2763;83
2764;83
2765;83
2766;83
2767;83
2768;83
2769;83
2770;83
2771;83
2772;83
2773;83
2774;83
2775;83
2776;83
2777;83
2778;83
2779;83
2780;83
2781;83
2782;83
2783;83
2784;83
2785;83
2786;83
2787;83
2788;83
2789;83
2790;83
2791;83
2792;83
2793;83
2794;83
2795;83
2796;83
2797;83
2798;83
2799;83
2800;83
2801;83
2802;83
2803;83
2804;83
2805;83
2806;83
2807;83
2808;83
2809;83
2810;83
2811;83
2812;83
2813;83
2814;83
2815;83
2816;83
2817;83
2818;83
2819;83
2820;83
2821;83
2822;83
2823;83
2824;83
2825;83
2826;83
2827;83
2828;83
2829;83
2830;83
2831;83
2832;83
2833;83
2834;83
2835;83
2836;83
2837;83
2838;83
2839;83
2840;83
2841;83
2842;83
2843;83
2844;83
2845;83
2846;83
2847;83
2848;83
2849;83
2850;83
2851;83
2852;83
2853;83
2854;83
2855;83
2856;83
2857;83
2858;83
2859;83
2860;83
2861;83
2862;83
2863;83
2864;83
2865;83
2866;83
2867;83
2868;83
2869;83
2870;83
2871;83
2872;83
2873;83
2874;83
2875;83
2876;83
2877;83
2878;83
2879;83
2880;83
2881;83
2882;83
2883;83
2884;83
2885;83
2886;83
2887;83
2888;83
2889;83
2890;83
2891;83
2892;83
2893;83
2894;83
2895;83
2896;83
2897;83
2898;83
2899;83
2900;83
2901;83
2902;83
2903;83
2904;83
2905;83
2906;83
2907;83
2908;83
2909;83
2910;83
2911;83
2912;83
2913;83
2914;83
2915;83
2916;83
2917;83
2918;83
2919;83
2920;83
2921;83
2922;83
2923;83
2924;83
2925;83
2926;83
2927;83
2928;83
2929;83
2930;83
2931;83
2932;83
2933;83
2934;83
2935;83
2936;83
2937;83
2938;83
2939;83
2940;83
2941;83
2942;83
2943;83
2944;83
2945;83
2946;83
2947;83
2948;83
2949;83
2950;83
2951;83
2952;83
2953;83
2954;83
2955;83
2956;83
2957;83
2958;83
2959;83
2960;83
2961;83
2962;83
2963;83
2964;83
2965;83
2966;83
2967;83
2968;83
2969;83
2970;83
2971;83
2972;83
2973;83
2974;83
2975;83
2976;83
2977;83
2978;83
2979;83
2980;83
2981;83
2982;83
2983;83
2984;83
2985;83
2986;83
2987;83
2988;83
2989;83
2990;83
2991;83
2992;83
2993;83
2994;83
2995;83
2996;83
2997;83
2998;83
2999;83
3000;83
3001;83
3002;83
3003;83
3004;83
3005;83
3006;83
3007;83
3008;83
3009;83
3010;83
3011;83
3012;83
3013;83
3014;83
3015;83
3016;83
3017;83
3018;83
3019;83
3020;83
3021;83
3022;83
3023;83
3024;83
3025;83
3026;83
3027;83
3028;83
3029;83
3030;83
3031;83
3032;83
3033;83
3034;83
3035;83
3036;83
3037;83
3038;83
3039;83
3040;83
3041;83
3042;83
3043;83
3044;83
3045;83
3046;83
3047;83
3048;83
3049;83
3050;83
3051;83
3052;83
3053;83
3054;83
3055;83
3056;83
3057;83
3058;83
3059;83
3060;83
3061;83
3062;83
3063;83
3064;83
3065;83
3066;83
3067;83
3068;83
3069;83
3070;83
3071;83
3072;83
3073;83
3074;83
3075;83
3076;83
3077;83
3078;83
3079;83
3080;83
3081;83
3082;83
3083;83
3084;83
3085;83
3086;83
3087;83
3088;83
3089;83
3090;83
3091;83
3092;83
3093;83
3094;83
3095;83
3096;83
3097;83
3098;83
3099;83
3100;83
3101;83
3102;83
3103;83
3104;83
3105;83
3106;83
3107;83
3108;83
3109;83
3110;83
3111;83
3112;83
3113;83
3114;83
3115;83
3116;83
3117;83
3118;83
3119;83
3120;83
3121;83
3122;83
3123;83
3124;83
3125;83
3126;83
3127;83
3128;83
3129;83
3130;83
3131;83
3132;83
3133;83
3134;83
3135;83
3136;83
3137;83
3138;83
3139;83
3140;83
3141;83
3142;83
3143;83
3144;83
3145;83
3146;83
3147;83
3148;83
3149;83
3150;83
3151;83
3152;83
3153;83
3154;83
3155;83
3156;83
3157;83
3158;83
3159;83
3160;83
3161;83
3162;83
3163;83
3164;83
3165;83
3166;83
3167;83
3168;83
3169;83
3170;83
3171;83
3172;83
3173;83
3174;83
3175;83
3176;83
3177;83
3178;83
3179;83
3180;83
3181;83
3182;83
3183;83
3184;83
3185;83
3186;83
3187;83
3188;83
3189;83
3190;83
3191;83
3192;83
3193;83
3194;83
3195;83
3196;83
3197;83
3198;83
3199;83
3200;83
3201;83
3202;83
3203;83
3204;83
3205;83
3206;83
3207;83
3208;83
3209;83
3210;83
3211;83
3212;83
3213;83
3214;83
3215;83
3216;83
3217;83
3218;83
3219;83
3220;83
3221;83
3222;83
3223;83
3224;83
3225;83
3226;83
3227;83
3228;83
3229;83
3230;83
3231;83
3232;83
3233;83
3234;83
3235;83
3236;83
3237;83
3238;83
3239;83
3240;83
3241;83
3242;83
3243;83
3244;83
3245;83
3246;83
3247;83
3248;83
3249;83
3250;83
3251;83
3252;83
3253;83
3254;83
3255;83
3256;83
3257;83
3258;83
3259;83
3260;83
3261;83
3262;83
3263;83
3264;83
3265;83
3266;83
3267;83
3268;83
3269;83
3270;83
3271;83
3272;83
3273;83
3274;83
3275;83
3276;83
3277;83
3278;83
3279;83
3280;83
3281;83
3282;83
3283;83
3284;83
3285;83
3286;83
3287;83
3288;83
3289;83
3290;83
3291;83
3292;83
3293;83
3294;83
3295;83
3296;83
3297;83
3298;83
3299;83
3300;83
3301;83
3302;83
3303;83
3304;83
3305;83
3306;83
3307;83
3308;83
3309;83
3310;83
3311;83
3312;83
3313;83
3314;83
3315;83
3316;83
3317;83
3318;83
3319;83
3320;83
3321;83
3322;83
3323;83
3324;83
3325;83
3326;83
3327;83
3328;83
3329;83
3330;83
3331;83
3332;83
3333;83
3334;83
3335;83
3336;83
3337;83
3338;83
3339;83
3340;83
3341;83
3342;83
3343;83
3344;83
3345;83
3346;83
3347;83
3348;83
3349;83
3350;83
3351;83
3352;83
3353;83
3354;83
3355;83
3356;83
3357;83
3358;83
3359;83
3360;83
3361;83
3362;83
3363;83
3364;83
3365;83
3366;83
3367;83
3368;83
3369;83
3370;83
3371;83
3372;83
3373;83
3374;83
3375;83
3376;83
3377;83
3378;83
3379;83
3380;83
3381;83
3382;83
3383;83
3384;83
3385;83
3386;83
3387;83
3388;83
3389;83
3390;83
3391;83
3392;83
3393;83
3394;83
3395;83
3396;83
3397;83
3398;83
3399;83
3400;83
3401;83
3402;83
3403;83
3404;83
3405;83
3406;83
3407;83
3408;83
3409;83
3410;83
3411;83
3412;83
3413;83
3414;83
3415;83
3416;83
3417;83
3418;83
3419;83
3420;83
3421;83
3422;83
3423;83
3424;83
3425;83
3426;83
3427;83
3428;83
3429;83
3430;83
3431;83
3432;83
3433;83
3434;83
3435;83
3436;83
3437;83
3438;83
3439;83
3440;83
3441;83
3442;83
3443;83
3444;83
3445;83
3446;83
3447;83
3448;83
3449;83
3450;83
3451;83
3452;83
3453;83
3454;83
3455;83
3456;83
3457;83
3458;83
3459;83
3460;83
3461;83
3462;83
3463;83
3464;83
3465;83
3466;83
3467;83
3468;83
3469;83
3470;83
3471;83
3472;83
3473;83
3474;83
3475;83
3476;83
3477;83
3478;83
3479;83
3480;83
3481;83
3482;83
3483;83
3484;83
3485;83
3486;83
3487;83
3488;83
3489;83
3490;83
3491;83
3492;83
3493;83
3494;83
3495;83
3496;83
3497;83
3498;83
3499;83
3500;83
3501;83
3502;83
3503;83
3504;83
3505;83
3506;83
3507;83
3508;83
3509;83
3510;83
3511;83
3512;83
3513;83
3514;83
3515;83
3516;83
3517;83
3518;83
3519;83
3520;83
3521;83
3522;83
3523;83
3524;83
3525;83
3526;83
3527;83
3528;83
3529;83
3530;83
3531;83
3532;83
3533;83
3534;83
3535;83
3536;83
3537;83
3538;83
3539;83
3540;83
3541;83
3542;83
3543;83
3544;83
3545;83
3546;83
3547;83
3548;83
3549;83
3550;83
3551;83
3552;83
3553;83
3554;83
3555;83
3556;83
3557;83
3558;83
3559;83
3560;83
3561;83
3562;83
3563;83
3564;83
3565;83
3566;83
3567;83
3568;83
3569;83
3570;83
3571;83
3572;83
3573;83
3574;83
3575;83
3576;83
3577;83
3578;83
3579;83
3580;83
3581;83
3582;83
3583;83
3584;83
3585;83
3586;83
3587;83
3588;83
3589;83
3590;83
3591;83
3592;83
3593;83
3594;83
3595;83
3596;83
3597;83
3598;83
3599;83
3600;83
3601;83
3602;83
3603;83
3604;83
3605;83
3606;83
3607;83
3608;83
3609;83
3610;83
3611;83
3612;83
3613;83
3614;83
3615;83
3616;83
3617;83
3618;83
3619;83
3620;83
3621;83
3622;83
3623;83
3624;83
3625;83
3626;83
3627;83
3628;83
3629;83
3630;83
3631;83
3632;83
3633;83
3634;83
3635;83
3636;83
3637;83
3638;83
3639;83
3640;83
3641;83
3642;83
3643;83
3644;83
3645;83
3646;83
3647;83
3648;83
3649;83
3650;83
3651;83
3652;83
3653;83
3654;83
3655;83
3656;83
3657;83
3658;83
3659;83
3660;83
3661;83
3662;83
3663;83
3664;83
3665;83
3666;83
3667;83
3668;83
3669;83
3670;83
3671;83
3672;83
3673;83
3674;83
3675;83
3676;83
3677;83
3678;83
3679;83
3680;83
3681;83
3682;83
3683;83
3684;83
3685;83
3686;83
3687;83
3688;83
3689;83
3690;83
3691;83
3692;83
3693;83
3694;83
3695;83
3696;83
3697;83
3698;83
3699;83
3700;83
3701;83
3702;83
3703;83
3704;83
3705;83
3706;83
3707;83
3708;83
3709;83
3710;83
3711;83
3712;83
3713;83
3714;83
3715;83
3716;83
3717;83
3718;83
3719;83
3720;83
3721;83
3722;83
3723;83
3724;83
3725;83
3726;83
3727;83
3728;83
3729;83
3730;83
3731;83
3732;83
3733;83
3734;83
3735;83
3736;83
3737;83
3738;83
3739;83
3740;83
3741;83
3742;83
3743;83
3744;83
3745;83
3746;83
3747;83
3748;83
3749;83
3750;83
3751;83
3752;83
3753;83
3754;83
3755;83
3756;83
3757;83
3758;83
3759;83
3760;83
3761;83
3762;83
3763;83
3764;83
3765;83
3766;83
3767;83
3768;83
3769;83
3770;83
3771;83
3772;83
3773;83
3774;83
3775;83
3776;83
3777;83
3778;83
3779;83
3780;83
3781;83
3782;83
3783;83
3784;83
3785;83
3786;83
3787;83
3788;83
3789;83
3790;83
3791;83
3792;83
3793;83
3794;83
3795;83
3796;83
3797;83
3798;83
3799;83
3800;83
3801;83
3802;83
3803;83
3804;83
3805;83
3806;83
3807;83
3808;83
3809;83
3810;83
3811;83
3812;83
3813;83
3814;83
3815;83
3816;83
3817;83
3818;83
3819;83
3820;83
3821;83
3822;83
3823;83
3824;83
3825;83
3826;83
3827;83
3828;83
3829;83
3830;83
3831;83
3832;83
3833;83
3834;83
3835;83
3836;83
3837;83
3838;83
3839;83
3840;83
3841;83
3842;83
3843;83
3844;83
3845;83
3846;83
3847;83
3848;83
3849;83
3850;83
3851;83
3852;83
3853;83
3854;83
3855;83
3856;83
3857;83
3858;83
3859;83
3860;83
3861;83
3862;83
3863;83
3864;83
3865;83
3866;83
3867;83
3868;83
3869;83
3870;83
3871;83
3872;83
3873;83
3874;83
3875;83
3876;83
3877;83
3878;83
3879;83
3880;83
3881;83
3882;83
3883;83
3884;83
3885;83
3886;83
3887;83
3888;83
3889;83
3890;83
3891;83
3892;83
3893;83
3894;83
3895;83
3896;83
3897;83
3898;83
3899;83
3900;83
3901;83
3902;83
3903;83
3904;83
3905;83
3906;83
3907;83
3908;83
3909;83
3910;83
3911;83
3912;83
3913;83
3914;83
3915;83
3916;83
3917;83
3918;83
3919;83
3920;83
3921;83
3922;83
3923;83
3924;83
3925;83
3926;83
3927;83
3928;83
3929;83
3930;83
3931;83
3932;83
3933;83
3934;83
3935;83
3936;83
3937;83
3938;83
3939;83
3940;83
3941;83
3942;83
3943;83
3944;83
3945;83
3946;83
3947;83
3948;83
3949;83
3950;83
3951;83
3952;83
3953;83
3954;83
3955;83
3956;83
3957;83
3958;83
3959;83
3960;83
3961;83
3962;83
3963;83
3964;83
3965;83
3966;83
3967;83
3968;83
3969;83
3970;83
3971;83
3972;83
3973;83
3974;83
3975;83
3976;83
3977;83
3978;83
3979;83
3980;83
3981;83
3982;83
3983;83
3984;83
3985;83
3986;83
3987;83
3988;83
3989;83
3990;83
3991;83
3992;83
3993;83
3994;83
3995;83
3996;83
3997;83
3998;83
3999;83
4000;83
4001;83
4002;83
4003;83
4004;83
4005;83
4006;83
4007;83
4008;83
4009;83
4010;83
4011;83
4012;83
4013;83
4014;83
4015;83
4016;83
4017;83
4018;83
4019;83
4020;83
4021;83
4022;83
4023;83
4024;83
4025;83
4026;83
4027;83
4028;83
4029;83
4030;83
4031;83
4032;83
4033;83
4034;83
4035;83
4036;83
4037;83
4038;83
4039;83
4040;83
4041;83
4042;83
4043;83
4044;83
4045;83
4046;83
4047;83
4048;83
4049;83
4050;83
4051;83
4052;83
4053;83
4054;83
4055;83
4056;83
4057;83
4058;83
4059;83
4060;83
4061;83
4062;83
4063;83
4064;83
4065;83
4066;83
4067;83
4068;83
4069;83
4070;83
4071;83
4072;83
4073;83
4074;83
4075;83
4076;83
4077;83
4078;83
4079;83
4080;83
4081;83
4082;83
4083;83
4084;83
4085;83
4086;83
4087;83
4088;83
4089;83
4090;83
4091;83
4092;83
4093;83
4094;83
4095;83
4096;83
4097;83
4098;83
4099;83
4100;83
4101;83
4102;83
4103;83
4104;83
4105;83
4106;83
4107;83
4108;83
4109;83
4110;83
4111;83
4112;83
4113;83
4114;83
4115;83
4116;83
4117;83
4118;83
4119;83
4120;83
4121;83
4122;83
4123;83
4124;83
4125;83
4126;83
4127;83
4128;83
4129;83
4130;83
4131;83
4132;83
4133;83
4134;83
4135;83
4136;83
4137;83
4138;83
4139;83
4140;83
4141;83
4142;83
4143;83
4144;83
4145;83
4146;83
4147;83
4148;83
4149;83
4150;83
4151;83
4152;83
4153;83
4154;83
4155;83
4156;83
4157;83
4158;83
4159;83
4160;83
4161;83
4162;83
4163;83
4164;83
4165;83
4166;83
4167;83
4168;83
4169;83
4170;83
4171;83
4172;83
4173;83
4174;83
4175;83
4176;83
4177;83
4178;83
4179;83
4180;83
4181;83
4182;83
4183;83
4184;83
4185;83
4186;83
4187;83
4188;83
4189;83
4190;83
4191;83
4192;83
4193;83
4194;83
4195;83
4196;83
4197;83
4198;83
4199;83
4200;83
4201;83
4202;83
4203;83
4204;83
4205;83
4206;83
4207;83
4208;83
4209;83
4210;83
4211;83
4212;83
4213;83
4214;83
4215;83
4216;83
4217;83
4218;83
4219;83
4220;83
4221;83
4222;83
4223;83
4224;83
4225;83
4226;83
4227;83
4228;83
4229;83
4230;83
4231;83
4232;83
4233;83
4234;83
4235;83
4236;83
4237;83
4238;83
4239;83
4240;83
4241;83
4242;83
4243;83
4244;83
4245;83
4246;83
4247;83
4248;83
4249;83
4250;83
4251;83
4252;83
4253;83
4254;83
4255;83
4256;83
4257;83
4258;83
4259;83
4260;83
4261;83
4262;83
4263;83
4264;83
4265;83
4266;83
4267;83
4268;83
4269;83
4270;83
4271;83
4272;83
4273;83
4274;83
4275;83
4276;83
4277;83
4278;83
4279;83
4280;83
4281;83
4282;83
4283;83
4284;83
4285;83
4286;83
4287;83
4288;83
4289;83
4290;83
4291;83
4292;83
4293;83
4294;83
4295;83
4296;83
4297;83
4298;83
4299;83
4300;83
4301;83
4302;83
4303;83
4304;83
4305;83
4306;83
4307;83
4308;83
4309;83
4310;83
4311;83
4312;83
4313;83
4314;83
4315;83
4316;83
4317;83
4318;83
4319;83
4320;83
4321;83
4322;83
4323;83
4324;83
4325;83
4326;83
4327;83
4328;83
4329;83
4330;83
4331;83
4332;83
4333;83
4334;83
4335;83
4336;83
4337;83
4338;83
4339;83
4340;83
4341;83
4342;83
4343;83
4344;83
4345;83
4346;83
4347;83
4348;83
4349;83
4350;83
4351;83
4352;83
4353;83
4354;83
4355;83
4356;83
4357;83
4358;83
4359;83
4360;83
4361;83
4362;83
4363;83
4364;83
4365;83
4366;83
4367;83
4368;83
4369;83
4370;83
4371;83
4372;83
4373;83
4374;83
4375;83
4376;83
4377;83
4378;83
4379;83
4380;83
4381;83
4382;83
4383;83
4384;83
4385;83
4386;83
4387;83
4388;83
4389;83
4390;83
4391;83
4392;83
4393;83
4394;83
4395;83
4396;83
4397;83
4398;83
4399;83
4400;83
4401;83
4402;83
4403;83
4404;83
4405;83
4406;83
4407;83
4408;83
4409;83
4410;83
4411;83
4412;83
4413;83
4414;83
4415;83
4416;83
4417;83
4418;83
4419;83
4420;83
4421;83
4422;83
4423;83
4424;83
4425;83
4426;83
4427;83
4428;83
4429;83
4430;83
4431;83
4432;83
4433;83
4434;83
4435;83
4436;83
4437;83
4438;83
4439;83
4440;83
4441;83
4442;83
4443;83
4444;83
4445;83
4446;83
4447;83
4448;83
4449;83
4450;83
4451;83
4452;83
4453;83
4454;83
4455;83
4456;83
4457;83
4458;83
4459;83
4460;83
4461;83
4462;83
4463;83
4464;83
4465;83
4466;83
4467;83
4468;83
4469;83
4470;83
4471;83
4472;83
4473;83
4474;83
4475;83
4476;83
4477;83
4478;83
4479;83
4480;83
4481;83
4482;83
4483;83
4484;83
4485;83
4486;83
4487;83
4488;83
4489;83
4490;83
4491;83
4492;83
4493;83
4494;83
4495;83
4496;83
4497;83
4498;83
4499;83
4500;83
4501;83
4502;83
4503;83
4504;83
4505;83
4506;83
4507;83
4508;83
4509;83
4510;83
4511;83
4512;83
4513;83
4514;83
4515;83
4516;83
4517;83
4518;83
4519;83
4520;83
4521;83
4522;83
4523;83
4524;83
4525;83
4526;83
4527;83
4528;83
4529;83
4530;83
4531;83
4532;83
4533;83
4534;83
4535;83
4536;83
4537;83
4538;83
4539;83
4540;83
4541;83
4542;83
4543;83
4544;83
4545;83
4546;83
4547;83
4548;83
4549;83
4550;83
4551;83
4552;83
4553;83
4554;83
4555;83
4556;83
4557;83
4558;83
4559;83
4560;83
4561;83
4562;83
4563;83
4564;83
4565;83
4566;83
4567;83
4568;83
4569;83
4570;83
4571;83
4572;83
4573;83
4574;83
4575;83
4576;83
4577;83
4578;83
4579;83
4580;83
4581;83
4582;83
4583;83
4584;83
4585;83
4586;83
4587;83
4588;83
4589;83
4590;83
4591;83
4592;83
4593;83
4594;83
4595;83
4596;83
4597;83
4598;83
4599;83
4600;83
4601;83
4602;83
4603;83
4604;83
4605;83
4606;83
4607;83
4608;83
4609;83
4610;83
4611;83
4612;83
4613;83
4614;83
4615;83
4616;83
4617;83
4618;83
4619;83
4620;83
4621;83
4622;83
4623;83
4624;83
4625;83
4626;83
4627;83
4628;83
4629;83
4630;83
4631;83
4632;83
4633;83
4634;83
4635;83
4636;83
4637;83
4638;83
4639;83
4640;83
4641;83
4642;83
4643;83
4644;83
4645;83
4646;83
4647;83
4648;83
4649;83
4650;83
4651;83
4652;83
4653;83
4654;83
4655;83
4656;83
4657;83
4658;83
4659;83
4660;83
4661;83
4662;83
4663;83
4664;83
4665;83
4666;83
4667;83
4668;83
4669;83
4670;83
4671;83
4672;83
4673;83
4674;83
4675;83
4676;83
4677;83
4678;83
4679;83
4680;83
4681;83
4682;83
4683;83
4684;83
4685;83
4686;83
4687;83
4688;83
4689;83
4690;83
4691;83
4692;83
4693;83
4694;83
4695;83
4696;83
4697;83
4698;83
4699;83
4700;83
4701;83
4702;83
4703;83
4704;83
4705;83
4706;83
4707;83
4708;83
4709;83
4710;83
4711;83
4712;83
4713;83
4714;83
4715;83
4716;83
4717;83
4718;83
4719;83
4720;83
4721;83
4722;83
4723;83
4724;83
4725;83
4726;83
4727;83
4728;83
4729;83
4730;83
4731;83
4732;83
4733;83
4734;83
4735;83
4736;83
4737;83
4738;83
4739;83
4740;83
4741;83
4742;83
4743;83
4744;83
4745;83
4746;83
4747;83
4748;83
4749;83
4750;83
4751;83
4752;83
4753;83
4754;83
4755;83
4756;83
4757;83
4758;83
4759;83
4760;83
4761;83
4762;83
4763;83
4764;83
4765;83
4766;83
4767;83
4768;83
4769;83
4770;83
4771;83
4772;83
4773;83
4774;83
4775;83
4776;83
4777;83
4778;83
4779;83
4780;83
4781;83
4782;83
4783;83
4784;83
4785;83
4786;83
4787;83
4788;83
4789;83
4790;83
4791;83
4792;83
4793;83
4794;83
4795;83
4796;83
4797;83
4798;83
4799;83
4800;83
4801;83
4802;83
4803;83
4804;83
4805;83
4806;83
4807;83
4808;83
4809;83
4810;83
4811;83
4812;83
4813;83
4814;83
4815;83
4816;83
4817;83
4818;83
4819;83
4820;83
4821;83
4822;83
4823;83
4824;83
4825;83
4826;83
4827;83
4828;83
4829;83
4830;83
4831;83
4832;83
4833;83
4834;83
4835;83
4836;83
4837;83
4838;83
4839;83
4840;83
4841;83
4842;83
4843;83
4844;83
4845;83
4846;83
4847;83
4848;83
4849;83
4850;83
4851;83
4852;83
4853;83
4854;83
4855;83
4856;83
4857;83
4858;83
4859;83
4860;83
4861;83
4862;83
4863;83
4864;83
4865;83
4866;83
4867;83
4868;83
4869;83
4870;83
4871;83
4872;83
4873;83
4874;83
4875;83
4876;83
4877;83
4878;83
4879;83
4880;83
4881;83
4882;83
4883;83
4884;83
4885;83
4886;83
4887;83
4888;83
4889;83
4890;83
4891;83
4892;83
4893;83
4894;83
4895;83
4896;83
4897;83
4898;83
4899;83
4900;83
4901;83
4902;83
4903;83
4904;83
4905;83
4906;83
4907;83
4908;83
4909;83
4910;83
4911;83
4912;83
4913;83
4914;83
4915;83
4916;83
4917;83
4918;83
4919;83
4920;83
4921;83
4922;83
4923;83
4924;83
4925;83
4926;83
4927;83
4928;83
4929;83
4930;83
4931;83
4932;83
4933;83
4934;83
4935;83
4936;83
4937;83
4938;83
4939;83
4940;83
4941;83
4942;83
4943;83
4944;83
4945;83
4946;83
4947;83
4948;83
4949;83
4950;83
4951;83
4952;83
4953;83
4954;83
4955;83
4956;83
4957;83
4958;83
4959;83
4960;83
4961;83
4962;83
4963;83
4964;83
4965;83
4966;83
4967;83
4968;83
4969;83
4970;83
4971;83
4972;83
4973;83
4974;83
4975;83
4976;83
4977;83
4978;83
4979;83
4980;83
4981;83
4982;83
4983;83
4984;83
4985;83
4986;83
4987;83
4988;83
4989;83
4990;83
4991;83
4992;83
4993;83
4994;83
4995;83
4996;83
4997;83
4998;83
4999;83
5000;83
5001;83
5002;83
5003;83
5004;83
5005;83
5006;83
5007;83
5008;83
5009;83
5010;83
5011;83
5012;83
5013;83
5014;83
5015;83
5016;83
5017;83
5018;83
5019;83
5020;83
5021;83
5022;83
5023;83
5024;83
5025;83
5026;83
5027;83
5028;83
5029;83
5030;83
5031;83
5032;83
5033;83
5034;83
5035;83
5036;83
5037;83
5038;83
5039;83
5040;83
5041;83
5042;83
5043;83
5044;83
5045;83
5046;83
5047;83
5048;83
5049;83
5050;83
5051;83
5052;83
5053;83
5054;83
5055;83
5056;83
5057;83
5058;83
5059;83
5060;83
5061;83
5062;83
5063;83
5064;83
5065;83
5066;83
5067;83
5068;83
5069;83
5070;83
5071;83
5072;83
5073;83
5074;83
5075;83
5076;83
5077;83
5078;83
5079;83
5080;83
5081;83
5082;83
5083;83
5084;83
5085;83
5086;83
5087;83
5088;83
5089;83
5090;83
5091;83
5092;83
5093;83
5094;83
5095;83
5096;83
5097;83
5098;83
5099;83
5100;83
5101;83
5102;83
5103;83
5104;83
5105;83
5106;83
5107;83
5108;83
5109;83
5110;83
5111;83
5112;83
5113;83
5114;83
5115;83
5116;83
5117;83
5118;83
5119;83
5120;83
5121;83
5122;83
5123;83
5124;83
5125;83
5126;83
5127;83
5128;83
5129;83
5130;83
5131;83
5132;83
5133;83
5134;83
5135;83
5136;83
5137;83
5138;83
5139;83
5140;83
5141;83
5142;83
5143;83
5144;83
5145;83
5146;83
5147;83
5148;83
5149;83
5150;83
5151;83
5152;83
5153;83
5154;83
5155;83
5156;83
5157;83
5158;83
5159;83
5160;83
5161;83
5162;83
5163;83
5164;83
5165;83
5166;83
5167;83
5168;83
5169;83
5170;83
5171;83
5172;83
5173;83
5174;83
5175;83
5176;83
5177;83
5178;83
5179;83
5180;83
5181;83
5182;83
5183;83
5184;83
5185;83
5186;83
5187;83
5188;83
5189;83
5190;83
5191;83
5192;83
5193;83
5194;83
5195;83
5196;83
5197;83
5198;83
5199;83
5200;83
5201;83
5202;83
5203;83
5204;83
5205;83
5206;83
5207;83
5208;83
5209;83
5210;83
5211;83
5212;83
5213;83
5214;83
5215;83
5216;83
5217;83
5218;83
5219;83
5220;83
5221;83
5222;83
5223;83
5224;83
5225;83
5226;83
5227;83
5228;83
5229;83
5230;83
5231;83
5232;83
5233;83
5234;83
5235;83
5236;83
5237;83
5238;83
5239;83
5240;83
5241;83
5242;83
5243;83
5244;83
5245;83
5246;83
5247;83
5248;83
5249;83
5250;83
5251;83
5252;83
5253;83
5254;83
5255;83
5256;83
5257;83
5258;83
5259;83
5260;83
5261;83
5262;83
5263;83
5264;83
5265;83
5266;83
5267;83
5268;83
5269;83
5270;83
5271;83
5272;83
5273;83
5274;83
5275;83
5276;83
5277;83
5278;83
5279;83
5280;83
5281;83
5282;83
5283;83
5284;83
5285;83
5286;83
5287;83
5288;83
5289;83
5290;83
5291;83
5292;83
5293;83
5294;83
5295;83
5296;83
5297;83
5298;83
5299;83
5300;83
5301;83
5302;83
5303;83
5304;83
5305;83
5306;83
5307;83
5308;83
5309;83
5310;83
5311;83
5312;83
5313;83
5314;83
5315;83
5316;83
5317;83
5318;83
5319;83
5320;83
5321;83
5322;83
5323;83
5324;83
5325;83
5326;83
5327;83
5328;83
5329;83
5330;83
5331;83
5332;83
5333;83
5334;83
5335;83
5336;83
5337;83
5338;83
5339;83
5340;83
5341;83
5342;83
5343;83
5344;83
5345;83
5346;83
5347;83
5348;83
5349;83
5350;83
5351;83
5352;83
5353;83
5354;83
5355;83
5356;83
5357;83
5358;83
5359;83
5360;83
5361;83
5362;83
5363;83
5364;83
5365;83
5366;83
5367;83
5368;83
5369;83
5370;83
5371;83
5372;83
5373;83
5374;83
5375;83
5376;83
5377;83
5378;83
5379;83
5380;83
5381;83
5382;83
5383;83
5384;83
5385;83
5386;83
5387;83
5388;83
5389;83
5390;83
5391;83
5392;83
5393;83
5394;83
5395;83
5396;83
5397;83
5398;83
5399;83
5400;83
5401;83
5402;83
5403;83
5404;83
5405;83
5406;83
5407;83
5408;83
5409;83
5410;83
5411;83
5412;83
5413;83
5414;83
5415;83
5416;83
5417;83
5418;83
5419;83
5420;83
5421;83
5422;83
5423;83
5424;83
5425;83
5426;83
5427;83
5428;83
5429;83
5430;83
5431;83
5432;83
5433;83
5434;83
5435;83
5436;83
5437;83
5438;83
5439;83
5440;83
5441;83
5442;83
5443;83
5444;83
5445;83
5446;83
5447;83
5448;83
5449;83
5450;83
5451;83
5452;83
5453;83
5454;83
5455;83
5456;83
5457;83
5458;83
5459;83
5460;83
5461;83
5462;83
5463;83
5464;83
5465;83
5466;83
5467;83
5468;83
5469;83
5470;83
5471;83
5472;83
5473;83
5474;83
5475;83
5476;83
5477;83
5478;83
5479;83
5480;83
5481;83
5482;83
5483;83
5484;83
5485;83
5486;83
5487;83
5488;83
5489;83
5490;83
5491;83
5492;83
5493;83
5494;83
5495;83
5496;83
5497;83
5498;83
5499;83
5500;83
5501;83
5502;83
5503;83
5504;83
5505;83
5506;83
5507;83
5508;83
5509;83
5510;83
5511;83
5512;83
5513;83
5514;83
5515;83
5516;83
5517;83
5518;83
5519;83
5520;83
5521;83
5522;83
5523;83
5524;83
5525;83
5526;83
5527;83
5528;83
5529;83
5530;83
5531;83
5532;83
5533;83
5534;83
5535;83
5536;83
5537;83
5538;83
5539;83
5540;83
5541;83
5542;83
5543;83
5544;83
5545;83
5546;83
5547;83
5548;83
5549;83
5550;83
5551;83
5552;83
5553;83
5554;83
5555;83
5556;83
5557;83
5558;83
5559;83
5560;83
5561;83
5562;83
5563;83
5564;83
5565;83
5566;83
5567;83
5568;83
5569;83
5570;83
5571;83
5572;83
5573;83
5574;83
5575;83
5576;83
5577;83
5578;83
5579;83
5580;83
5581;83
5582;83
5583;83
5584;83
5585;83
5586;83
5587;83
5588;83
5589;83
5590;83
5591;83
5592;83
5593;83
5594;83
5595;83
5596;83
5597;83
5598;83
5599;83
5600;83
5601;83
5602;83
5603;83
5604;83
5605;83
5606;83
5607;83
5608;83
5609;83
5610;83
5611;83
5612;83
5613;83
5614;83
5615;83
5616;83
5617;83
5618;83
5619;83
5620;83
5621;83
5622;83
5623;83
5624;83
5625;83
5626;83
5627;83
5628;83
5629;83
5630;83
5631;83
5632;83
5633;83
5634;83
5635;83
5636;83
5637;83
5638;83
5639;83
5640;83
5641;83
5642;83
5643;83
5644;83
5645;83
5646;83
5647;83
5648;83
5649;83
5650;83
5651;83
5652;83
5653;83
5654;83
5655;83
5656;83
5657;83
5658;83
5659;83
5660;83
5661;83
5662;83
5663;83
5664;83
5665;83
5666;83
5667;83
5668;83
5669;83
5670;83
5671;83
5672;83
5673;83
5674;83
5675;83
5676;83
5677;83
5678;83
5679;83
5680;83
5681;83
5682;83
5683;83
5684;83
5685;83
5686;83
5687;83
5688;83
5689;83
5690;83
5691;83
5692;83
5693;83
5694;83
5695;83
5696;83
5697;83
5698;83
5699;83
5700;83
5701;83
5702;83
5703;83
5704;83
5705;83
5706;83
5707;83
5708;83
5709;83
5710;83
5711;83
5712;83
5713;83
5714;83
5715;83
5716;83
5717;83
5718;83
5719;83
5720;83
5721;83
5722;83
5723;83
5724;83
5725;83
5726;83
5727;83
5728;83
5729;83
5730;83
5731;83
5732;83
5733;83
5734;83
5735;83
5736;83
5737;83
5738;83
5739;83
5740;83
5741;83
5742;83
5743;83
5744;83
5745;83
5746;83
5747;83
5748;83
5749;83
5750;83
5751;83
5752;83
5753;83
5754;83
5755;83
5756;83
5757;83
5758;83
5759;83
5760;83
5761;83
5762;83
5763;83
5764;83
5765;83
5766;83
5767;83
5768;83
5769;83
5770;83
5771;83
5772;83
5773;83
5774;83
5775;83
5776;83
5777;83
5778;83
5779;83
5780;83
5781;83
5782;83
5783;83
5784;83
5785;83
5786;83
5787;83
5788;83
5789;83
5790;83
5791;83
5792;83
5793;83
5794;83
5795;83
5796;83
5797;83
5798;83
5799;83
5800;83
5801;83
5802;83
5803;83
5804;83
5805;83
5806;83
5807;83
5808;83
5809;83
5810;83
5811;83
5812;83
5813;83
5814;83
5815;83
5816;83
5817;83
5818;83
5819;83
5820;83
5821;83
5822;83
5823;83
5824;83
5825;83
5826;83
5827;83
5828;83
5829;83
5830;83
5831;83
5832;83
5833;83
5834;83
5835;83
5836;83
5837;83
5838;83
5839;83
5840;83
5841;83
5842;83
5843;83
5844;83
5845;83
5846;83
5847;83
5848;83
5849;83
5850;83
5851;83
5852;83
5853;83
5854;83
5855;83
5856;83
5857;83
5858;83
5859;83
5860;83
5861;83
5862;83
5863;83
5864;83
5865;83
5866;83
5867;83
5868;83
5869;83
5870;83
5871;83
5872;83
5873;83
5874;83
5875;83
5876;83
5877;83
5878;83
5879;83
5880;83
5881;83
5882;83
5883;83
5884;83
5885;83
5886;83
5887;83
5888;83
5889;83
5890;83
5891;83
5892;83
5893;83
5894;83
5895;83
5896;83
5897;83
5898;83
5899;83
5900;83
5901;83
5902;83
5903;83
5904;83
5905;83
5906;83
5907;83
5908;83
5909;83
5910;83
5911;83
5912;83
5913;83
5914;83
5915;83
5916;83
5917;83
5918;83
5919;83
5920;83
5921;83
5922;83
5923;83
5924;83
5925;83
5926;83
5927;83
5928;83
5929;83
5930;83
5931;83
5932;83
5933;83
5934;83
5935;83
5936;83
5937;83
5938;83
5939;83
5940;83
5941;83
5942;83
5943;83
5944;83
5945;83
5946;83
5947;83
5948;83
5949;83
5950;83
5951;83
5952;83
5953;83
5954;83
5955;83
5956;83
5957;83
5958;83
5959;83
5960;83
5961;83
5962;83
5963;83
5964;83
5965;83
5966;83
5967;83
5968;83
5969;83
5970;83
5971;83
5972;83
5973;83
5974;83
5975;83
5976;83
5977;83
5978;83
5979;83
5980;83
5981;83
5982;83
5983;83
5984;83
5985;83
5986;83
5987;83
5988;83
5989;83
5990;83
5991;83
5992;83
5993;83
5994;83
5995;83
5996;83
5997;83
5998;83
5999;83
6000;83
6001;83
6002;83
6003;83
6004;83
6005;83
6006;83
6007;83
6008;83
6009;83
6010;83
6011;83
6012;83
6013;83
6014;83
6015;83
6016;83
6017;83
6018;83
6019;83
6020;83
6021;83
6022;83
6023;83
6024;83
6025;83
6026;83
6027;83
6028;83
6029;83
6030;83
6031;83
6032;83
6033;83
6034;83
6035;83
6036;83
6037;83
6038;83
6039;83
6040;83
6041;83
6042;83
6043;83
6044;83
6045;83
6046;83
6047;83
6048;83
6049;83
6050;83
6051;83
6052;83
6053;83
6054;83
6055;83
6056;83
6057;83
6058;83
6059;83
6060;83
6061;83
6062;83
6063;83
6064;83
6065;83
6066;83
6067;83
6068;83
6069;83
6070;83
6071;83
6072;83
6073;83
6074;83
6075;83
6076;83
6077;83
6078;83
6079;83
6080;83
6081;83
6082;83
6083;83
6084;83
6085;83
6086;83
6087;83
6088;83
6089;83
6090;83
6091;83
6092;83
6093;83
6094;83
6095;83
6096;83
6097;83
6098;83
6099;83
6100;83
6101;83
6102;83
6103;83
6104;83
6105;83
6106;83
6107;83
6108;83
6109;83
6110;83
6111;83
6112;83
6113;83
6114;83
6115;83
6116;83
6117;83
6118;83
6119;83
6120;83
6121;83
6122;83
6123;83
6124;83
6125;83
6126;83
6127;83
6128;83
6129;83
6130;83
6131;83
6132;83
6133;83
6134;83
6135;83
6136;83
6137;83
6138;83
6139;83
6140;83
6141;83
6142;83
6143;83
6144;83
6145;83
6146;83
6147;83
6148;83
6149;83
6150;83
6151;83
6152;83
6153;83
6154;83
6155;83
6156;83
6157;83
6158;83
6159;83
6160;83
6161;83
6162;83
6163;83
6164;83
6165;83
6166;83
6167;83
6168;83
6169;83
6170;83
6171;83
6172;83
6173;83
6174;83
6175;83
6176;83
6177;83
6178;83
6179;83
6180;83
6181;83
6182;83
6183;83
6184;83
6185;83
6186;83
6187;83
6188;83
6189;83
6190;83
6191;83
6192;83
6193;83
6194;83
6195;83
6196;83
6197;83
6198;83
6199;83
6200;83
6201;83
6202;83
6203;83
6204;83
6205;83
6206;83
6207;83
6208;83
6209;83
6210;83
6211;83
6212;83
6213;83
6214;83
6215;83
6216;83
6217;83
6218;83
6219;83
6220;83
6221;83
6222;83
6223;83
6224;83
6225;83
6226;83
6227;83
6228;83
6229;83
6230;83
6231;83
6232;83
6233;83
6234;83
6235;83
6236;83
6237;83
6238;83
6239;83
6240;83
6241;83
6242;83
6243;83
6244;83
6245;83
6246;83
6247;83
6248;83
6249;83
6250;83
6251;83
6252;83
6253;83
6254;83
6255;83
6256;83
6257;83
6258;83
6259;83
6260;83
6261;83
6262;83
6263;83
6264;83
6265;83
6266;83
6267;83
6268;83
6269;83
6270;83
6271;83
6272;83
6273;83
6274;83
6275;83
6276;83
6277;83
6278;83
6279;83
6280;83
6281;83
6282;83
6283;83
6284;83
6285;83
6286;83
6287;83
6288;83
6289;83
6290;83
6291;83
6292;83
6293;83
6294;83
6295;83
6296;83
6297;83
6298;83
6299;83
6300;83
6301;83
6302;83
6303;83
6304;83
6305;83
6306;83
6307;83
6308;83
6309;83
6310;83
6311;83
6312;83
6313;83
6314;83
6315;83
6316;83
6317;83
6318;83
6319;83
6320;83
6321;83
6322;83
6323;83
6324;83
6325;83
6326;83
6327;83
6328;83
6329;83
6330;83
6331;83
6332;83
6333;83
6334;83
6335;83
6336;83
6337;83
6338;83
6339;83
6340;83
6341;83
6342;83
6343;83
6344;83
6345;83
6346;83
6347;83
6348;83
6349;83
6350;83
6351;83
6352;83
6353;83
6354;83
6355;83
6356;83
6357;83
6358;83
6359;83
6360;83
6361;83
6362;83
6363;83
6364;83
6365;83
6366;83
6367;83
6368;83
6369;83
6370;83
6371;83
6372;83
6373;83
6374;83
6375;83
6376;83
6377;83
6378;83
6379;83
6380;83
6381;83
6382;83
6383;83
6384;83
6385;83
6386;83
6387;83
6388;83
6389;83
6390;83
6391;83
6392;83
6393;83
6394;83
6395;83
6396;83
6397;83
6398;83
6399;83
6400;83
6401;83
6402;83
6403;83
6404;83
6405;83
6406;83
6407;83
6408;83
6409;83
6410;83
6411;83
6412;83
6413;83
6414;83
6415;83
6416;83
6417;83
6418;83
6419;83
6420;83
6421;83
6422;83
6423;83
6424;83
6425;83
6426;83
6427;83
6428;83
6429;83
6430;83
6431;83
6432;83
6433;83
6434;83
6435;83
6436;83
6437;83
6438;83
6439;83
6440;83
6441;83
6442;83
6443;83
6444;83
6445;83
6446;83
6447;83
6448;83
6449;83
6450;83
6451;83
6452;83
6453;83
6454;83
6455;83
6456;83
6457;83
6458;83
6459;83
6460;83
6461;83
6462;83
6463;83
6464;83
6465;83
6466;83
6467;83
6468;83
6469;83
6470;83
6471;83
6472;83
6473;83
6474;83
6475;83
6476;83
6477;83
6478;83
6479;83
6480;83
6481;83
6482;83
6483;83
6484;83
6485;83
6486;83
6487;83
6488;83
6489;83
6490;83
6491;83
6492;83
6493;83
6494;83
6495;83
6496;83
6497;83
6498;83
6499;83
6500;83
6501;83
6502;83
6503;83
6504;83
6505;83
6506;83
6507;83
6508;83
6509;83
6510;83
6511;83
6512;83
6513;83
6514;83
6515;83
6516;83
6517;83
6518;83
6519;83
6520;83
6521;83
6522;83
6523;83
6524;83
6525;83
6526;83
6527;83
6528;83
6529;83
6530;83
6531;83
6532;83
6533;83
6534;83
6535;83
6536;83
6537;83
6538;83
6539;83
6540;83
6541;83
6542;83
6543;83
6544;83
6545;83
6546;83
6547;83
6548;83
6549;83
6550;83
6551;83
6552;83
6553;83
6554;83
6555;83
6556;83
6557;83
6558;83
6559;83
6560;83
6561;83
6562;83
6563;83
6564;83
6565;83
6566;83
6567;83
6568;83
6569;83
6570;83
6571;83
6572;83
6573;83
6574;83
6575;83
6576;83
6577;83
6578;83
6579;83
6580;83
6581;83
6582;83
6583;83
6584;83
6585;83
6586;83
6587;83
6588;83
6589;83
6590;83
6591;83
6592;83
6593;83
6594;83
6595;83
6596;83
6597;83
6598;83
6599;83
6600;83
6601;83
6602;83
6603;83
6604;83
6605;83
6606;83
6607;83
6608;83
6609;83
6610;83
6611;83
6612;83
6613;83
6614;83
6615;83
6616;83
6617;83
6618;83
6619;83
6620;83
6621;83
6622;83
6623;83
6624;83
6625;83
6626;83
6627;83
6628;83
6629;83
6630;83
6631;83
6632;83
6633;83
6634;83
6635;83
6636;83
6637;83
6638;83
6639;83
6640;83
6641;83
6642;83
6643;83
6644;83
6645;83
6646;83
6647;83
6648;83
6649;83
6650;83
6651;83
6652;83
6653;83
6654;83
6655;83
6656;83
6657;83
6658;83
6659;83
6660;83
6661;83
6662;83
6663;83
6664;83
6665;83
6666;83
6667;83
6668;83
6669;83
6670;83
6671;83
6672;83
6673;83
6674;83
6675;83
6676;83
6677;83
6678;83
6679;83
6680;83
6681;83
6682;83
6683;83
6684;83
6685;83
6686;83
6687;83
6688;83
6689;83
6690;83
6691;83
6692;83
6693;83
6694;83
6695;83
6696;83
6697;83
6698;83
6699;83
6700;83
6701;83
6702;83
6703;83
6704;83
6705;83
6706;83
6707;83
6708;83
6709;83
6710;83
6711;83
6712;83
6713;83
6714;83
6715;83
6716;83
6717;83
6718;83
6719;83
6720;83
6721;83
6722;83
6723;83
6724;83
6725;83
6726;83
6727;83
6728;83
6729;83
6730;83
6731;83
6732;83
6733;83
6734;83
6735;83
6736;83
6737;83
6738;83
6739;83
6740;83
6741;83
6742;83
6743;83
6744;83
6745;83
6746;83
6747;83
6748;83
6749;83
6750;83
6751;83
6752;83
6753;83
6754;83
6755;83
6756;83
6757;83
6758;83
6759;83
6760;83
6761;83
6762;83
6763;83
6764;83
6765;83
6766;83
6767;83
6768;83
6769;83
6770;83
6771;83
6772;83
6773;83
6774;83
6775;83
6776;83
6777;83
6778;83
6779;83
6780;83
6781;83
6782;83
6783;83
6784;83
6785;83
6786;83
6787;83
6788;83
6789;83
6790;83
6791;83
6792;83
6793;83
6794;83
6795;83
6796;83
6797;83
6798;83
6799;83
6800;83
6801;83
6802;83
6803;83
6804;83
6805;83
6806;83
6807;83
6808;83
6809;83
6810;83
6811;83
6812;83
6813;83
6814;83
6815;83
6816;83
6817;83
6818;83
6819;83
6820;83
6821;83
6822;83
6823;83
6824;83
6825;83
6826;83
6827;83
6828;83
6829;83
6830;83
6831;83
6832;83
6833;83
6834;83
6835;83
6836;83
6837;83
6838;83
6839;83
6840;83
6841;83
6842;83
6843;83
6844;83
6845;83
6846;83
6847;83
6848;83
6849;83
6850;83
6851;83
6852;83
6853;83
6854;83
6855;83
6856;83
6857;83
6858;83
6859;83
6860;83
6861;83
6862;83
6863;83
6864;83
6865;83
6866;83
6867;83
6868;83
6869;83
6870;83
6871;83
6872;83
6873;83
6874;83
6875;83
6876;83
6877;83
6878;83
6879;83
6880;83
6881;83
6882;83
6883;83
6884;83
6885;83
6886;83
6887;83
6888;83
6889;83
6890;83
6891;83
6892;83
6893;83
6894;83
6895;83
6896;83
6897;83
6898;83
6899;83
6900;83
6901;83
6902;83
6903;83
6904;83
6905;83
6906;83
6907;83
6908;83
6909;83
6910;83
6911;83
6912;83
6913;83
6914;83
6915;83
6916;83
6917;83
6918;83
6919;83
6920;83
6921;83
6922;83
6923;83
6924;83
6925;83
6926;83
6927;83
6928;83
6929;83
6930;83
6931;83
6932;83
6933;83
6934;83
6935;83
6936;83
6937;83
6938;83
6939;83
6940;83
6941;83
6942;83
6943;83
6944;83
6945;83
6946;83
6947;83
6948;83
6949;83
6950;83
6951;83
6952;83
6953;83
6954;83
6955;83
6956;83
6957;83
6958;83
6959;83
6960;83
6961;83
6962;83
6963;83
6964;83
6965;83
6966;83
6967;83
6968;83
6969;83
6970;83
6971;83
6972;83
6973;83
6974;83
6975;83
6976;83
6977;83
6978;83
6979;83
6980;83
6981;83
6982;83
6983;83
6984;83
6985;83
6986;83
6987;83
6988;83
6989;83
6990;83
6991;83
6992;83
6993;83
6994;83
6995;83
6996;83
6997;83
6998;83
6999;83
7000;83
7001;83
7002;83
7003;83
7004;83
7005;83
7006;83
7007;83
7008;83
7009;83
7010;83
7011;83
7012;83
7013;83
7014;83
7015;83
7016;83
7017;83
7018;83
7019;83
7020;83
7021;83
7022;83
7023;83
7024;83
7025;83
7026;83
7027;83
7028;83
7029;83
7030;83
7031;83
7032;83
7033;83
7034;83
7035;83
7036;83
7037;83
7038;83
7039;83
7040;83
7041;83
7042;83
7043;83
7044;83
7045;83
7046;83
7047;83
7048;83
7049;83
7050;83
7051;83
7052;83
7053;83
7054;83
7055;83
7056;83
7057;83
7058;83
7059;83
7060;83
7061;83
7062;83
7063;83
7064;83
7065;83
7066;83
7067;83
7068;83
7069;83
7070;83
7071;83
7072;83
7073;83
7074;83
7075;83
7076;83
7077;83
7078;83
7079;83
7080;83
7081;83
7082;83
7083;83
7084;83
7085;83
7086;83
7087;83
7088;83
7089;83
7090;83
7091;83
7092;83
7093;83
7094;83
7095;83
7096;83
7097;83
7098;83
7099;83
7100;83
7101;83
7102;83
7103;83
7104;83
7105;83
7106;83
7107;83
7108;83
7109;83
7110;83
7111;83
7112;83
7113;83
7114;83
7115;83
7116;83
7117;83
7118;83
7119;83
7120;83
7121;83
7122;83
7123;83
7124;83
7125;83
7126;83
7127;83
7128;83
7129;83
7130;83
7131;83
7132;83
7133;83
7134;83
7135;83
7136;83
7137;83
7138;83
7139;83
7140;83
7141;83
7142;83
7143;83
7144;83
7145;83
7146;83
7147;83
7148;83
7149;83
7150;83
7151;83
7152;83
7153;83
7154;83
7155;83
7156;83
7157;83
7158;83
7159;83
7160;83
7161;83
7162;83
7163;83
7164;83
7165;83
7166;83
7167;83
7168;83
7169;83
7170;83
7171;83
7172;83
7173;83
7174;83
7175;83
7176;83
7177;83
7178;83
7179;83
7180;83
7181;83
7182;83
7183;83
7184;83
7185;83
7186;83
7187;83
7188;83
7189;83
7190;83
7191;83
7192;83
7193;83
7194;83
7195;83
7196;83
7197;83
7198;83
7199;83
7200;83
7201;83
7202;83
7203;83
7204;83
7205;83
7206;83
7207;83
7208;83
7209;83
7210;83
7211;83
7212;83
7213;83
7214;83
7215;83
7216;83
7217;83
7218;83
7219;83
7220;83
7221;83
7222;83
7223;83
7224;83
7225;83
7226;83
7227;83
7228;83
7229;83
7230;83
7231;83
7232;83
7233;83
7234;83
7235;83
7236;83
7237;83
7238;83
7239;83
7240;83
7241;83
7242;83
7243;83
7244;83
7245;83
7246;83
7247;83
7248;83
7249;83
7250;83
7251;83
7252;83
7253;83
7254;83
7255;83
7256;83
7257;83
7258;83
7259;83
7260;83
7261;83
7262;83
7263;83
7264;83
7265;83
7266;83
7267;83
7268;83
7269;83
7270;83
7271;83
7272;83
7273;83
7274;83
7275;83
7276;83
7277;83
7278;83
7279;83
7280;83
7281;83
7282;83
7283;83
7284;83
7285;83
7286;83
7287;83
7288;83
7289;83
7290;83
7291;83
7292;83
7293;83
7294;83
7295;83
7296;83
7297;83
7298;83
7299;83
7300;83
7301;83
7302;83
7303;83
7304;83
7305;83
7306;83
7307;83
7308;83
7309;83
7310;83
7311;83
7312;83
7313;83
7314;83
7315;83
7316;83
7317;83
7318;83
7319;83
7320;83
7321;83
7322;83
7323;83
7324;83
7325;83
7326;83
7327;83
7328;83
7329;83
7330;83
7331;83
7332;83
7333;83
7334;83
7335;83
7336;83
7337;83
7338;83
7339;83
7340;83
7341;83
7342;83
7343;83
7344;83
7345;83
7346;83
7347;83
7348;83
7349;83
7350;83
7351;83
7352;83
7353;83
7354;83
7355;83
7356;83
7357;83
7358;83
7359;83
7360;83
7361;83
7362;83
7363;83
7364;83
7365;83
7366;83
7367;83
7368;83
7369;83
7370;83
7371;83
7372;83
7373;83
7374;83
7375;83
7376;83
7377;83
7378;83
7379;83
7380;83
7381;83
7382;83
7383;83
7384;83
7385;83
7386;83
7387;83
7388;83
7389;83
7390;83
7391;83
7392;83
7393;83
7394;83
7395;83
7396;83
7397;83
7398;83
7399;83
7400;83
7401;83
7402;83
7403;83
7404;83
7405;83
7406;83
7407;83
7408;83
7409;83
7410;83
7411;83
7412;83
7413;83
7414;83
7415;83
7416;83
7417;83
7418;83
7419;83
7420;83
7421;83
7422;83
7423;83
7424;83
7425;83
7426;83
7427;83
7428;83
7429;83
7430;83
7431;83
7432;83
7433;83
7434;83
7435;83
7436;83
7437;83
7438;83
7439;83
7440;83
7441;83
7442;83
7443;83
7444;83
7445;83
7446;83
7447;83
7448;83
7449;83
7450;83
7451;83
7452;83
7453;83
7454;83
7455;83
7456;83
7457;83
7458;83
7459;83
7460;83
7461;83
7462;83
7463;83
7464;83
7465;83
7466;83
7467;83
7468;83
7469;83
7470;83
7471;83
7472;83
7473;83
7474;83
7475;83
7476;83
7477;83
7478;83
7479;83
7480;83
7481;83
7482;83
7483;83
7484;83
7485;83
7486;83
7487;83
7488;83
7489;83
7490;83
7491;83
7492;83
7493;83
7494;83
7495;83
7496;83
7497;83
7498;83
7499;83
7500;83
7501;83
7502;83
7503;83
7504;83
7505;83
7506;83
7507;83
7508;83
7509;83
7510;83
7511;83
7512;83
7513;83
7514;83
7515;83
7516;83
7517;83
7518;83
7519;83
7520;83
7521;83
7522;83
7523;83
7524;83
7525;83
7526;83
7527;83
7528;83
7529;83
7530;83
7531;83
7532;83
7533;83
7534;83
7535;83
7536;83
7537;83
7538;83
7539;83
7540;83
7541;83
7542;83
7543;83
7544;83
7545;83
7546;83
7547;83
7548;83
7549;83
7550;83
7551;83
7552;83
7553;83
7554;83
7555;83
7556;83
7557;83
7558;83
7559;83
7560;83
7561;83
7562;83
7563;83
7564;83
7565;83
7566;83
7567;83
7568;83
7569;83
7570;83
7571;83
7572;83
7573;83
7574;83
7575;83
7576;83
7577;83
7578;83
7579;83
7580;83
7581;83
7582;83
7583;83
7584;83
7585;83
7586;83
7587;83
7588;83
7589;83
7590;83
7591;83
7592;83
7593;83
7594;83
7595;83
7596;83
7597;83
7598;83
7599;83
7600;83
7601;83
7602;83
7603;83
7604;83
7605;83
7606;83
7607;83
7608;83
7609;83
7610;83
7611;83
7612;83
7613;83
7614;83
7615;83
7616;83
7617;83
7618;83
7619;83
7620;83
7621;83
7622;83
7623;83
7624;83
7625;83
7626;83
7627;83
7628;83
7629;83
7630;83
7631;83
7632;83
7633;83
7634;83
7635;83
7636;83
7637;83
7638;83
7639;83
7640;83
7641;83
7642;83
7643;83
7644;83
7645;83
7646;83
7647;83
7648;83
7649;83
7650;83
7651;83
7652;83
7653;83
7654;83
7655;83
7656;83
7657;83
7658;83
7659;83
7660;83
7661;83
7662;83
7663;83
7664;83
7665;83
7666;83
7667;83
7668;83
7669;83
7670;83
7671;83
7672;83
7673;83
7674;83
7675;83
7676;83
7677;83
7678;83
7679;83
7680;83
7681;83
7682;83
7683;83
7684;83
7685;83
7686;83
7687;83
7688;83
7689;83
7690;83
7691;83
7692;83
7693;83
7694;83
7695;83
7696;83
7697;83
7698;83
7699;83
7700;83
7701;83
7702;83
7703;83
7704;83
7705;83
7706;83
7707;83
7708;83
7709;83
7710;83
7711;83
7712;83
7713;83
7714;83
7715;83
7716;83
7717;83
7718;83
7719;83
7720;83
7721;83
7722;83
7723;83
7724;83
7725;83
7726;83
7727;83
7728;83
7729;83
7730;83
7731;83
7732;83
7733;83
7734;83
7735;83
7736;83
7737;83
7738;83
7739;83
7740;83
7741;83
7742;83
7743;83
7744;83
7745;83
7746;83
7747;83
7748;83
7749;83
7750;83
7751;83
7752;83
7753;83
7754;83
7755;83
7756;83
7757;83
7758;83
7759;83
7760;83
7761;83
7762;83
7763;83
7764;83
7765;83
7766;83
7767;83
7768;83
7769;83
7770;83
7771;83
7772;83
7773;83
7774;83
7775;83
7776;83
7777;83
7778;83
7779;83
7780;83
7781;83
7782;83
7783;83
7784;83
7785;83
7786;83
7787;83
7788;83
7789;83
7790;83
7791;83
7792;83
7793;83
7794;83
7795;83
7796;83
7797;83
7798;83
7799;83
7800;83
7801;83
7802;83
7803;83
7804;83
7805;83
7806;83
7807;83
7808;83
7809;83
7810;83
7811;83
7812;83
7813;83
7814;83
7815;83
7816;83
7817;83
7818;83
7819;83
7820;83
7821;83
7822;83
7823;83
7824;83
7825;83
7826;83
7827;83
7828;83
7829;83
7830;83
7831;83
7832;83
7833;83
7834;83
7835;83
7836;83
7837;83
7838;83
7839;83
7840;83
7841;83
7842;83
7843;83
7844;83
7845;83
7846;83
7847;83
7848;83
7849;83
7850;83
7851;83
7852;83
7853;83
7854;83
7855;83
7856;83
7857;83
7858;83
7859;83
7860;83
7861;83
7862;83
7863;83
7864;83
7865;83
7866;83
7867;83
7868;83
7869;83
7870;83
7871;83
7872;83
7873;83
7874;83
7875;83
7876;83
7877;83
7878;83
7879;83
7880;83
7881;83
7882;83
7883;83
7884;83
7885;83
7886;83
7887;83
7888;83
7889;83
7890;83
7891;83
7892;83
7893;83
7894;83
7895;83
7896;83
7897;83
7898;83
7899;83
7900;83
7901;83
7902;83
7903;83
7904;83
7905;83
7906;83
7907;83
7908;83
7909;83
7910;83
7911;83
7912;83
7913;83
7914;83
7915;83
7916;83
7917;83
7918;83
7919;83
7920;83
7921;83
7922;83
7923;83
7924;83
7925;83
7926;83
7927;83
7928;83
7929;83
7930;83
7931;83
7932;83
7933;83
7934;83
7935;83
7936;83
7937;83
7938;83
7939;83
7940;83
7941;83
7942;83
7943;83
7944;83
7945;83
7946;83
7947;83
7948;83
7949;83
7950;83
7951;83
7952;83
7953;83
7954;83
7955;83
7956;83
7957;83
7958;83
7959;83
7960;83
7961;83
7962;83
7963;83
7964;83
7965;83
7966;83
7967;83
7968;83
7969;83
7970;83
7971;83
7972;83
7973;83
7974;83
7975;83
7976;83
7977;83
7978;83
7979;83
7980;83
7981;83
7982;83
7983;83
7984;83
7985;83
7986;83
7987;83
7988;83
7989;83
7990;83
7991;83
7992;83
7993;83
7994;83
7995;83
7996;83
7997;83
7998;83
7999;83
8000;83
8001;83
8002;83
8003;83
8004;83
8005;83
8006;83
8007;83
8008;83
8009;83
8010;83
8011;83
8012;83
8013;83
8014;83
8015;83
8016;83
8017;83
8018;83
8019;83
8020;83
8021;83
8022;83
8023;83
8024;83
8025;83
8026;83
8027;83
8028;83
8029;83
8030;83
8031;83
8032;83
8033;83
8034;83
8035;83
8036;83
8037;83
8038;83
8039;83
8040;83
8041;83
8042;83
8043;83
8044;83
8045;83
8046;83
8047;83
8048;83
8049;83
8050;83
8051;83
8052;83
8053;83
8054;83
8055;83
8056;83
8057;83
8058;83
8059;83
8060;83
8061;83
8062;83
8063;83
8064;83
8065;83
8066;83
8067;83
8068;83
8069;83
8070;83
8071;83
8072;83
8073;83
8074;83
8075;83
8076;83
8077;83
8078;83
8079;83
8080;83
8081;83
8082;83
8083;83
8084;83
8085;83
8086;83
8087;83
8088;83
8089;83
8090;83
8091;83
8092;83
8093;83
8094;83
8095;83
8096;83
8097;83
8098;83
8099;83
8100;83
8101;83
8102;83
8103;83
8104;83
8105;83
8106;83
8107;83
8108;83
8109;83
8110;83
8111;83
8112;83
8113;83
8114;83
8115;83
8116;83
8117;83
8118;83
8119;83
8120;83
8121;83
8122;83
8123;83
8124;83
8125;83
8126;83
8127;83
8128;83
8129;83
8130;83
8131;83
8132;83
8133;83
8134;83
8135;83
8136;83
8137;83
8138;83
8139;83
8140;83
8141;83
8142;83
8143;83
8144;83
8145;83
8146;83
8147;83
8148;83
8149;83
8150;83
8151;83
8152;83
8153;83
8154;83
8155;83
8156;83
8157;83
8158;83
8159;83
8160;83
8161;83
8162;83
8163;83
8164;83
8165;83
8166;83
8167;83
8168;83
8169;83
8170;83
8171;83
8172;83
8173;83
8174;83
8175;83
8176;83
8177;83
8178;83
8179;83
8180;83
8181;83
8182;83
8183;83
8184;83
8185;83
8186;83
8187;83
8188;83
8189;83
8190;83
8191;83
8192;83
8193;83
8194;83
8195;83
8196;83
8197;83
8198;83
8199;83
8200;83
8201;83
8202;83
8203;83
8204;83
8205;83
8206;83
8207;83
8208;83
8209;83
8210;83
8211;83
8212;83
8213;83
8214;83
8215;83
8216;83
8217;83
8218;83
8219;83
8220;83
8221;83
8222;83
8223;83
8224;83
8225;83
8226;83
8227;83
8228;83
8229;83
8230;83
8231;83
8232;83
8233;83
8234;83
8235;83
8236;83
8237;83
8238;83
8239;83
8240;83
8241;83
8242;83
8243;83
8244;83
8245;83
8246;83
8247;83
8248;83
8249;83
8250;83
8251;83
8252;83
8253;83
8254;83
8255;83
8256;83
8257;83
8258;83
8259;83
8260;83
8261;83
8262;83
8263;83
8264;83
8265;83
8266;83
8267;83
8268;83
8269;83
8270;83
8271;83
8272;83
8273;83
8274;83
8275;83
8276;83
8277;83
8278;83
8279;83
8280;83
8281;83
8282;83
8283;83
8284;83
8285;83
8286;83
8287;83
8288;83
8289;83
8290;83
8291;83
8292;83
8293;83
8294;83
8295;83
8296;83
8297;83
8298;83
8299;83
8300;83
8301;83
8302;83
8303;83
8304;83
8305;83
8306;83
8307;83
8308;83
8309;83
8310;83
8311;83
8312;83
8313;83
8314;83
8315;83
8316;83
8317;83
8318;83
8319;83
8320;83
8321;83
8322;83
8323;83
8324;83
8325;83
8326;83
8327;83
8328;83
8329;83
8330;83
8331;83
8332;83
8333;83
8334;83
8335;83
8336;83
8337;83
8338;83
8339;83
8340;83
8341;83
8342;83
8343;83
8344;83
8345;83
8346;83
8347;83
8348;83
8349;83
8350;83
8351;83
8352;83
8353;83
8354;83
8355;83
8356;83
8357;83
8358;83
8359;83
8360;83
8361;83
8362;83
8363;83
8364;83
8365;83
8366;83
8367;83
8368;83
8369;83
8370;83
8371;83
8372;83
8373;83
8374;83
8375;83
8376;83
8377;83
8378;83
8379;83
8380;83
8381;83
8382;83
8383;83
8384;83
8385;83
8386;83
8387;83
8388;83
8389;83
8390;83
8391;83
8392;83
8393;83
8394;83
8395;83
8396;83
8397;83
8398;83
8399;83
8400;83
8401;83
8402;83
8403;83
8404;83
8405;83
8406;83
8407;83
8408;83
8409;83
8410;83
8411;83
8412;83
8413;83
8414;83
8415;83
8416;83
8417;83
8418;83
8419;83
8420;83
8421;83
8422;83
8423;83
8424;83
8425;83
8426;83
8427;83
8428;83
8429;83
8430;83
8431;83
8432;83
8433;83
8434;83
8435;83
8436;83
8437;83
8438;83
8439;83
8440;83
8441;83
8442;83
8443;83
8444;83
8445;83
8446;83
8447;83
8448;83
8449;83
8450;83
8451;83
8452;83
8453;83
8454;83
8455;83
8456;83
8457;83
8458;83
8459;83
8460;83
8461;83
8462;83
8463;83
8464;83
8465;83
8466;83
8467;83
8468;83
8469;83
8470;83
8471;83
8472;83
8473;83
8474;83
8475;83
8476;83
8477;83
8478;83
8479;83
8480;83
8481;83
8482;83
8483;83
8484;83
8485;83
8486;83
8487;83
8488;83
8489;83
8490;83
8491;83
8492;83
8493;83
8494;83
8495;83
8496;83
8497;83
8498;83
8499;83
8500;83
8501;83
8502;83
8503;83
8504;83
8505;83
8506;83
8507;83
8508;83
8509;83
8510;83
8511;83
8512;83
8513;83
8514;83
8515;83
8516;83
8517;83
8518;83
8519;83
8520;83
8521;83
8522;83
8523;83
8524;83
8525;83
8526;83
8527;83
8528;83
8529;83
8530;83
8531;83
8532;83
8533;83
8534;83
8535;83
8536;83
8537;83
8538;83
8539;83
8540;83
8541;83
8542;83
8543;83
8544;83
8545;83
8546;83
8547;83
8548;83
8549;83
8550;83
8551;83
8552;83
8553;83
8554;83
8555;83
8556;83
8557;83
8558;83
8559;83
8560;83
8561;83
8562;83
8563;83
8564;83
8565;83
8566;83
8567;83
8568;83
8569;83
8570;83
8571;83
8572;83
8573;83
8574;83
8575;83
8576;83
8577;83
8578;83
8579;83
8580;83
8581;83
8582;83
8583;83
8584;83
8585;83
8586;83
8587;83
8588;83
8589;83
8590;83
8591;83
8592;83
8593;83
8594;83
8595;83
8596;83
8597;83
8598;83
8599;83
8600;83
8601;83
8602;83
8603;83
8604;83
8605;83
8606;83
8607;83
8608;83
8609;83
8610;83
8611;83
8612;83
8613;83
8614;83
8615;83
8616;83
8617;83
8618;83
8619;83
8620;83
8621;83
8622;83
8623;83
8624;83
8625;83
8626;83
8627;83
8628;83
8629;83
8630;83
8631;83
8632;83
8633;83
8634;83
8635;83
8636;83
8637;83
8638;83
8639;83
8640;83
8641;83
8642;83
8643;83
8644;83
8645;83
8646;83
8647;83
8648;83
8649;83
8650;83
8651;83
8652;83
8653;83
8654;83
8655;83
8656;83
8657;83
8658;83
8659;83
8660;83
8661;83
8662;83
8663;83
8664;83
8665;83
8666;83
8667;83
8668;83
8669;83
8670;83
8671;83
8672;83
8673;83
8674;83
8675;83
8676;83
8677;83
8678;83
8679;83
8680;83
8681;83
8682;83
8683;83
8684;83
8685;83
8686;83
8687;83
8688;83
8689;83
8690;83
8691;83
8692;83
8693;83
8694;83
8695;83
8696;83
8697;83
8698;83
8699;83
8700;83
8701;83
8702;83
8703;83
8704;83
8705;83
8706;83
8707;83
8708;83
8709;83
8710;83
8711;83
8712;83
8713;83
8714;83
8715;83
8716;83
8717;83
8718;83
8719;83
8720;83
8721;83
8722;83
8723;83
8724;83
8725;83
8726;83
8727;83
8728;83
8729;83
8730;83
8731;83
8732;83
8733;83
8734;83
8735;83
8736;83
8737;83
8738;83
8739;83
8740;83
8741;83
8742;83
8743;83
8744;83
8745;83
8746;83
8747;83
8748;83
8749;83
8750;83
8751;83
8752;83
8753;83
8754;83
8755;83
8756;83
8757;83
8758;83
8759;83
8760;83
8761;83
8762;83
8763;83
8764;83
8765;83
8766;83
8767;83
8768;83
8769;83
8770;83
8771;83
8772;83
8773;83
8774;83
8775;83
8776;83
8777;83
8778;83
8779;83
8780;83
8781;83
8782;83
8783;83
8784;83
8785;83
8786;83
8787;83
8788;83
8789;83
8790;83
8791;83
8792;83
8793;83
8794;83
8795;83
8796;83
8797;83
8798;83
8799;83
8800;83
8801;83
8802;83
8803;83
8804;83
8805;83
8806;83
8807;83
8808;83
8809;83
8810;83
8811;83
8812;83
8813;83
8814;83
8815;83
8816;83
8817;83
8818;83
8819;83
8820;83
8821;83
8822;83
8823;83
8824;83
8825;83
8826;83
8827;83
8828;83
8829;83
8830;83
8831;83
8832;83
8833;83
8834;83
8835;83
8836;83
8837;83
8838;83
8839;83
8840;83
8841;83
8842;83
8843;83
8844;83
8845;83
8846;83
8847;83
8848;83
8849;83
8850;83
8851;83
8852;83
8853;83
8854;83
8855;83
8856;83
8857;83
8858;83
8859;83
8860;83
8861;83
8862;83
8863;83
8864;83
8865;83
8866;83
8867;83
8868;83
8869;83
8870;83
8871;83
8872;83
8873;83
8874;83
8875;83
8876;83
8877;83
8878;83
8879;83
8880;83
8881;83
8882;83
8883;83
8884;83
8885;83
8886;83
8887;83
8888;83
8889;83
8890;83
8891;83
8892;83
8893;83
8894;83
8895;83
8896;83
8897;83
8898;83
8899;83
8900;83
8901;83
8902;83
8903;83
8904;83
8905;83
8906;83
8907;83
8908;83
8909;83
8910;83
8911;83
8912;83
8913;83
8914;83
8915;83
8916;83
8917;83
8918;83
8919;83
8920;83
8921;83
8922;83
8923;83
8924;83
8925;83
8926;83
8927;83
8928;83
8929;83
8930;83
8931;83
8932;83
8933;83
8934;83
8935;83
8936;83
8937;83
8938;83
8939;83
8940;83
8941;83
8942;83
8943;83
8944;83
8945;83
8946;83
8947;83
8948;83
8949;83
8950;83
8951;83
8952;83
8953;83
8954;83
8955;83
8956;83
8957;83
8958;83
8959;83
8960;83
8961;83
8962;83
8963;83
8964;83
8965;83
8966;83
8967;83
8968;83
8969;83
8970;83
8971;83
8972;83
8973;83
8974;83
8975;83
8976;83
8977;83
8978;83
8979;83
8980;83
8981;83
8982;83
8983;83
8984;83
8985;83
8986;83
8987;83
8988;83
8989;83
8990;83
8991;83
8992;83
8993;83
8994;83
8995;83
8996;83
8997;83
8998;83
8999;83
9000;83
9001;83
9002;83
9003;83
9004;83
9005;83
9006;83
9007;83
9008;83
9009;83
9010;83
9011;83
9012;83
9013;83
9014;83
9015;83
9016;83
9017;83
9018;83
9019;83
9020;83
9021;83
9022;83
9023;83
9024;83
9025;83
9026;83
9027;83
9028;83
9029;83
9030;83
9031;83
9032;83
9033;83
9034;83
9035;83
9036;83
9037;83
9038;83
9039;83
9040;83
9041;83
9042;83
9043;83
9044;83
9045;83
9046;83
9047;83
9048;83
9049;83
9050;83
9051;83
9052;83
9053;83
9054;83
9055;83
9056;83
9057;83
9058;83
9059;83
9060;83
9061;83
9062;83
9063;83
9064;83
9065;83
9066;83
9067;83
9068;83
9069;83
9070;83
9071;83
9072;83
9073;83
9074;83
9075;83
9076;83
9077;83
9078;83
9079;83
9080;83
9081;83
9082;83
9083;83
9084;83
9085;83
9086;83
9087;83
9088;83
9089;83
9090;83
9091;83
9092;83
9093;83
9094;83
9095;83
9096;83
9097;83
9098;83
9099;83
9100;83
9101;83
9102;83
9103;83
9104;83
9105;83
9106;83
9107;83
9108;83
9109;83
9110;83
9111;83
9112;83
9113;83
9114;83
9115;83
9116;83
9117;83
9118;83
9119;83
9120;83
9121;83
9122;83
9123;83
9124;83
9125;83
9126;83
9127;83
9128;83
9129;83
9130;83
9131;83
9132;83
9133;83
9134;83
9135;83
9136;83
9137;83
9138;83
9139;83
9140;83
9141;83
9142;83
9143;83
9144;83
9145;83
9146;83
9147;83
9148;83
9149;83
9150;83
9151;83
9152;83
9153;83
9154;83
9155;83
9156;83
9157;83
9158;83
9159;83
9160;83
9161;83
9162;83
9163;83
9164;83
9165;83
9166;83
9167;83
9168;83
9169;83
9170;83
9171;83
9172;83
9173;83
9174;83
9175;83
9176;83
9177;83
9178;83
9179;83
9180;83
9181;83
9182;83
9183;83
9184;83
9185;83
9186;83
9187;83
9188;83
9189;83
9190;83
9191;83
9192;83
9193;83
9194;83
9195;83
9196;83
9197;83
9198;83
9199;83
9200;83
9201;83
9202;83
9203;83
9204;83
9205;83
9206;83
9207;83
9208;83
9209;83
9210;83
9211;83
9212;83
9213;83
9214;83
9215;83
9216;83
9217;83
9218;83
9219;83
9220;83
9221;83
9222;83
9223;83
9224;83
9225;83
9226;83
9227;83
9228;83
9229;83
9230;83
9231;83
9232;83
9233;83
9234;83
9235;83
9236;83
9237;83
9238;83
9239;83
9240;83
9241;83
9242;83
9243;83
9244;83
9245;83
9246;83
9247;83
9248;83
9249;83
9250;83
9251;83
9252;83
9253;83
9254;83
9255;83
9256;83
9257;83
9258;83
9259;83
9260;83
9261;83
9262;83
9263;83
9264;83
9265;83
9266;83
9267;83
9268;83
9269;83
9270;83
9271;83
9272;83
9273;83
9274;83
9275;83
9276;83
9277;83
9278;83
9279;83
9280;83
9281;83
9282;83
9283;83
9284;83
9285;83
9286;83
9287;83
9288;83
9289;83
9290;83
9291;83
9292;83
9293;83
9294;83
9295;83
9296;83
9297;83
9298;83
9299;83
9300;83
9301;83
9302;83
9303;83
9304;83
9305;83
9306;83
9307;83
9308;83
9309;83
9310;83
9311;83
9312;83
9313;83
9314;83
9315;83
9316;83
9317;83
9318;83
9319;83
9320;83
9321;83
9322;83
9323;83
9324;83
9325;83
9326;83
9327;83
9328;83
9329;83
9330;83
9331;83
9332;83
9333;83
9334;83
9335;83
9336;83
9337;83
9338;83
9339;83
9340;83
9341;83
9342;83
9343;83
9344;83
9345;83
9346;83
9347;83
9348;83
9349;83
9350;83
9351;83
9352;83
9353;83
9354;83
9355;83
9356;83
9357;83
9358;83
9359;83
9360;83
9361;83
9362;83
9363;83
9364;83
9365;83
9366;83
9367;83
9368;83
9369;83
9370;83
9371;83
9372;83
9373;83
9374;83
9375;83
9376;83
9377;83
9378;83
9379;83
9380;83
9381;83
9382;83
9383;83
9384;83
9385;83
9386;83
9387;83
9388;83
9389;83
9390;83
9391;83
9392;83
9393;83
9394;83
9395;83
9396;83
9397;83
9398;83
9399;83
9400;83
9401;83
9402;83
9403;83
9404;83
9405;83
9406;83
9407;83
9408;83
9409;83
9410;83
9411;83
9412;83
9413;83
9414;83
9415;83
9416;83
9417;83
9418;83
9419;83
9420;83
9421;83
9422;83
9423;83
9424;83
9425;83
9426;83
9427;83
9428;83
9429;83
9430;83
9431;83
9432;83
9433;83
9434;83
9435;83
9436;83
9437;83
9438;83
9439;83
9440;83
9441;83
9442;83
9443;83
9444;83
9445;83
9446;83
9447;83
9448;83
9449;83
9450;83
9451;83
9452;83
9453;83
9454;83
9455;83
9456;83
9457;83
9458;83
9459;83
9460;83
9461;83
9462;83
9463;83
9464;83
9465;83
9466;83
9467;83
9468;83
9469;83
9470;83
9471;83
9472;83
9473;83
9474;83
9475;83
9476;83
9477;83
9478;83
9479;83
9480;83
9481;83
9482;83
9483;83
9484;83
9485;83
9486;83
9487;83
9488;83
9489;83
9490;83
9491;83
9492;83
9493;83
9494;83
9495;83
9496;83
9497;83
9498;83
9499;83
9500;83
9501;83
9502;83
9503;83
9504;83
9505;83
9506;83
9507;83
9508;83
9509;83
9510;83
9511;83
9512;83
9513;83
9514;83
9515;83
9516;83
9517;83
9518;83
9519;83
9520;83
9521;83
9522;83
9523;83
9524;83
9525;83
9526;83
9527;83
9528;83
9529;83
9530;83
9531;83
9532;83
9533;83
9534;83
9535;83
9536;83
9537;83
9538;83
9539;83
9540;83
9541;83
9542;83
9543;83
9544;83
9545;83
9546;83
9547;83
9548;83
9549;83
9550;83
9551;83
9552;83
9553;83
9554;83
9555;83
9556;83
9557;83
9558;83
9559;83
9560;83
9561;83
9562;83
9563;83
9564;83
9565;83
9566;83
9567;83
9568;83
9569;83
9570;83
9571;83
9572;83
9573;83
9574;83
9575;83
9576;83
9577;83
9578;83
9579;83
9580;83
9581;83
9582;83
9583;83
9584;83
9585;83
9586;83
9587;83
9588;83
9589;83
9590;83
9591;83
9592;83
9593;83
9594;83
9595;83
9596;83
9597;83
9598;83
9599;83
9600;83
9601;83
9602;83
9603;83
9604;83
9605;83
9606;83
9607;83
9608;83
9609;83
9610;83
9611;83
9612;83
9613;83
9614;83
9615;83
9616;83
9617;83
9618;83
9619;83
9620;83
9621;83
9622;83
9623;83
9624;83
9625;83
9626;83
9627;83
9628;83
9629;83
9630;83
9631;83
9632;83
9633;83
9634;83
9635;83
9636;83
9637;83
9638;83
9639;83
9640;83
9641;83
9642;83
9643;83
9644;83
9645;83
9646;83
9647;83
9648;83
9649;83
9650;83
9651;83
9652;83
9653;83
9654;83
9655;83
9656;83
9657;83
9658;83
9659;83
9660;83
9661;83
9662;83
9663;83
9664;83
9665;83
9666;83
9667;83
9668;83
9669;83
9670;83
9671;83
9672;83
9673;83
9674;83
9675;83
9676;83
9677;83
9678;83
9679;83
9680;83
9681;83
9682;83
9683;83
9684;83
9685;83
9686;83
9687;83
9688;83
9689;83
9690;83
9691;83
9692;83
9693;83
9694;83
9695;83
9696;83
9697;83
9698;83
9699;83
9700;83
9701;83
9702;83
9703;83
9704;83
9705;83
9706;83
9707;83
9708;83
9709;83
9710;83
9711;83
9712;83
9713;83
9714;83
9715;83
9716;83
9717;83
9718;83
9719;83
9720;83
9721;83
9722;83
9723;83
9724;83
9725;83
9726;83
9727;83
9728;83
9729;83
9730;83
9731;83
9732;83
9733;83
9734;83
9735;83
9736;83
9737;83
9738;83
9739;83
9740;83
9741;83
9742;83
9743;83
9744;83
9745;83
9746;83
9747;83
9748;83
9749;83
9750;83
9751;83
9752;83
9753;83
9754;83
9755;83
9756;83
9757;83
9758;83
9759;83
9760;83
9761;83
9762;83
9763;83
9764;83
9765;83
9766;83
9767;83
9768;83
9769;83
9770;83
9771;83
9772;83
9773;83
9774;83
9775;83
9776;83
9777;83
9778;83
9779;83
9780;83
9781;83
9782;83
9783;83
9784;83
9785;83
9786;83
9787;83
9788;83
9789;83
9790;83
9791;83
9792;83
9793;83
9794;83
9795;83
9796;83
9797;83
9798;83
9799;83
9800;83
9801;83
9802;83
9803;83
9804;83
9805;83
9806;83
9807;83
9808;83
9809;83
9810;83
9811;83
9812;83
9813;83
9814;83
9815;83
9816;83
9817;83
9818;83
9819;83
9820;83
9821;83
9822;83
9823;83
9824;83
9825;83
9826;83
9827;83
9828;83
9829;83
9830;83
9831;83
9832;83
9833;83
9834;83
9835;83
9836;83
9837;83
9838;83
9839;83
9840;83
9841;83
9842;83
9843;83
9844;83
9845;83
9846;83
9847;83
9848;83
9849;83
9850;83
9851;83
9852;83
9853;83
9854;83
9855;83
9856;83
9857;83
9858;83
9859;83
9860;83
9861;83
9862;83
9863;83
9864;83
9865;83
9866;83
9867;83
9868;83
9869;83
9870;83
9871;83
9872;83
9873;83
9874;83
9875;83
9876;83
9877;83
9878;83
9879;83
9880;83
9881;83
9882;83
9883;83
9884;83
9885;83
9886;83
9887;83
9888;83
9889;83
9890;83
9891;83
9892;83
9893;83
9894;83
9895;83
9896;83
9897;83
9898;83
9899;83
9900;83
9901;83
9902;83
9903;83
9904;83
9905;83
9906;83
9907;83
9908;83
9909;83
9910;83
9911;83
9912;83
9913;83
9914;83
9915;83
9916;83
9917;83
9918;83
9919;83
9920;83
9921;83
9922;83
9923;83
9924;83
9925;83
9926;83
9927;83
9928;83
9929;83
9930;83
9931;83
9932;83
9933;83
9934;83
9935;83
9936;83
9937;83
9938;83
9939;83
9940;83
9941;83
9942;83
9943;83
9944;83
9945;83
9946;83
9947;83
9948;83
9949;83
9950;83
9951;83
9952;83
9953;83
9954;83
9955;83
9956;83
9957;83
9958;83
9959;83
9960;83
9961;83
9962;83
9963;83
9964;83
9965;83
9966;83
9967;83
9968;83
9969;83
9970;83
9971;83
9972;83
9973;83
9974;83
9975;83
9976;83
9977;83
9978;83
9979;83
9980;83
9981;83
9982;83
9983;83
9984;83
9985;83
9986;83
9987;83
9988;83
9989;83
9990;83
9991;83
9992;83
9993;83
9994;83
9995;83
9996;83
9997;83
9998;83
9999;83