0;16
1;16
2;16
3;16
4;20
5;67
6;67
7;67
8;67
9;67
10;67
11;67
12;67
13;67
14;67
15;67
16;67
17;67
18;67
19;67
20;67
21;67
22;67
23;67
24;67
25;67
26;67
27;67
28;67
29;67
30;67
31;67
32;67
33;67
34;67
35;67
36;67
37;67
38;67
39;67
40;67
41;67
42;67
43;67
44;67
45;67
46;67
47;67
48;67
49;67
50;67
51;67
52;67
53;67
54;67
55;67
56;67
57;67
58;67
59;67
60;67
61;67
62;67
63;67
64;67
65;67
66;67
67;67
68;67
69;67
70;67
71;67
72;67
73;67
74;67
75;67
76;67
77;67
78;67
79;67
80;67
81;67
82;67
83;67
84;67
85;67
86;67
87;67
88;67
89;67
90;67
91;67
92;67
93;67
94;67
95;67
96;67
97;67
98;67
99;67
100;67
101;67
102;67
103;67
104;67
105;67
106;67
107;67
108;67
109;67
110;67
111;67
112;67
113;67
114;67
115;80
116;80
117;80
118;80
119;80
120;80
121;80
122;80
123;80
124;80
125;80
126;80
127;80
128;80
129;80
130;80
131;80
132;80
133;80
134;80
135;80
136;80
137;80
138;80
139;80
140;80
141;80
142;80
143;80
144;80
145;80
146;80
147;80
148;80
149;80
150;80
151;80
152;80
153;80
154;80
155;80
156;80
157;80
158;80
159;80
160;80
161;80
162;80
163;80
164;80
165;80
166;80
167;80
168;80
169;80
170;80
171;80
172;80
173;80
174;80
175;80
176;80
177;80
178;80
179;80
180;80
181;80
182;80
183;80
184;80
185;80
186;80
187;80
188;80
189;80
190;80
191;80
192;80
193;80
194;80
195;80
196;80
197;80
198;80
199;80
200;80
201;80
202;80
203;80
204;80
205;80
206;80
207;80
208;80
209;80
210;80
211;80
212;80
213;80
214;80
215;80
216;80
217;80
218;80
219;80
220;80
221;80
222;80
223;80
224;80
225;80
226;80
227;80
228;80
229;80
230;80
231;80
232;80
233;80
234;80
235;80
236;80
237;80
238;80
239;80
240;80
241;80
242;80
243;80
244;80
245;80
246;80
247;80
248;80
249;80
250;80
251;80
252;80
253;80
254;80
255;80
256;80
257;80
258;80
259;80
260;80
261;80
262;80
263;80
264;80
265;80
266;80
267;80
268;80
269;80
270;80
271;80
272;80
273;80
274;80
275;80
276;80
277;80
278;80
279;80
280;80
281;80
282;80
283;80
284;80
285;80
286;80
287;80
288;80
289;80
290;80
291;80
292;80
293;80
294;80
295;80
296;80
297;80
298;80
299;80
300;80
301;80
302;80
303;80
304;80
305;80
306;80
307;80
308;80
309;80
310;80
311;80
312;80
313;80
314;80
315;80
316;80
317;80
318;80
319;80
320;80
321;80
322;80
323;80
324;80
325;80
326;80
327;80
328;80
329;80
330;80
331;80
332;80
333;80
334;80
335;80
336;80
337;80
338;80
339;80
340;80
341;80
342;80
343;80
344;80
345;80
346;80
347;80
348;80
349;80
350;80
351;80
352;80
353;80
354;80
355;80
356;80
357;80
358;80
359;80
360;80
361;80
362;80
363;80
364;80
365;80
366;80
367;80
368;80
369;80
370;80
371;80
372;80
373;80
374;80
375;80
376;80
377;80
378;80
379;80
380;80
381;80
382;80
383;80
384;80
385;80
386;80
387;80
388;80
389;80
390;80
391;80
392;80
393;80
394;80
395;80
396;80
397;80
398;80
399;80
400;80
401;80
402;80
403;80
404;80
405;80
406;80
407;80
408;80
409;80
410;80
411;80
412;80
413;80
414;80
415;80
416;80
417;80
418;80
419;80
420;80
421;80
422;80
423;80
424;80
425;80
426;80
427;80
428;80
429;80
430;80
431;80
432;80
433;80
434;80
435;80
436;80
437;80
438;80
439;80
440;80
441;80
442;80
443;80
444;80
445;80
446;80
447;80
448;80
449;80
450;80
451;80
452;80
453;80
454;80
455;80
456;80
457;80
458;80
459;80
460;80
461;80
462;80
463;80
464;80
465;80
466;80
467;80
468;80
469;80
470;80
471;80
472;80
473;80
474;80
475;80
476;80
477;80
478;80
479;80
480;80
481;80
482;80
483;80
484;80
485;80
486;80
487;80
488;80
489;80
490;80
491;80
492;80
493;80
494;80
495;80
496;80
497;80
498;80
499;80
500;80
501;80
502;80
503;80
504;80
505;80
506;80
507;80
508;80
509;80
510;80
511;80
512;80
513;80
514;80
515;80
516;80
517;80
518;80
519;80
520;80
521;80
522;80
523;80
524;80
525;80
526;80
527;80
528;80
529;80
530;80
531;80
532;80
533;80
534;80
535;80
536;80
537;80
538;80
539;80
540;80
541;80
542;80
543;80
544;80
545;80
546;80
547;80
548;80
549;80
550;80
551;80
552;80
553;80
554;80
555;80
556;80
557;80
558;80
559;80
560;80
561;80
562;80
563;80
564;80
565;80
566;80
567;80
568;80
569;80
570;80
571;80
572;80
573;80
574;80
575;80
576;80
577;80
578;80
579;80
580;80
581;80
582;80
583;80
584;80
585;80
586;80
587;80
588;80
589;80
590;80
591;80
592;80
593;80
594;80
595;80
596;80
597;80
598;80
599;80
600;80
601;80
602;80
603;80
604;80
605;80
606;80
607;80
608;80
609;80
610;80
611;80
612;80
613;80
614;80
615;80
616;80
617;80
618;80
619;80
620;80
621;80
622;80
623;80
624;80
625;80
626;80
627;80
628;80
629;80
630;80
631;80
632;80
633;80
634;80
635;80
636;80
637;80
638;80
639;80
640;80
641;80
642;80
643;80
644;80
645;80
646;80
647;80
648;80
649;80
650;80
651;80
652;80
653;80
654;80
655;80
656;80
657;80
658;80
659;80
660;80
661;80
662;80
663;80
664;80
665;80
666;80
667;80
668;80
669;80
670;80
671;80
672;80
673;80
674;80
675;80
676;80
677;80
678;80
679;80
680;80
681;80
682;80
683;80
684;80
685;80
686;80
687;80
688;80
689;80
690;80
691;80
692;80
693;80
694;80
695;80
696;80
697;80
698;80
699;80
700;80
701;80
702;80
703;80
704;80
705;80
706;80
707;80
708;80
709;80
710;80
711;80
712;80
713;80
714;80
715;80
716;80
717;80
718;80
719;80
720;80
721;80
722;80
723;80
724;80
725;80
726;80
727;80
728;80
729;80
730;80
731;80
732;80
733;80
734;80
735;80
736;80
737;80
738;80
739;80
740;80
741;80
742;80
743;80
744;80
745;80
746;80
747;80
748;80
749;80
750;80
751;80
752;80
753;80
754;80
755;80
756;80
757;80
758;80
759;80
760;80
761;80
762;80
763;80
764;80
765;80
766;80
767;80
768;80
769;80
770;80
771;80
772;80
773;80
774;80
775;80
776;80
777;80
778;80
779;80
780;80
781;80
782;80
783;80
784;80
785;80
786;80
787;80
788;80
789;80
790;80
791;80
792;80
793;80
794;80
795;80
796;80
797;80
798;80
799;80
800;80
801;80
802;80
803;80
804;80
805;80
806;80
807;80
808;80
809;80
810;80
811;80
812;80
813;80
814;80
815;80
816;80
817;80
818;80
819;80
820;80
821;80
822;80
823;80
824;80
825;80
826;80
827;80
828;80
829;80
830;80
831;80
832;80
833;80
834;80
835;82
836;82
837;82
838;82
839;82
840;82
841;82
842;82
843;82
844;82
845;82
846;82
847;82
848;82
849;82
850;82
851;82
852;82
853;82
854;82
855;82
856;82
857;82
858;82
859;82
860;82
861;82
862;82
863;82
864;82
865;82
866;82
867;82
868;82
869;82
870;82
871;82
872;82
873;82
874;82
875;82
876;82
877;82
878;82
879;82
880;82
881;82
882;82
883;82
884;82
885;82
886;82
887;82
888;82
889;82
890;82
891;82
892;82
893;82
894;82
895;82
896;82
897;82
898;82
899;82
900;82
901;82
902;82
903;82
904;82
905;82
906;82
907;82
908;82
909;82
910;82
911;82
912;82
913;82
914;82
915;82
916;82
917;82
918;82
919;82
920;82
921;82
922;82
923;82
924;82
925;82
926;82
927;82
928;82
929;82
930;82
931;82
932;82
933;82
934;82
935;82
936;82
937;82
938;82
939;82
940;82
941;82
942;82
943;82
944;82
945;82
946;82
947;82
948;82
949;82
950;82
951;82
952;82
953;82
954;82
955;82
956;82
957;82
958;82
959;82
960;82
961;82
962;82
963;82
964;82
965;82
966;82
967;82
968;82
969;82
970;82
971;82
972;82
973;82
974;82
975;82
976;82
977;82
978;82
979;82
980;82
981;82
982;82
983;82
984;82
985;82
986;82
987;82
988;82
989;82
990;82
991;82
992;82
993;82
994;82
995;82
996;82
997;82
998;82
999;82
1000;82
1001;82
1002;82
1003;82
1004;82
1005;82
1006;82
1007;82
1008;82
1009;82
1010;82
1011;82
1012;82
1013;82
1014;82
1015;82
1016;82
1017;82
1018;82
1019;82
1020;82
1021;82
1022;82
1023;82
1024;82
1025;82
1026;82
1027;82
1028;82
1029;82
1030;82
1031;82
1032;82
1033;82
1034;82
1035;82
1036;82
1037;82
1038;82
1039;82
1040;82
1041;82
1042;82
1043;82
1044;82
1045;82
1046;82
1047;82
1048;82
1049;82
1050;82
1051;82
1052;82
1053;82
1054;82
1055;82
1056;82
1057;82
1058;82
1059;82
1060;82
1061;82
1062;82
1063;82
1064;82
1065;82
1066;82
1067;82
1068;82
1069;82
1070;82
1071;82
1072;82
1073;82
1074;82
1075;82
1076;82
1077;82
1078;82
1079;82
1080;82
1081;82
1082;82
1083;82
1084;82
1085;82
1086;82
1087;82
1088;82
1089;82
1090;82
1091;82
1092;82
1093;82
1094;82
1095;82
1096;82
1097;82
1098;82
1099;82
1100;82
1101;82
1102;82
1103;82
1104;82
1105;82
1106;82
1107;82
1108;82
1109;82
1110;82
1111;82
1112;82
1113;82
1114;82
1115;82
1116;82
1117;82
1118;82
1119;82
1120;82
1121;82
1122;82
1123;82
1124;82
1125;82
1126;82
1127;82
1128;82
1129;82
1130;82
1131;82
1132;82
1133;82
1134;82
1135;82
1136;82
1137;82
1138;82
1139;82
1140;82
1141;82
1142;82
1143;82
1144;82
1145;82
1146;82
1147;82
1148;82
1149;82
1150;82
1151;82
1152;82
1153;82
1154;82
1155;82
1156;82
1157;82
1158;82
1159;82
1160;82
1161;82
1162;82
1163;82
1164;82
1165;82
1166;82
1167;82
1168;82
1169;82
1170;82
1171;82
1172;82
1173;82
1174;82
1175;82
1176;82
1177;82
1178;82
1179;82
1180;82
1181;82
1182;82
1183;82
1184;82
1185;82
1186;82
1187;82
1188;82
1189;82
1190;82
1191;82
1192;82
1193;82
1194;82
1195;82
1196;82
1197;82
1198;82
1199;82
1200;82
1201;82
1202;82
1203;82
1204;82
1205;82
1206;82
1207;82
1208;82
1209;82
1210;82
1211;82
1212;82
1213;82
1214;82
1215;82
1216;82
1217;82
1218;82
1219;82
1220;82
1221;82
1222;82
1223;82
1224;82
1225;82
1226;82
1227;82
1228;82
1229;82
1230;82
1231;82
1232;82
1233;82
1234;82
1235;82
1236;82
1237;82
1238;82
1239;82
1240;82
1241;82
1242;82
1243;82
1244;82
1245;82
1246;82
1247;82
1248;82
1249;82
1250;82
1251;82
1252;82
1253;82
1254;82
1255;82
1256;82
1257;82
1258;82
1259;82
1260;82
1261;82
1262;82
1263;82
1264;82
1265;82
1266;82
1267;82
1268;82
1269;82
1270;82
1271;82
1272;82
1273;82
1274;82
1275;82
1276;82
1277;82
1278;82
1279;82
1280;82
1281;82
1282;82
1283;82
1284;82
1285;82
1286;82
1287;82
1288;82
1289;82
1290;82
1291;82
1292;82
1293;82
1294;82
1295;82
1296;82
1297;82
1298;82
1299;82
1300;82
1301;82
1302;82
1303;82
1304;82
1305;82
1306;82
1307;82
1308;82
1309;82
1310;82
1311;82
1312;82
1313;82
1314;82
1315;82
1316;82
1317;82
1318;82
1319;82
1320;82
1321;82
1322;82
1323;82
1324;82
1325;82
1326;82
1327;82
1328;82
1329;82
1330;82
1331;82
1332;82
1333;82
1334;82
1335;82
1336;82
1337;82
1338;82
1339;82
1340;82
1341;82
1342;82
1343;82
1344;82
1345;82
1346;82
1347;82
1348;82
1349;82
1350;82
1351;82
1352;82
1353;82
1354;82
1355;82
1356;82
1357;82
1358;82
1359;82
1360;82
1361;82
1362;82
1363;82
1364;82
1365;82
1366;82
1367;82
1368;82
1369;82
1370;82
1371;82
1372;82
1373;82
1374;82
1375;82
1376;82
1377;82
1378;82
1379;82
1380;82
1381;82
1382;82
1383;82
1384;82
1385;82
1386;82
1387;82
1388;82
1389;82
1390;82
1391;82
1392;82
1393;82
1394;82
1395;82
1396;82
1397;82
1398;82
1399;82
1400;82
1401;82
1402;82
1403;82
1404;82
1405;82
1406;82
1407;82
1408;82
1409;82
1410;82
1411;82
1412;82
1413;82
1414;82
1415;82
1416;82
1417;82
1418;82
1419;82
1420;82
1421;82
1422;82
1423;82
1424;82
1425;82
1426;82
1427;82
1428;82
1429;82
1430;82
1431;82
1432;82
1433;82
1434;82
1435;82
1436;82
1437;82
1438;82
1439;82
1440;82
1441;82
1442;82
1443;82
1444;82
1445;82
1446;82
1447;82
1448;82
1449;82
1450;82
1451;82
1452;82
1453;82
1454;82
1455;82
1456;82
1457;82
1458;82
1459;82
1460;82
1461;82
1462;82
1463;82
1464;82
1465;82
1466;82
1467;82
1468;82
1469;82
1470;82
1471;82
1472;82
1473;82
1474;82
1475;82
1476;82
1477;82
1478;82
1479;82
1480;82
1481;82
1482;82
1483;82
1484;82
1485;82
1486;82
1487;82
1488;82
1489;82
1490;82
1491;82
1492;82
1493;82
1494;82
1495;82
1496;82
1497;82
1498;82
1499;82
1500;82
1501;82
1502;82
1503;82
1504;82
1505;82
1506;82
1507;82
1508;82
1509;82
1510;82
1511;82
1512;82
1513;82
1514;82
1515;82
1516;82
1517;82
1518;82
1519;82
1520;82
1521;82
1522;82
1523;82
1524;82
1525;82
1526;82
1527;82
1528;82
1529;82
1530;82
1531;82
1532;82
1533;82
1534;82
1535;82
1536;82
1537;82
1538;82
1539;82
1540;82
1541;82
1542;82
1543;82
1544;82
1545;82
1546;82
1547;82
1548;82
1549;82
1550;82
1551;82
1552;82
1553;82
1554;82
1555;82
1556;82
1557;82
1558;82
1559;82
1560;82
1561;82
1562;82
1563;82
1564;82
1565;82
1566;82
1567;82
1568;82
1569;82
1570;82
1571;82
1572;82
1573;82
1574;82
1575;82
1576;82
1577;82
1578;82
1579;82
1580;82
1581;82
1582;82
1583;82
1584;82
1585;82
1586;82
1587;82
1588;82
1589;82
1590;82
1591;82
1592;82
1593;82
1594;82
1595;82
1596;82
1597;82
1598;82
1599;82
1600;82
1601;82
1602;82
1603;82
1604;82
1605;82
1606;82
1607;82
1608;82
1609;82
1610;82
1611;82
1612;82
1613;82
1614;82
1615;82
1616;82
1617;82
1618;82
1619;82
1620;82
1621;82
1622;82
1623;82
1624;82
1625;82
1626;82
1627;82
1628;82
1629;82
1630;82
1631;82
1632;82
1633;82
1634;82
1635;82
1636;82
1637;82
1638;82
1639;82
1640;82
1641;82
1642;82
1643;82
1644;82
1645;82
1646;82
1647;82
1648;82
1649;82
1650;82
1651;82
1652;82
1653;82
1654;82
1655;82
1656;82
1657;82
1658;82
1659;82
1660;82
1661;82
1662;82
1663;82
1664;82
1665;82
1666;82
1667;82
1668;82
1669;82
1670;82
1671;82
1672;82
1673;82
1674;82
1675;82
1676;82
1677;82
1678;82
1679;82
1680;82
1681;82
1682;82
1683;82
1684;82
1685;82
1686;82
1687;82
1688;82
1689;82
1690;82
1691;82
1692;82
1693;82
1694;82
1695;82
1696;82
1697;82
1698;82
1699;82
1700;82
1701;82
1702;82
1703;82
1704;82
1705;82
1706;82
1707;82
1708;82
1709;82
1710;82
1711;82
1712;82
1713;82
1714;82
1715;82
1716;82
1717;82
1718;82
1719;82
1720;82
1721;82
1722;82
1723;82
1724;82
1725;82
1726;82
1727;82
1728;82
1729;82
1730;82
1731;82
1732;82
1733;82
1734;82
1735;82
1736;82
1737;82
1738;82
1739;82
1740;82
1741;82
1742;82
1743;82
1744;82
1745;82
1746;82
1747;82
1748;82
1749;82
1750;82
1751;82
1752;82
1753;82
1754;82
1755;82
1756;82
1757;82
1758;82
1759;82
1760;82
1761;82
1762;82
1763;82
1764;82
1765;82
1766;82
1767;82
1768;82
1769;82
1770;82
1771;82
1772;82
1773;82
1774;82
1775;82
1776;82
1777;82
1778;82
1779;82
1780;82
1781;82
1782;82
1783;82
1784;82
1785;82
1786;82
1787;82
1788;82
1789;82
1790;82
1791;82
1792;82
1793;82
1794;82
1795;82
1796;82
1797;82
1798;82
1799;82
1800;82
1801;82
1802;82
1803;82
1804;82
1805;82
1806;82
1807;82
1808;82
1809;82
1810;82
1811;82
1812;82
1813;82
1814;82
1815;82
1816;82
1817;82
1818;82
1819;82
1820;82
1821;82
1822;82
1823;82
1824;82
1825;82
1826;82
1827;82
1828;82
1829;82
1830;82
1831;82
1832;82
1833;82
1834;82
1835;82
1836;82
1837;82
1838;82
1839;82
1840;82
1841;82
1842;82
1843;82
1844;82
1845;82
1846;82
1847;82
1848;82
1849;82
1850;82
1851;82
1852;82
1853;82
1854;82
1855;82
1856;82
1857;82
1858;82
1859;82
1860;82
1861;82
1862;82
1863;82
1864;82
1865;82
1866;82
1867;82
1868;82
1869;82
1870;82
1871;82
1872;82
1873;82
1874;82
1875;82
1876;82
1877;82
1878;82
1879;82
1880;82
1881;82
1882;82
1883;82
1884;82
1885;82
1886;82
1887;82
1888;82
1889;82
1890;82
1891;82
1892;82
1893;82
1894;82
1895;82
1896;82
1897;82
1898;82
1899;82
1900;82
1901;82
1902;82
1903;82
1904;82
1905;82
1906;82
1907;82
1908;82
1909;82
1910;82
1911;82
1912;82
1913;82
1914;82
1915;82
1916;82
1917;82
1918;82
1919;82
1920;82
1921;82
1922;82
1923;82
1924;82
1925;82
1926;82
1927;82
1928;82
1929;82
1930;82
1931;82
1932;82
1933;82
1934;82
1935;82
1936;82
1937;82
1938;82
1939;82
1940;82
1941;82
1942;82
1943;82
1944;82
1945;82
1946;82
1947;82
1948;82
1949;82
1950;82
1951;82
1952;82
1953;82
1954;82
1955;82
1956;82
1957;82
1958;82
1959;82
1960;82
1961;82
1962;82
1963;82
1964;82
1965;82
1966;82
1967;82
1968;82
1969;82
1970;82
1971;82
1972;82
1973;82
1974;82
1975;82
1976;82
1977;82
1978;82
1979;82
1980;82
1981;82
1982;82
1983;82
1984;82
1985;82
1986;82
1987;82
1988;82
1989;82
1990;82
1991;82
1992;82
1993;82
1994;82
1995;82
1996;82
1997;82
1998;82
1999;82
2000;82
2001;82
2002;82
2003;82
2004;82
2005;82
2006;82
2007;82
2008;82
2009;82
2010;82
2011;82
2012;82
2013;82
2014;82
2015;82
2016;82
2017;82
2018;82
2019;82
2020;82
2021;82
2022;82
2023;82
2024;82
2025;82
2026;82
2027;82
2028;82
2029;82
2030;82
2031;82
2032;82
2033;82
2034;82
2035;82
2036;82
2037;82
2038;82
2039;82
2040;82
2041;82
2042;82
2043;82
2044;82
2045;82
2046;82
2047;82
2048;82
2049;82
2050;82
2051;82
2052;82
2053;82
2054;82
2055;82
2056;82
2057;82
2058;82
2059;82
2060;82
2061;82
2062;82
2063;82
2064;82
2065;82
2066;82
2067;82
2068;82
2069;82
2070;82
2071;82
2072;82
2073;82
2074;82
2075;82
2076;82
2077;82
2078;82
2079;82
2080;82
2081;82
2082;82
2083;82
2084;82
2085;82
2086;82
2087;82
2088;82
2089;82
2090;82
2091;82
2092;82
2093;82
2094;82
2095;82
2096;82
2097;82
2098;82
2099;82
2100;82
2101;82
2102;82
2103;82
2104;82
2105;82
2106;82
2107;82
2108;82
2109;82
2110;82
2111;82
2112;82
2113;82
2114;82
2115;82
2116;82
2117;82
2118;82
2119;82
2120;82
2121;82
2122;82
2123;82
2124;82
2125;82
2126;82
2127;82
2128;82
2129;82
2130;82
2131;82
2132;82
2133;82
2134;82
2135;82
2136;82
2137;82
2138;82
2139;82
2140;82
2141;82
2142;82
2143;82
2144;82
2145;82
2146;82
2147;82
2148;82
2149;82
2150;82
2151;82
2152;82
2153;82
2154;82
2155;82
2156;82
2157;82
2158;82
2159;82
2160;82
2161;82
2162;82
2163;82
2164;82
2165;82
2166;82
2167;82
2168;82
2169;82
2170;82
2171;82
2172;82
2173;82
2174;82
2175;82
2176;82
2177;82
2178;82
2179;82
2180;82
2181;82
2182;82
2183;82
2184;82
2185;82
2186;82
2187;82
2188;82
2189;82
2190;82
2191;82
2192;82
2193;82
2194;82
2195;82
2196;82
2197;82
2198;82
2199;82
2200;82
2201;82
2202;82
2203;82
2204;82
2205;82
2206;82
2207;82
2208;82
2209;82
2210;82
2211;82
2212;82
2213;82
2214;82
2215;82
2216;82
2217;82
2218;82
2219;82
2220;82
2221;82
2222;82
2223;82
2224;82
2225;82
2226;82
2227;82
2228;82
2229;82
2230;82
2231;82
2232;82
2233;82
2234;82
2235;82
2236;82
2237;82
2238;82
2239;82
2240;82
2241;82
2242;82
2243;82
2244;82
2245;82
2246;82
2247;82
2248;82
2249;82
2250;82
2251;82
2252;82
2253;82
2254;82
2255;82
2256;82
2257;82
2258;82
2259;82
2260;82
2261;82
2262;82
2263;82
2264;82
2265;82
2266;82
2267;82
2268;82
2269;82
2270;82
2271;82
2272;82
2273;82
2274;82
2275;82
2276;82
2277;82
2278;82
2279;82
2280;82
2281;82
2282;82
2283;82
2284;82
2285;82
2286;82
2287;82
2288;82
2289;82
2290;82
2291;82
2292;82
2293;82
2294;82
2295;82
2296;82
2297;82
2298;82
2299;82
2300;82
2301;82
2302;82
2303;82
2304;82
2305;82
2306;82
2307;82
2308;82
2309;82
2310;82
2311;82
2312;82
2313;82
2314;82
2315;82
2316;82
2317;82
2318;82
2319;82
2320;82
2321;82
2322;82
2323;82
2324;82
2325;82
2326;82
2327;82
2328;82
2329;82
2330;82
2331;82
2332;82
2333;82
2334;82
2335;82
2336;82
2337;82
2338;82
2339;82
2340;82
2341;82
2342;82
2343;82
2344;82
2345;82
2346;82
2347;82
2348;82
2349;82
2350;82
2351;82
2352;82
2353;82
2354;82
2355;82
2356;82
2357;82
2358;82
2359;82
2360;82
2361;82
2362;82
2363;82
2364;82
2365;82
2366;82
2367;82
2368;82
2369;82
2370;82
2371;82
2372;82
2373;82
2374;82
2375;82
2376;82
2377;82
2378;82
2379;82
2380;82
2381;82
2382;82
2383;82
2384;82
2385;82
2386;82
2387;82
2388;82
2389;82
2390;82
2391;82
2392;82
2393;82
2394;82
2395;82
2396;82
2397;82
2398;82
2399;82
2400;82
2401;82
2402;82
2403;82
2404;82
2405;82
2406;82
2407;82
2408;82
2409;82
2410;82
2411;82
2412;82
2413;82
2414;82
2415;82
2416;82
2417;82
2418;82
2419;82
2420;82
2421;82
2422;82
2423;82
2424;82
2425;82
2426;82
2427;82
2428;82
2429;82
2430;82
2431;82
2432;82
2433;82
2434;82
2435;82
2436;82
2437;82
2438;82
2439;82
2440;82
2441;82
2442;82
2443;82
2444;82
2445;82
2446;82
2447;82
2448;82
2449;82
2450;82
2451;82
2452;82
2453;82
2454;82
2455;82
2456;82
2457;82
2458;82
2459;82
2460;82
2461;82
2462;82
2463;82
2464;82
2465;82
2466;82
2467;82
2468;82
2469;82
2470;82
2471;82
2472;82
2473;82
2474;82
2475;82
2476;82
2477;82
2478;82
2479;82
2480;82
2481;82
2482;82
2483;82
2484;82
2485;82
2486;82
2487;82
2488;82
2489;82
2490;82
2491;82
2492;82
2493;82
2494;82
2495;82
2496;82
2497;82
2498;82
2499;82
2500;82
2501;82
2502;82
2503;82
2504;82
2505;82
2506;82
2507;82
2508;82
2509;82
2510;82
2511;82
2512;82
2513;82
2514;82
2515;82
2516;82
2517;82
2518;82
2519;82
2520;82
2521;82
2522;82
2523;82
2524;82
2525;82
2526;82
2527;82
2528;82
2529;82
2530;82
2531;82
2532;82
2533;82
2534;82
2535;82
2536;82
2537;82
2538;82
2539;82
2540;82
2541;82
2542;82
2543;82
2544;82
2545;82
2546;82
2547;82
2548;82
2549;82
2550;82
2551;82
2552;82
2553;82
2554;82
2555;82
2556;82
2557;82
2558;82
2559;82
2560;82
2561;82
2562;82
2563;82
2564;82
2565;82
2566;82
2567;82
2568;82
2569;82
2570;82
2571;82
2572;82
2573;82
2574;82
2575;82
2576;82
2577;82
2578;82
2579;82
2580;82
2581;82
2582;82
2583;82
2584;82
2585;82
2586;82
2587;82
2588;82
2589;82
2590;82
2591;82
2592;82
2593;82
2594;82
2595;82
2596;82
2597;82
2598;82
2599;82
2600;82
2601;82
2602;82
2603;82
2604;82
2605;82
2606;82
2607;82
2608;82
2609;82
2610;82
2611;82
2612;82
2613;82
2614;82
2615;82
2616;82
2617;82
2618;82
2619;82
2620;82
2621;82
2622;82
2623;82
2624;82
2625;82
2626;82
2627;82
2628;82
2629;82
2630;82
2631;82
2632;82
2633;82
2634;82
2635;82
2636;82
2637;82
2638;82
2639;82
2640;82
2641;82
2642;82
2643;82
2644;82
2645;82
2646;82
2647;82
2648;82
2649;82
2650;82
2651;82
2652;82
2653;82
2654;82
2655;82
2656;82
2657;82
2658;82
2659;82
2660;82
2661;82
2662;82
2663;82
2664;82
2665;82
2666;82
2667;82
2668;82
2669;82
2670;82
2671;82
2672;82
2673;82
2674;82
2675;82
2676;82
2677;82
2678;82
2679;82
2680;82
2681;82
2682;82
2683;82
2684;82
2685;82
2686;82
2687;82
2688;82
2689;82
2690;82
2691;82
2692;82
2693;82
2694;82
2695;82
2696;82
2697;82
2698;82
2699;82
2700;82
2701;82
2702;82
2703;82
2704;82
2705;82
2706;82
2707;82
2708;82
2709;82
2710;82
2711;82
2712;82
2713;82
2714;82
2715;82
2716;82
2717;82
2718;82
2719;82
2720;82
2721;82
2722;82
2723;82
2724;82
2725;82
2726;82
2727;82
2728;82
2729;82
2730;82
2731;82
2732;82
2733;82
2734;82
2735;82
2736;82
2737;82
2738;82
2739;82
2740;82
2741;82
2742;82
2743;82
2744;82
2745;82
2746;82
2747;82
2748;82
2749;82
2750;82
2751;82
2752;82
2753;82
2754;82
2755;82
2756;82
2757;82
2758;82
2759;82
2760;82
2761;82
2762;82
2763;82
2764;82
2765;82
2766;82
2767;82
2768;82
2769;82
2770;82
2771;82
2772;82
2773;82
2774;82
2775;82
2776;82
2777;82
2778;82
2779;82
2780;82
2781;82
2782;82
2783;82
2784;82
2785;82
2786;82
2787;82
2788;82
2789;82
2790;82
2791;82
2792;82
2793;82
2794;82
2795;82
2796;82
2797;82
2798;82
2799;82
2800;82
2801;82
2802;82
2803;82
2804;82
2805;82
2806;82
2807;82
2808;82
2809;82
2810;82
2811;82
2812;82
2813;82
2814;82
2815;82
2816;82
2817;82
2818;82
2819;82
2820;82
2821;82
2822;82
2823;82
2824;82
2825;82
2826;82
2827;82
2828;82
2829;82
2830;82
2831;82
2832;82
2833;82
2834;82
2835;82
2836;82
2837;82
2838;82
2839;82
2840;82
2841;82
2842;82
2843;82
2844;82
2845;82
2846;82
2847;82
2848;82
2849;82
2850;82
2851;82
2852;82
2853;82
2854;82
2855;82
2856;82
2857;82
2858;82
2859;82
2860;82
2861;82
2862;82
2863;82
2864;82
2865;82
2866;82
2867;82
2868;82
2869;82
2870;82
2871;82
2872;82
2873;82
2874;82
2875;82
2876;82
2877;82
2878;82
2879;82
2880;82
2881;82
2882;82
2883;82
2884;82
2885;82
2886;82
2887;82
2888;82
2889;82
2890;82
2891;82
2892;82
2893;82
2894;82
2895;82
2896;82
2897;82
2898;82
2899;82
2900;82
2901;82
2902;82
2903;82
2904;82
2905;82
2906;82
2907;82
2908;82
2909;82
2910;82
2911;82
2912;82
2913;82
2914;82
2915;82
2916;82
2917;82
2918;82
2919;82
2920;82
2921;82
2922;82
2923;82
2924;82
2925;82
2926;82
2927;82
2928;82
2929;82
2930;82
2931;82
2932;82
2933;82
2934;82
2935;82
2936;82
2937;82
2938;82
2939;82
2940;82
2941;82
2942;82
2943;82
2944;82
2945;82
2946;82
2947;82
2948;82
2949;82
2950;82
2951;82
2952;82
2953;82
2954;82
2955;82
2956;82
2957;82
2958;82
2959;82
2960;82
2961;82
2962;82
2963;82
2964;82
2965;82
2966;82
2967;82
2968;82
2969;82
2970;82
2971;82
2972;82
2973;82
2974;82
2975;82
2976;82
2977;82
2978;82
2979;82
2980;82
2981;82
2982;82
2983;82
2984;82
2985;82
2986;82
2987;82
2988;82
2989;82
2990;82
2991;82
2992;82
2993;82
2994;82
2995;82
2996;82
2997;82
2998;82
2999;82
3000;82
3001;82
3002;82
3003;82
3004;82
3005;82
3006;82
3007;82
3008;82
3009;82
3010;82
3011;82
3012;82
3013;82
3014;82
3015;86
3016;86
3017;86
3018;86
3019;86
3020;86
3021;86
3022;86
3023;86
3024;86
3025;86
3026;86
3027;86
3028;86
3029;86
3030;86
3031;86
3032;86
3033;86
3034;86
3035;86
3036;86
3037;86
3038;86
3039;86
3040;86
3041;86
3042;86
3043;86
3044;86
3045;86
3046;86
3047;86
3048;86
3049;86
3050;86
3051;86
3052;86
3053;86
3054;86
3055;86
3056;86
3057;86
3058;86
3059;86
3060;86
3061;86
3062;86
3063;86
3064;86
3065;86
3066;86
3067;86
3068;86
3069;86
3070;86
3071;86
3072;86
3073;86
3074;86
3075;86
3076;86
3077;86
3078;86
3079;86
3080;86
3081;86
3082;86
3083;86
3084;86
3085;86
3086;86
3087;86
3088;86
3089;86
3090;86
3091;86
3092;86
3093;86
3094;86
3095;86
3096;86
3097;86
3098;86
3099;86
3100;86
3101;86
3102;86
3103;86
3104;86
3105;86
3106;86
3107;86
3108;86
3109;86
3110;86
3111;86
3112;86
3113;86
3114;86
3115;86
3116;86
3117;86
3118;86
3119;86
3120;86
3121;86
3122;86
3123;86
3124;86
3125;86
3126;86
3127;86
3128;86
3129;86
3130;86
3131;86
3132;86
3133;86
3134;86
3135;86
3136;86
3137;86
3138;86
3139;86
3140;86
3141;86
3142;86
3143;86
3144;86
3145;86
3146;86
3147;86
3148;86
3149;86
3150;86
3151;86
3152;86
3153;86
3154;86
3155;86
3156;86
3157;86
3158;86
3159;86
3160;86
3161;86
3162;86
3163;86
3164;86
3165;86
3166;86
3167;86
3168;86
3169;86
3170;86
3171;86
3172;86
3173;86
3174;86
3175;86
3176;86
3177;86
3178;86
3179;86
3180;86
3181;86
3182;86
3183;86
3184;86
3185;86
3186;86
3187;86
3188;86
3189;86
3190;86
3191;86
3192;86
3193;86
3194;86
3195;86
3196;86
3197;86
3198;86
3199;86
3200;86
3201;86
3202;86
3203;86
3204;86
3205;86
3206;86
3207;86
3208;86
3209;86
3210;86
3211;86
3212;86
3213;86
3214;86
3215;86
3216;86
3217;86
3218;86
3219;86
3220;86
3221;86
3222;86
3223;86
3224;86
3225;86
3226;86
3227;86
3228;86
3229;86
3230;86
3231;86
3232;86
3233;86
3234;86
3235;86
3236;86
3237;86
3238;86
3239;86
3240;86
3241;86
3242;86
3243;86
3244;86
3245;86
3246;86
3247;86
3248;86
3249;86
3250;86
3251;86
3252;86
3253;86
3254;86
3255;86
3256;86
3257;86
3258;86
3259;86
3260;86
3261;86
3262;86
3263;86
3264;86
3265;86
3266;86
3267;86
3268;86
3269;86
3270;86
3271;86
3272;86
3273;86
3274;86
3275;86
3276;86
3277;86
3278;86
3279;86
3280;86
3281;86
3282;86
3283;86
3284;86
3285;86
3286;86
3287;86
3288;86
3289;86
3290;86
3291;86
3292;86
3293;86
3294;86
3295;86
3296;86
3297;86
3298;86
3299;86
3300;86
3301;86
3302;86
3303;86
3304;86
3305;86
3306;86
3307;86
3308;86
3309;86
3310;86
3311;86
3312;86
3313;86
3314;86
3315;86
3316;86
3317;86
3318;86
3319;86
3320;86
3321;86
3322;86
3323;86
3324;86
3325;86
3326;86
3327;86
3328;86
3329;86
3330;86
3331;86
3332;86
3333;86
3334;86
3335;86
3336;86
3337;86
3338;86
3339;86
3340;86
3341;86
3342;86
3343;86
3344;86
3345;86
3346;86
3347;86
3348;86
3349;86
3350;86
3351;86
3352;86
3353;86
3354;86
3355;86
3356;86
3357;86
3358;86
3359;86
3360;86
3361;86
3362;86
3363;86
3364;86
3365;86
3366;86
3367;86
3368;86
3369;86
3370;86
3371;86
3372;86
3373;86
3374;86
3375;86
3376;86
3377;86
3378;86
3379;86
3380;86
3381;86
3382;86
3383;86
3384;86
3385;86
3386;86
3387;86
3388;86
3389;86
3390;86
3391;86
3392;86
3393;86
3394;86
3395;86
3396;86
3397;86
3398;86
3399;86
3400;86
3401;86
3402;86
3403;86
3404;86
3405;86
3406;86
3407;86
3408;86
3409;86
3410;86
3411;86
3412;86
3413;86
3414;86
3415;86
3416;86
3417;86
3418;86
3419;86
3420;86
3421;86
3422;86
3423;86
3424;86
3425;86
3426;86
3427;86
3428;86
3429;86
3430;86
3431;86
3432;86
3433;86
3434;86
3435;86
3436;86
3437;86
3438;86
3439;86
3440;86
3441;86
3442;86
3443;86
3444;86
3445;86
3446;86
3447;86
3448;86
3449;86
3450;86
3451;86
3452;86
3453;86
3454;86
3455;86
3456;86
3457;86
3458;86
3459;86
3460;86
3461;86
3462;86
3463;86
3464;86
3465;86
3466;86
3467;86
3468;86
3469;86
3470;86
3471;86
3472;86
3473;86
3474;86
3475;86
3476;86
3477;86
3478;86
3479;86
3480;86
3481;86
3482;86
3483;86
3484;86
3485;86
3486;86
3487;86
3488;86
3489;86
3490;86
3491;86
3492;86
3493;86
3494;86
3495;86
3496;86
3497;86
3498;86
3499;86
3500;86
3501;86
3502;86
3503;86
3504;86
3505;86
3506;86
3507;86
3508;86
3509;86
3510;86
3511;86
3512;86
3513;86
3514;86
3515;86
3516;86
3517;86
3518;86
3519;86
3520;86
3521;86
3522;86
3523;86
3524;86
3525;86
3526;86
3527;86
3528;86
3529;86
3530;86
3531;86
3532;86
3533;86
3534;86
3535;86
3536;86
3537;86
3538;86
3539;86
3540;86
3541;86
3542;86
3543;86
3544;86
3545;86
3546;86
3547;86
3548;86
3549;86
3550;86
3551;86
3552;86
3553;86
3554;86
3555;86
3556;86
3557;86
3558;86
3559;86
3560;86
3561;86
3562;86
3563;86
3564;86
3565;86
3566;86
3567;86
3568;86
3569;86
3570;86
3571;86
3572;86
3573;86
3574;86
3575;86
3576;86
3577;86
3578;86
3579;86
3580;86
3581;86
3582;86
3583;86
3584;86
3585;86
3586;86
3587;86
3588;86
3589;86
3590;86
3591;86
3592;86
3593;86
3594;86
3595;86
3596;86
3597;86
3598;86
3599;86
3600;86
3601;86
3602;86
3603;86
3604;86
3605;86
3606;86
3607;86
3608;86
3609;86
3610;86
3611;86
3612;86
3613;86
3614;86
3615;86
3616;86
3617;86
3618;86
3619;86
3620;86
3621;86
3622;86
3623;86
3624;86
3625;86
3626;86
3627;86
3628;86
3629;86
3630;86
3631;86
3632;86
3633;86
3634;86
3635;86
3636;86
3637;86
3638;86
3639;86
3640;86
3641;86
3642;86
3643;86
3644;86
3645;86
3646;86
3647;86
3648;86
3649;86
3650;86
3651;86
3652;86
3653;86
3654;86
3655;86
3656;86
3657;86
3658;86
3659;86
3660;86
3661;86
3662;86
3663;86
3664;86
3665;86
3666;86
3667;86
3668;86
3669;86
3670;86
3671;86
3672;86
3673;86
3674;86
3675;86
3676;86
3677;86
3678;86
3679;86
3680;86
3681;86
3682;86
3683;86
3684;86
3685;86
3686;86
3687;86
3688;86
3689;86
3690;86
3691;86
3692;86
3693;86
3694;86
3695;86
3696;86
3697;86
3698;86
3699;86
3700;86
3701;86
3702;86
3703;86
3704;86
3705;86
3706;86
3707;86
3708;86
3709;86
3710;86
3711;86
3712;86
3713;86
3714;86
3715;86
3716;86
3717;86
3718;86
3719;86
3720;86
3721;86
3722;86
3723;86
3724;86
3725;86
3726;86
3727;86
3728;86
3729;86
3730;86
3731;86
3732;86
3733;86
3734;86
3735;86
3736;86
3737;86
3738;86
3739;86
3740;86
3741;86
3742;86
3743;86
3744;86
3745;86
3746;86
3747;86
3748;86
3749;86
3750;86
3751;86
3752;86
3753;86
3754;86
3755;86
3756;86
3757;86
3758;86
3759;86
3760;86
3761;86
3762;86
3763;86
3764;86
3765;86
3766;86
3767;86
3768;86
3769;86
3770;86
3771;86
3772;86
3773;86
3774;86
3775;86
3776;86
3777;86
3778;86
3779;86
3780;86
3781;86
3782;86
3783;86
3784;86
3785;86
3786;86
3787;86
3788;86
3789;86
3790;86
3791;86
3792;86
3793;86
3794;86
3795;86
3796;86
3797;86
3798;86
3799;86
3800;86
3801;86
3802;86
3803;86
3804;86
3805;86
3806;86
3807;86
3808;86
3809;86
3810;86
3811;86
3812;86
3813;86
3814;86
3815;86
3816;86
3817;86
3818;86
3819;86
3820;86
3821;86
3822;86
3823;86
3824;86
3825;86
3826;86
3827;86
3828;86
3829;86
3830;86
3831;86
3832;86
3833;86
3834;86
3835;86
3836;86
3837;86
3838;86
3839;86
3840;86
3841;86
3842;86
3843;86
3844;86
3845;86
3846;86
3847;86
3848;86
3849;86
3850;86
3851;86
3852;86
3853;86
3854;86
3855;86
3856;86
3857;86
3858;86
3859;86
3860;86
3861;86
3862;86
3863;86
3864;86
3865;86
3866;86
3867;86
3868;86
3869;86
3870;86
3871;86
3872;86
3873;86
3874;86
3875;86
3876;86
3877;86
3878;86
3879;86
3880;86
3881;86
3882;86
3883;86
3884;86
3885;86
3886;86
3887;86
3888;86
3889;86
3890;86
3891;86
3892;86
3893;86
3894;86
3895;86
3896;86
3897;86
3898;86
3899;86
3900;86
3901;86
3902;86
3903;86
3904;86
3905;86
3906;86
3907;86
3908;86
3909;86
3910;86
3911;86
3912;86
3913;86
3914;86
3915;86
3916;86
3917;86
3918;86
3919;86
3920;86
3921;86
3922;86
3923;86
3924;86
3925;86
3926;86
3927;86
3928;86
3929;86
3930;86
3931;86
3932;86
3933;86
3934;86
3935;86
3936;86
3937;86
3938;86
3939;86
3940;86
3941;86
3942;86
3943;86
3944;86
3945;86
3946;86
3947;86
3948;86
3949;86
3950;86
3951;86
3952;86
3953;86
3954;86
3955;86
3956;86
3957;86
3958;86
3959;86
3960;86
3961;86
3962;86
3963;86
3964;86
3965;86
3966;86
3967;86
3968;86
3969;86
3970;86
3971;86
3972;86
3973;86
3974;86
3975;86
3976;86
3977;86
3978;86
3979;86
3980;86
3981;86
3982;86
3983;86
3984;86
3985;86
3986;86
3987;86
3988;86
3989;86
3990;86
3991;86
3992;86
3993;86
3994;86
3995;86
3996;86
3997;86
3998;86
3999;86
4000;86
4001;86
4002;86
4003;86
4004;86
4005;86
4006;86
4007;86
4008;86
4009;86
4010;86
4011;86
4012;86
4013;86
4014;86
4015;86
4016;86
4017;86
4018;86
4019;86
4020;86
4021;86
4022;86
4023;86
4024;86
4025;86
4026;86
4027;86
4028;86
4029;86
4030;86
4031;86
4032;86
4033;86
4034;86
4035;86
4036;86
4037;86
4038;86
4039;86
4040;86
4041;86
4042;86
4043;86
4044;86
4045;86
4046;86
4047;86
4048;86
4049;86
4050;86
4051;86
4052;86
4053;86
4054;86
4055;86
4056;86
4057;86
4058;86
4059;86
4060;86
4061;86
4062;86
4063;86
4064;86
4065;86
4066;86
4067;86
4068;86
4069;86
4070;86
4071;86
4072;86
4073;86
4074;86
4075;86
4076;86
4077;86
4078;86
4079;86
4080;86
4081;86
4082;86
4083;86
4084;86
4085;86
4086;86
4087;86
4088;86
4089;86
4090;86
4091;86
4092;86
4093;86
4094;86
4095;86
4096;86
4097;86
4098;86
4099;86
4100;86
4101;86
4102;86
4103;86
4104;86
4105;86
4106;86
4107;86
4108;86
4109;86
4110;86
4111;86
4112;86
4113;86
4114;86
4115;86
4116;86
4117;86
4118;86
4119;86
4120;86
4121;86
4122;86
4123;86
4124;86
4125;86
4126;86
4127;86
4128;86
4129;86
4130;86
4131;86
4132;86
4133;86
4134;86
4135;86
4136;86
4137;86
4138;86
4139;86
4140;86
4141;86
4142;86
4143;86
4144;86
4145;86
4146;86
4147;86
4148;86
4149;86
4150;86
4151;86
4152;86
4153;86
4154;86
4155;86
4156;86
4157;86
4158;86
4159;86
4160;86
4161;86
4162;86
4163;86
4164;86
4165;86
4166;86
4167;86
4168;86
4169;86
4170;86
4171;86
4172;86
4173;86
4174;86
4175;86
4176;86
4177;86
4178;86
4179;86
4180;86
4181;86
4182;86
4183;86
4184;86
4185;86
4186;86
4187;86
4188;86
4189;86
4190;86
4191;86
4192;86
4193;86
4194;86
4195;86
4196;86
4197;86
4198;86
4199;86
4200;86
4201;86
4202;86
4203;86
4204;86
4205;86
4206;86
4207;86
4208;86
4209;86
4210;86
4211;86
4212;86
4213;86
4214;86
4215;86
4216;86
4217;86
4218;86
4219;86
4220;86
4221;86
4222;86
4223;86
4224;86
4225;86
4226;86
4227;86
4228;86
4229;86
4230;86
4231;86
4232;86
4233;86
4234;86
4235;86
4236;86
4237;86
4238;86
4239;86
4240;86
4241;86
4242;86
4243;86
4244;86
4245;86
4246;86
4247;86
4248;86
4249;86
4250;86
4251;86
4252;86
4253;86
4254;86
4255;86
4256;86
4257;86
4258;86
4259;86
4260;86
4261;86
4262;86
4263;86
4264;86
4265;86
4266;86
4267;86
4268;86
4269;86
4270;86
4271;86
4272;86
4273;86
4274;86
4275;86
4276;86
4277;86
4278;86
4279;86
4280;86
4281;86
4282;86
4283;86
4284;86
4285;86
4286;86
4287;86
4288;86
4289;86
4290;86
4291;86
4292;86
4293;86
4294;86
4295;86
4296;86
4297;86
4298;86
4299;86
4300;86
4301;86
4302;86
4303;86
4304;86
4305;86
4306;86
4307;86
4308;86
4309;86
4310;86
4311;86
4312;86
4313;86
4314;86
4315;86
4316;86
4317;86
4318;86
4319;86
4320;86
4321;86
4322;86
4323;86
4324;86
4325;86
4326;86
4327;86
4328;86
4329;86
4330;86
4331;86
4332;86
4333;86
4334;86
4335;86
4336;86
4337;86
4338;86
4339;86
4340;86
4341;86
4342;86
4343;86
4344;86
4345;86
4346;86
4347;86
4348;86
4349;86
4350;86
4351;86
4352;86
4353;86
4354;86
4355;86
4356;86
4357;86
4358;86
4359;86
4360;86
4361;86
4362;86
4363;86
4364;86
4365;86
4366;86
4367;86
4368;86
4369;86
4370;86
4371;86
4372;86
4373;86
4374;86
4375;86
4376;86
4377;86
4378;86
4379;86
4380;86
4381;86
4382;86
4383;86
4384;86
4385;86
4386;86
4387;86
4388;86
4389;86
4390;86
4391;86
4392;86
4393;86
4394;86
4395;86
4396;86
4397;86
4398;86
4399;86
4400;86
4401;86
4402;86
4403;86
4404;86
4405;86
4406;86
4407;86
4408;86
4409;86
4410;86
4411;86
4412;86
4413;86
4414;86
4415;86
4416;86
4417;86
4418;86
4419;86
4420;86
4421;86
4422;86
4423;86
4424;86
4425;86
4426;86
4427;86
4428;86
4429;86
4430;86
4431;86
4432;86
4433;86
4434;86
4435;86
4436;86
4437;86
4438;86
4439;86
4440;86
4441;86
4442;86
4443;86
4444;86
4445;86
4446;86
4447;86
4448;86
4449;86
4450;86
4451;86
4452;86
4453;86
4454;86
4455;86
4456;86
4457;86
4458;86
4459;86
4460;86
4461;86
4462;86
4463;86
4464;86
4465;86
4466;86
4467;86
4468;86
4469;86
4470;86
4471;86
4472;86
4473;86
4474;86
4475;86
4476;86
4477;86
4478;86
4479;86
4480;86
4481;86
4482;86
4483;86
4484;86
4485;86
4486;86
4487;86
4488;86
4489;86
4490;86
4491;86
4492;86
4493;86
4494;86
4495;86
4496;86
4497;86
4498;86
4499;86
4500;86
4501;86
4502;86
4503;86
4504;86
4505;86
4506;86
4507;86
4508;86
4509;86
4510;86
4511;86
4512;86
4513;86
4514;86
4515;86
4516;86
4517;86
4518;86
4519;86
4520;86
4521;86
4522;86
4523;86
4524;86
4525;86
4526;86
4527;86
4528;86
4529;86
4530;86
4531;86
4532;86
4533;86
4534;86
4535;86
4536;86
4537;86
4538;86
4539;86
4540;86
4541;86
4542;86
4543;86
4544;86
4545;86
4546;86
4547;86
4548;86
4549;86
4550;86
4551;86
4552;86
4553;86
4554;86
4555;86
4556;86
4557;86
4558;86
4559;86
4560;86
4561;86
4562;86
4563;86
4564;86
4565;86
4566;86
4567;86
4568;86
4569;86
4570;86
4571;86
4572;86
4573;86
4574;86
4575;86
4576;86
4577;86
4578;86
4579;86
4580;86
4581;86
4582;86
4583;86
4584;86
4585;86
4586;86
4587;86
4588;86
4589;86
4590;86
4591;86
4592;86
4593;86
4594;86
4595;86
4596;86
4597;86
4598;86
4599;86
4600;86
4601;86
4602;86
4603;86
4604;86
4605;86
4606;86
4607;86
4608;86
4609;86
4610;86
4611;86
4612;86
4613;86
4614;86
4615;86
4616;86
4617;86
4618;86
4619;86
4620;86
4621;86
4622;86
4623;86
4624;86
4625;86
4626;86
4627;86
4628;86
4629;86
4630;86
4631;86
4632;86
4633;86
4634;86
4635;86
4636;86
4637;86
4638;86
4639;86
4640;86
4641;86
4642;86
4643;86
4644;86
4645;86
4646;86
4647;86
4648;86
4649;86
4650;86
4651;86
4652;86
4653;86
4654;86
4655;86
4656;86
4657;86
4658;86
4659;86
4660;86
4661;86
4662;86
4663;86
4664;86
4665;86
4666;86
4667;86
4668;86
4669;86
4670;86
4671;86
4672;86
4673;86
4674;86
4675;86
4676;86
4677;86
4678;86
4679;86
4680;86
4681;86
4682;86
4683;86
4684;86
4685;86
4686;86
4687;86
4688;86
4689;86
4690;86
4691;86
4692;86
4693;86
4694;86
4695;86
4696;86
4697;86
4698;86
4699;86
4700;86
4701;86
4702;86
4703;86
4704;86
4705;86
4706;86
4707;86
4708;86
4709;86
4710;86
4711;86
4712;86
4713;86
4714;86
4715;86
4716;86
4717;86
4718;86
4719;86
4720;86
4721;86
4722;86
4723;86
4724;86
4725;86
4726;86
4727;86
4728;86
4729;86
4730;86
4731;86
4732;86
4733;86
4734;86
4735;86
4736;86
4737;86
4738;86
4739;86
4740;86
4741;86
4742;86
4743;86
4744;86
4745;86
4746;86
4747;86
4748;86
4749;86
4750;86
4751;86
4752;86
4753;86
4754;86
4755;86
4756;86
4757;86
4758;86
4759;86
4760;86
4761;86
4762;86
4763;86
4764;86
4765;86
4766;86
4767;86
4768;86
4769;86
4770;86
4771;86
4772;86
4773;86
4774;86
4775;86
4776;86
4777;86
4778;86
4779;86
4780;86
4781;86
4782;86
4783;86
4784;86
4785;86
4786;86
4787;86
4788;86
4789;86
4790;86
4791;86
4792;86
4793;86
4794;86
4795;86
4796;86
4797;86
4798;86
4799;86
4800;86
4801;86
4802;86
4803;86
4804;86
4805;86
4806;86
4807;86
4808;86
4809;86
4810;86
4811;86
4812;86
4813;86
4814;86
4815;86
4816;86
4817;86
4818;86
4819;86
4820;86
4821;86
4822;86
4823;86
4824;86
4825;86
4826;86
4827;86
4828;86
4829;86
4830;86
4831;86
4832;86
4833;86
4834;86
4835;86
4836;86
4837;86
4838;86
4839;86
4840;86
4841;86
4842;86
4843;86
4844;86
4845;86
4846;86
4847;86
4848;86
4849;86
4850;86
4851;86
4852;86
4853;86
4854;86
4855;86
4856;86
4857;86
4858;86
4859;86
4860;86
4861;86
4862;86
4863;86
4864;86
4865;86
4866;86
4867;86
4868;86
4869;86
4870;86
4871;86
4872;86
4873;86
4874;86
4875;86
4876;86
4877;86
4878;86
4879;86
4880;86
4881;86
4882;86
4883;86
4884;86
4885;86
4886;86
4887;86
4888;86
4889;86
4890;86
4891;86
4892;86
4893;86
4894;86
4895;86
4896;86
4897;86
4898;86
4899;86
4900;86
4901;86
4902;86
4903;86
4904;86
4905;86
4906;86
4907;86
4908;86
4909;86
4910;86
4911;86
4912;86
4913;86
4914;86
4915;86
4916;86
4917;86
4918;86
4919;86
4920;86
4921;86
4922;86
4923;86
4924;86
4925;86
4926;86
4927;86
4928;86
4929;86
4930;86
4931;86
4932;86
4933;86
4934;86
4935;86
4936;86
4937;86
4938;86
4939;86
4940;86
4941;86
4942;86
4943;86
4944;86
4945;86
4946;86
4947;86
4948;86
4949;86
4950;86
4951;86
4952;86
4953;86
4954;86
4955;86
4956;86
4957;86
4958;86
4959;86
4960;86
4961;86
4962;86
4963;86
4964;86
4965;86
4966;86
4967;86
4968;86
4969;86
4970;86
4971;86
4972;86
4973;86
4974;86
4975;86
4976;86
4977;86
4978;86
4979;86
4980;86
4981;86
4982;86
4983;86
4984;86
4985;86
4986;86
4987;86
4988;86
4989;86
4990;86
4991;86
4992;86
4993;86
4994;86
4995;86
4996;86
4997;86
4998;86
4999;86
5000;86
5001;86
5002;86
5003;86
5004;86
5005;86
5006;86
5007;86
5008;86
5009;86
5010;86
5011;86
5012;86
5013;86
5014;86
5015;86
5016;86
5017;86
5018;86
5019;86
5020;86
5021;86
5022;86
5023;86
5024;86
5025;86
5026;86
5027;86
5028;86
5029;86
5030;86
5031;86
5032;86
5033;86
5034;86
5035;86
5036;86
5037;86
5038;86
5039;86
5040;86
5041;86
5042;86
5043;86
5044;86
5045;86
5046;86
5047;86
5048;86
5049;86
5050;86
5051;86
5052;86
5053;86
5054;86
5055;86
5056;86
5057;86
5058;86
5059;86
5060;86
5061;86
5062;86
5063;86
5064;86
5065;86
5066;86
5067;86
5068;86
5069;86
5070;86
5071;86
5072;86
5073;86
5074;86
5075;86
5076;86
5077;86
5078;86
5079;86
5080;86
5081;86
5082;86
5083;86
5084;86
5085;86
5086;86
5087;86
5088;86
5089;86
5090;86
5091;86
5092;86
5093;86
5094;86
5095;86
5096;86
5097;86
5098;86
5099;86
5100;86
5101;86
5102;86
5103;86
5104;86
5105;86
5106;86
5107;86
5108;86
5109;86
5110;86
5111;86
5112;86
5113;86
5114;86
5115;86
5116;86
5117;86
5118;86
5119;86
5120;86
5121;86
5122;86
5123;86
5124;86
5125;86
5126;86
5127;86
5128;86
5129;86
5130;86
5131;86
5132;86
5133;86
5134;86
5135;86
5136;86
5137;86
5138;86
5139;86
5140;86
5141;86
5142;86
5143;86
5144;86
5145;86
5146;86
5147;86
5148;86
5149;86
5150;86
5151;86
5152;86
5153;86
5154;86
5155;86
5156;86
5157;86
5158;86
5159;86
5160;86
5161;86
5162;86
5163;86
5164;86
5165;86
5166;86
5167;86
5168;86
5169;86
5170;86
5171;86
5172;86
5173;86
5174;86
5175;86
5176;86
5177;86
5178;86
5179;86
5180;86
5181;86
5182;86
5183;86
5184;86
5185;86
5186;86
5187;86
5188;86
5189;86
5190;86
5191;86
5192;86
5193;86
5194;86
5195;86
5196;86
5197;86
5198;86
5199;86
5200;86
5201;86
5202;86
5203;86
5204;86
5205;86
5206;86
5207;86
5208;86
5209;86
5210;86
5211;86
5212;86
5213;86
5214;86
5215;86
5216;86
5217;86
5218;86
5219;86
5220;86
5221;86
5222;86
5223;86
5224;86
5225;86
5226;86
5227;86
5228;86
5229;86
5230;86
5231;86
5232;86
5233;86
5234;86
5235;86
5236;86
5237;86
5238;86
5239;86
5240;86
5241;86
5242;86
5243;86
5244;86
5245;86
5246;86
5247;86
5248;86
5249;86
5250;86
5251;86
5252;86
5253;86
5254;86
5255;86
5256;86
5257;86
5258;86
5259;86
5260;86
5261;86
5262;86
5263;86
5264;86
5265;86
5266;86
5267;86
5268;86
5269;86
5270;86
5271;86
5272;86
5273;86
5274;86
5275;86
5276;86
5277;86
5278;86
5279;86
5280;86
5281;86
5282;86
5283;86
5284;86
5285;86
5286;86
5287;86
5288;86
5289;86
5290;86
5291;86
5292;86
5293;86
5294;86
5295;86
5296;86
5297;86
5298;86
5299;86
5300;86
5301;86
5302;86
5303;86
5304;86
5305;86
5306;86
5307;86
5308;86
5309;86
5310;86
5311;86
5312;86
5313;86
5314;86
5315;86
5316;86
5317;86
5318;86
5319;86
5320;86
5321;86
5322;86
5323;86
5324;86
5325;86
5326;86
5327;86
5328;86
5329;86
5330;86
5331;86
5332;86
5333;86
5334;86
5335;86
5336;86
5337;86
5338;86
5339;86
5340;86
5341;86
5342;86
5343;86
5344;86
5345;86
5346;86
5347;86
5348;86
5349;86
5350;86
5351;86
5352;86
5353;86
5354;86
5355;86
5356;86
5357;86
5358;86
5359;86
5360;86
5361;86
5362;86
5363;86
5364;86
5365;86
5366;86
5367;86
5368;86
5369;86
5370;86
5371;86
5372;86
5373;86
5374;86
5375;86
5376;86
5377;86
5378;86
5379;86
5380;86
5381;86
5382;86
5383;86
5384;86
5385;86
5386;86
5387;86
5388;86
5389;86
5390;86
5391;86
5392;86
5393;86
5394;86
5395;86
5396;86
5397;86
5398;86
5399;86
5400;86
5401;86
5402;86
5403;86
5404;86
5405;86
5406;86
5407;86
5408;86
5409;86
5410;86
5411;86
5412;86
5413;86
5414;86
5415;86
5416;86
5417;86
5418;86
5419;86
5420;86
5421;86
5422;86
5423;86
5424;86
5425;86
5426;86
5427;86
5428;86
5429;86
5430;86
5431;86
5432;86
5433;86
5434;86
5435;86
5436;86
5437;86
5438;86
5439;86
5440;86
5441;86
5442;86
5443;86
5444;86
5445;86
5446;86
5447;86
5448;86
5449;86
5450;86
5451;86
5452;86
5453;86
5454;86
5455;86
5456;86
5457;86
5458;86
5459;86
5460;86
5461;86
5462;86
5463;86
5464;86
5465;86
5466;86
5467;86
5468;86
5469;86
5470;86
5471;86
5472;86
5473;86
5474;86
5475;86
5476;86
5477;86
5478;86
5479;86
5480;86
5481;86
5482;86
5483;86
5484;86
5485;86
5486;86
5487;86
5488;86
5489;86
5490;86
5491;86
5492;86
5493;86
5494;86
5495;86
5496;86
5497;86
5498;86
5499;86
5500;86
5501;86
5502;86
5503;86
5504;86
5505;86
5506;86
5507;86
5508;86
5509;86
5510;86
5511;86
5512;86
5513;86
5514;86
5515;86
5516;86
5517;86
5518;86
5519;86
5520;86
5521;86
5522;86
5523;86
5524;86
5525;86
5526;86
5527;86
5528;86
5529;86
5530;86
5531;86
5532;86
5533;86
5534;86
5535;86
5536;86
5537;86
5538;86
5539;86
5540;86
5541;86
5542;86
5543;86
5544;86
5545;86
5546;86
5547;86
5548;86
5549;86
5550;86
5551;86
5552;86
5553;86
5554;86
5555;86
5556;86
5557;86
5558;86
5559;86
5560;86
5561;86
5562;86
5563;86
5564;86
5565;86
5566;86
5567;86
5568;86
5569;86
5570;86
5571;86
5572;86
5573;86
5574;86
5575;86
5576;86
5577;86
5578;86
5579;86
5580;86
5581;86
5582;86
5583;86
5584;86
5585;86
5586;86
5587;86
5588;86
5589;86
5590;86
5591;86
5592;86
5593;86
5594;86
5595;86
5596;86
5597;86
5598;86
5599;86
5600;86
5601;86
5602;86
5603;86
5604;86
5605;86
5606;86
5607;86
5608;86
5609;86
5610;86
5611;86
5612;86
5613;86
5614;86
5615;86
5616;86
5617;86
5618;86
5619;86
5620;86
5621;86
5622;86
5623;86
5624;86
5625;86
5626;86
5627;86
5628;86
5629;86
5630;86
5631;86
5632;86
5633;86
5634;86
5635;86
5636;86
5637;86
5638;86
5639;86
5640;86
5641;86
5642;86
5643;86
5644;86
5645;86
5646;86
5647;86
5648;86
5649;86
5650;86
5651;86
5652;86
5653;86
5654;86
5655;86
5656;86
5657;86
5658;86
5659;86
5660;86
5661;86
5662;86
5663;86
5664;86
5665;86
5666;86
5667;86
5668;86
5669;86
5670;86
5671;86
5672;86
5673;86
5674;86
5675;86
5676;86
5677;86
5678;86
5679;86
5680;86
5681;86
5682;86
5683;86
5684;86
5685;86
5686;86
5687;86
5688;86
5689;86
5690;86
5691;86
5692;86
5693;86
5694;86
5695;86
5696;86
5697;86
5698;86
5699;86
5700;86
5701;86
5702;86
5703;86
5704;86
5705;86
5706;86
5707;86
5708;86
5709;86
5710;86
5711;86
5712;86
5713;86
5714;86
5715;86
5716;86
5717;86
5718;86
5719;86
5720;86
5721;86
5722;86
5723;86
5724;86
5725;86
5726;86
5727;86
5728;86
5729;86
5730;86
5731;86
5732;86
5733;86
5734;86
5735;86
5736;86
5737;86
5738;86
5739;86
5740;86
5741;86
5742;86
5743;86
5744;86
5745;86
5746;86
5747;86
5748;86
5749;86
5750;86
5751;86
5752;86
5753;86
5754;86
5755;86
5756;86
5757;86
5758;86
5759;86
5760;86
5761;86
5762;86
5763;86
5764;86
5765;86
5766;86
5767;86
5768;86
5769;86
5770;86
5771;86
5772;86
5773;86
5774;86
5775;86
5776;86
5777;86
5778;86
5779;86
5780;86
5781;86
5782;86
5783;86
5784;86
5785;86
5786;86
5787;86
5788;86
5789;86
5790;86
5791;86
5792;86
5793;86
5794;86
5795;86
5796;86
5797;86
5798;86
5799;86
5800;86
5801;86
5802;86
5803;86
5804;86
5805;86
5806;86
5807;86
5808;86
5809;86
5810;86
5811;86
5812;86
5813;86
5814;86
5815;86
5816;86
5817;86
5818;86
5819;86
5820;86
5821;86
5822;86
5823;86
5824;86
5825;86
5826;86
5827;86
5828;86
5829;86
5830;86
5831;86
5832;86
5833;86
5834;86
5835;86
5836;86
5837;86
5838;86
5839;86
5840;86
5841;86
5842;86
5843;86
5844;86
5845;86
5846;86
5847;86
5848;86
5849;86
5850;86
5851;86
5852;86
5853;86
5854;86
5855;86
5856;86
5857;86
5858;86
5859;86
5860;86
5861;86
5862;86
5863;86
5864;86
5865;86
5866;86
5867;86
5868;86
5869;86
5870;86
5871;86
5872;86
5873;86
5874;86
5875;86
5876;86
5877;86
5878;86
5879;86
5880;86
5881;86
5882;86
5883;86
5884;86
5885;86
5886;86
5887;86
5888;86
5889;86
5890;86
5891;86
5892;86
5893;86
5894;86
5895;86
5896;86
5897;86
5898;86
5899;86
5900;86
5901;86
5902;86
5903;86
5904;86
5905;86
5906;86
5907;86
5908;86
5909;86
5910;86
5911;86
5912;86
5913;86
5914;86
5915;86
5916;86
5917;86
5918;86
5919;86
5920;86
5921;86
5922;86
5923;86
5924;86
5925;86
5926;86
5927;86
5928;86
5929;86
5930;86
5931;86
5932;86
5933;86
5934;86
5935;86
5936;86
5937;86
5938;86
5939;86
5940;86
5941;86
5942;86
5943;86
5944;86
5945;86
5946;86
5947;86
5948;86
5949;86
5950;86
5951;86
5952;86
5953;86
5954;86
5955;86
5956;86
5957;86
5958;86
5959;86
5960;86
5961;86
5962;86
5963;86
5964;86
5965;86
5966;86
5967;86
5968;86
5969;86
5970;86
5971;86
5972;86
5973;86
5974;86
5975;86
5976;86
5977;86
5978;86
5979;86
5980;86
5981;86
5982;86
5983;86
5984;86
5985;86
5986;86
5987;86
5988;86
5989;86
5990;86
5991;86
5992;86
5993;86
5994;86
5995;86
5996;86
5997;86
5998;86
5999;86
6000;86
6001;86
6002;86
6003;86
6004;86
6005;86
6006;86
6007;86
6008;86
6009;86
6010;86
6011;86
6012;86
6013;86
6014;86
6015;86
6016;86
6017;86
6018;86
6019;86
6020;86
6021;86
6022;86
6023;86
6024;86
6025;86
6026;86
6027;86
6028;86
6029;86
6030;86
6031;86
6032;86
6033;86
6034;86
6035;86
6036;86
6037;86
6038;86
6039;86
6040;86
6041;86
6042;86
6043;86
6044;86
6045;86
6046;86
6047;86
6048;86
6049;86
6050;86
6051;86
6052;86
6053;86
6054;86
6055;86
6056;86
6057;86
6058;86
6059;86
6060;86
6061;86
6062;86
6063;86
6064;86
6065;86
6066;86
6067;86
6068;86
6069;86
6070;86
6071;86
6072;86
6073;86
6074;86
6075;86
6076;86
6077;86
6078;86
6079;86
6080;86
6081;86
6082;86
6083;86
6084;86
6085;86
6086;86
6087;86
6088;86
6089;86
6090;86
6091;86
6092;86
6093;86
6094;86
6095;86
6096;86
6097;86
6098;86
6099;86
6100;86
6101;86
6102;86
6103;86
6104;86
6105;86
6106;86
6107;86
6108;86
6109;86
6110;86
6111;86
6112;86
6113;86
6114;86
6115;86
6116;86
6117;86
6118;86
6119;86
6120;86
6121;86
6122;86
6123;86
6124;86
6125;86
6126;86
6127;86
6128;86
6129;86
6130;86
6131;86
6132;86
6133;86
6134;86
6135;86
6136;86
6137;86
6138;86
6139;86
6140;86
6141;86
6142;86
6143;86
6144;86
6145;86
6146;86
6147;86
6148;86
6149;86
6150;86
6151;86
6152;86
6153;86
6154;86
6155;86
6156;86
6157;86
6158;86
6159;86
6160;86
6161;86
6162;86
6163;86
6164;86
6165;86
6166;86
6167;86
6168;86
6169;86
6170;86
6171;86
6172;86
6173;86
6174;86
6175;86
6176;86
6177;86
6178;86
6179;86
6180;86
6181;86
6182;86
6183;86
6184;86
6185;86
6186;86
6187;86
6188;86
6189;86
6190;86
6191;86
6192;86
6193;86
6194;86
6195;86
6196;86
6197;86
6198;86
6199;86
6200;86
6201;86
6202;86
6203;86
6204;86
6205;86
6206;86
6207;86
6208;86
6209;86
6210;86
6211;86
6212;86
6213;86
6214;86
6215;86
6216;86
6217;86
6218;86
6219;86
6220;86
6221;86
6222;86
6223;86
6224;86
6225;86
6226;86
6227;86
6228;86
6229;86
6230;86
6231;86
6232;86
6233;86
6234;86
6235;86
6236;86
6237;86
6238;86
6239;86
6240;86
6241;86
6242;86
6243;86
6244;86
6245;86
6246;86
6247;86
6248;86
6249;86
6250;86
6251;86
6252;86
6253;86
6254;86
6255;86
6256;86
6257;86
6258;86
6259;86
6260;86
6261;86
6262;86
6263;86
6264;86
6265;86
6266;86
6267;86
6268;86
6269;86
6270;86
6271;86
6272;86
6273;86
6274;86
6275;86
6276;86
6277;86
6278;86
6279;86
6280;86
6281;86
6282;86
6283;86
6284;86
6285;86
6286;86
6287;86
6288;86
6289;86
6290;86
6291;86
6292;86
6293;86
6294;86
6295;86
6296;86
6297;86
6298;86
6299;86
6300;86
6301;86
6302;86
6303;86
6304;86
6305;86
6306;86
6307;86
6308;86
6309;86
6310;86
6311;86
6312;86
6313;86
6314;86
6315;86
6316;86
6317;86
6318;86
6319;86
6320;86
6321;86
6322;86
6323;86
6324;86
6325;86
6326;86
6327;86
6328;86
6329;86
6330;86
6331;86
6332;86
6333;86
6334;86
6335;86
6336;86
6337;86
6338;86
6339;86
6340;86
6341;86
6342;86
6343;86
6344;86
6345;86
6346;86
6347;86
6348;86
6349;86
6350;86
6351;86
6352;86
6353;86
6354;86
6355;86
6356;86
6357;86
6358;86
6359;86
6360;86
6361;86
6362;86
6363;86
6364;86
6365;86
6366;86
6367;86
6368;86
6369;86
6370;86
6371;86
6372;86
6373;86
6374;86
6375;86
6376;86
6377;86
6378;86
6379;86
6380;86
6381;86
6382;86
6383;86
6384;86
6385;86
6386;86
6387;86
6388;86
6389;86
6390;86
6391;86
6392;86
6393;86
6394;86
6395;86
6396;86
6397;86
6398;86
6399;86
6400;86
6401;86
6402;86
6403;86
6404;86
6405;86
6406;86
6407;86
6408;86
6409;86
6410;86
6411;86
6412;86
6413;86
6414;86
6415;86
6416;86
6417;86
6418;86
6419;86
6420;86
6421;86
6422;86
6423;86
6424;86
6425;86
6426;86
6427;86
6428;86
6429;86
6430;86
6431;86
6432;86
6433;86
6434;86
6435;86
6436;86
6437;86
6438;86
6439;86
6440;86
6441;86
6442;86
6443;86
6444;86
6445;86
6446;86
6447;86
6448;86
6449;86
6450;86
6451;86
6452;86
6453;86
6454;86
6455;86
6456;86
6457;86
6458;86
6459;86
6460;86
6461;86
6462;86
6463;86
6464;86
6465;86
6466;86
6467;86
6468;86
6469;86
6470;86
6471;86
6472;86
6473;86
6474;86
6475;86
6476;86
6477;86
6478;86
6479;86
6480;86
6481;86
6482;86
6483;86
6484;86
6485;86
6486;86
6487;86
6488;86
6489;86
6490;86
6491;86
6492;86
6493;86
6494;86
6495;86
6496;86
6497;86
6498;86
6499;86
6500;86
6501;86
6502;86
6503;86
6504;86
6505;86
6506;86
6507;86
6508;86
6509;86
6510;86
6511;86
6512;86
6513;86
6514;86
6515;86
6516;86
6517;86
6518;86
6519;86
6520;86
6521;86
6522;86
6523;86
6524;86
6525;86
6526;86
6527;86
6528;86
6529;86
6530;86
6531;86
6532;86
6533;86
6534;86
6535;86
6536;86
6537;86
6538;86
6539;86
6540;86
6541;86
6542;86
6543;86
6544;86
6545;86
6546;86
6547;86
6548;86
6549;86
6550;86
6551;86
6552;86
6553;86
6554;86
6555;86
6556;86
6557;86
6558;86
6559;86
6560;86
6561;86
6562;86
6563;86
6564;86
6565;86
6566;86
6567;86
6568;86
6569;86
6570;86
6571;86
6572;86
6573;86
6574;86
6575;86
6576;86
6577;86
6578;86
6579;86
6580;86
6581;86
6582;86
6583;86
6584;86
6585;86
6586;86
6587;86
6588;86
6589;86
6590;86
6591;86
6592;86
6593;86
6594;86
6595;86
6596;86
6597;86
6598;86
6599;86
6600;86
6601;86
6602;86
6603;86
6604;86
6605;86
6606;86
6607;86
6608;86
6609;86
6610;86
6611;86
6612;86
6613;86
6614;86
6615;86
6616;86
6617;86
6618;86
6619;86
6620;86
6621;86
6622;86
6623;86
6624;86
6625;86
6626;86
6627;86
6628;86
6629;86
6630;86
6631;86
6632;86
6633;86
6634;86
6635;86
6636;86
6637;86
6638;86
6639;86
6640;86
6641;86
6642;86
6643;86
6644;86
6645;86
6646;86
6647;86
6648;86
6649;86
6650;86
6651;86
6652;86
6653;86
6654;86
6655;86
6656;86
6657;86
6658;86
6659;86
6660;86
6661;86
6662;86
6663;86
6664;86
6665;86
6666;86
6667;86
6668;86
6669;86
6670;86
6671;86
6672;86
6673;86
6674;86
6675;86
6676;86
6677;86
6678;86
6679;86
6680;86
6681;86
6682;86
6683;86
6684;86
6685;86
6686;86
6687;86
6688;86
6689;86
6690;86
6691;86
6692;86
6693;86
6694;86
6695;86
6696;86
6697;86
6698;86
6699;86
6700;86
6701;86
6702;86
6703;86
6704;86
6705;86
6706;86
6707;86
6708;86
6709;86
6710;86
6711;86
6712;86
6713;86
6714;86
6715;86
6716;86
6717;86
6718;86
6719;86
6720;86
6721;86
6722;86
6723;86
6724;86
6725;86
6726;86
6727;86
6728;86
6729;86
6730;86
6731;86
6732;86
6733;86
6734;86
6735;86
6736;86
6737;86
6738;86
6739;86
6740;86
6741;86
6742;86
6743;86
6744;86
6745;86
6746;86
6747;86
6748;86
6749;86
6750;86
6751;86
6752;86
6753;86
6754;86
6755;86
6756;86
6757;86
6758;86
6759;86
6760;86
6761;86
6762;86
6763;86
6764;86
6765;86
6766;86
6767;86
6768;86
6769;86
6770;86
6771;86
6772;86
6773;86
6774;86
6775;86
6776;86
6777;86
6778;86
6779;86
6780;86
6781;86
6782;86
6783;86
6784;86
6785;86
6786;86
6787;86
6788;86
6789;86
6790;86
6791;86
6792;86
6793;86
6794;86
6795;86
6796;86
6797;86
6798;86
6799;86
6800;86
6801;86
6802;86
6803;86
6804;86
6805;86
6806;86
6807;86
6808;86
6809;86
6810;86
6811;86
6812;86
6813;86
6814;86
6815;86
6816;86
6817;86
6818;86
6819;86
6820;86
6821;86
6822;86
6823;86
6824;86
6825;86
6826;86
6827;86
6828;86
6829;86
6830;86
6831;86
6832;86
6833;86
6834;86
6835;86
6836;86
6837;86
6838;86
6839;86
6840;86
6841;86
6842;86
6843;86
6844;86
6845;86
6846;86
6847;86
6848;86
6849;86
6850;86
6851;86
6852;86
6853;86
6854;86
6855;86
6856;86
6857;86
6858;86
6859;86
6860;86
6861;86
6862;86
6863;86
6864;86
6865;86
6866;86
6867;86
6868;86
6869;86
6870;86
6871;86
6872;86
6873;86
6874;86
6875;86
6876;86
6877;86
6878;86
6879;86
6880;86
6881;86
6882;86
6883;86
6884;86
6885;86
6886;86
6887;86
6888;86
6889;86
6890;86
6891;86
6892;86
6893;86
6894;86
6895;86
6896;86
6897;86
6898;86
6899;86
6900;86
6901;86
6902;86
6903;86
6904;86
6905;86
6906;86
6907;86
6908;86
6909;86
6910;86
6911;86
6912;86
6913;86
6914;86
6915;86
6916;86
6917;86
6918;86
6919;86
6920;86
6921;86
6922;86
6923;86
6924;86
6925;86
6926;86
6927;86
6928;86
6929;86
6930;86
6931;86
6932;86
6933;86
6934;86
6935;86
6936;86
6937;86
6938;86
6939;86
6940;86
6941;86
6942;86
6943;86
6944;86
6945;86
6946;86
6947;86
6948;86
6949;86
6950;86
6951;86
6952;86
6953;86
6954;86
6955;86
6956;86
6957;86
6958;86
6959;86
6960;86
6961;86
6962;86
6963;86
6964;86
6965;86
6966;86
6967;86
6968;86
6969;86
6970;86
6971;86
6972;86
6973;86
6974;86
6975;86
6976;86
6977;86
6978;86
6979;86
6980;86
6981;86
6982;86
6983;86
6984;86
6985;86
6986;86
6987;86
6988;86
6989;86
6990;86
6991;86
6992;86
6993;86
6994;86
6995;86
6996;86
6997;86
6998;86
6999;86
7000;86
7001;86
7002;86
7003;86
7004;86
7005;86
7006;86
7007;86
7008;86
7009;86
7010;86
7011;86
7012;86
7013;86
7014;86
7015;86
7016;86
7017;86
7018;86
7019;86
7020;86
7021;86
7022;86
7023;86
7024;86
7025;86
7026;86
7027;86
7028;86
7029;86
7030;86
7031;86
7032;86
7033;86
7034;86
7035;86
7036;86
7037;86
7038;86
7039;86
7040;86
7041;86
7042;86
7043;86
7044;86
7045;86
7046;86
7047;86
7048;86
7049;86
7050;86
7051;86
7052;86
7053;86
7054;86
7055;86
7056;86
7057;86
7058;86
7059;86
7060;86
7061;86
7062;86
7063;86
7064;86
7065;86
7066;86
7067;86
7068;86
7069;86
7070;86
7071;86
7072;86
7073;86
7074;86
7075;86
7076;86
7077;86
7078;86
7079;86
7080;86
7081;86
7082;86
7083;86
7084;86
7085;86
7086;86
7087;86
7088;86
7089;86
7090;86
7091;86
7092;86
7093;86
7094;86
7095;86
7096;86
7097;86
7098;86
7099;86
7100;86
7101;86
7102;86
7103;86
7104;86
7105;86
7106;86
7107;86
7108;86
7109;86
7110;86
7111;86
7112;86
7113;86
7114;86
7115;86
7116;86
7117;86
7118;86
7119;86
7120;86
7121;86
7122;86
7123;86
7124;86
7125;86
7126;86
7127;86
7128;86
7129;86
7130;86
7131;86
7132;86
7133;86
7134;86
7135;86
7136;86
7137;86
7138;86
7139;86
7140;86
7141;86
7142;86
7143;86
7144;86
7145;86
7146;86
7147;86
7148;86
7149;86
7150;86
7151;86
7152;86
7153;86
7154;86
7155;86
7156;86
7157;86
7158;86
7159;86
7160;86
7161;86
7162;86
7163;86
7164;86
7165;86
7166;86
7167;86
7168;86
7169;86
7170;86
7171;86
7172;86
7173;86
7174;86
7175;86
7176;86
7177;86
7178;86
7179;86
7180;86
7181;86
7182;86
7183;86
7184;86
7185;86
7186;86
7187;86
7188;86
7189;86
7190;86
7191;86
7192;86
7193;86
7194;86
7195;86
7196;86
7197;86
7198;86
7199;86
7200;86
7201;86
7202;86
7203;86
7204;86
7205;86
7206;86
7207;86
7208;86
7209;86
7210;86
7211;86
7212;86
7213;86
7214;86
7215;86
7216;86
7217;86
7218;86
7219;86
7220;86
7221;86
7222;86
7223;86
7224;86
7225;86
7226;86
7227;86
7228;86
7229;86
7230;86
7231;86
7232;86
7233;86
7234;86
7235;86
7236;86
7237;86
7238;86
7239;86
7240;86
7241;86
7242;86
7243;86
7244;86
7245;86
7246;86
7247;86
7248;86
7249;86
7250;86
7251;86
7252;86
7253;86
7254;86
7255;86
7256;86
7257;86
7258;86
7259;86
7260;86
7261;86
7262;86
7263;86
7264;86
7265;86
7266;86
7267;86
7268;86
7269;86
7270;86
7271;86
7272;86
7273;86
7274;86
7275;86
7276;86
7277;86
7278;86
7279;86
7280;86
7281;86
7282;86
7283;86
7284;86
7285;86
7286;86
7287;86
7288;86
7289;86
7290;86
7291;86
7292;86
7293;86
7294;86
7295;86
7296;86
7297;86
7298;86
7299;86
7300;86
7301;86
7302;86
7303;86
7304;86
7305;86
7306;86
7307;86
7308;86
7309;86
7310;86
7311;86
7312;86
7313;86
7314;86
7315;86
7316;86
7317;86
7318;86
7319;86
7320;86
7321;86
7322;86
7323;86
7324;86
7325;86
7326;86
7327;86
7328;86
7329;86
7330;86
7331;86
7332;86
7333;86
7334;86
7335;86
7336;86
7337;86
7338;86
7339;86
7340;86
7341;86
7342;86
7343;86
7344;86
7345;86
7346;86
7347;86
7348;86
7349;86
7350;86
7351;86
7352;86
7353;86
7354;86
7355;86
7356;86
7357;86
7358;86
7359;86
7360;86
7361;86
7362;86
7363;86
7364;86
7365;86
7366;86
7367;86
7368;86
7369;86
7370;86
7371;86
7372;86
7373;86
7374;86
7375;86
7376;86
7377;86
7378;86
7379;86
7380;86
7381;86
7382;86
7383;86
7384;86
7385;86
7386;86
7387;86
7388;86
7389;86
7390;86
7391;86
7392;86
7393;86
7394;86
7395;86
7396;86
7397;86
7398;86
7399;86
7400;86
7401;86
7402;86
7403;86
7404;86
7405;86
7406;86
7407;86
7408;86
7409;86
7410;86
7411;86
7412;86
7413;86
7414;86
7415;86
7416;86
7417;86
7418;86
7419;86
7420;86
7421;86
7422;86
7423;86
7424;86
7425;86
7426;86
7427;86
7428;86
7429;86
7430;86
7431;86
7432;86
7433;86
7434;86
7435;86
7436;86
7437;86
7438;86
7439;86
7440;86
7441;86
7442;86
7443;86
7444;86
7445;86
7446;86
7447;86
7448;86
7449;86
7450;86
7451;86
7452;86
7453;86
7454;86
7455;86
7456;86
7457;86
7458;86
7459;86
7460;86
7461;86
7462;86
7463;86
7464;86
7465;86
7466;86
7467;86
7468;86
7469;86
7470;86
7471;86
7472;86
7473;86
7474;86
7475;86
7476;86
7477;86
7478;86
7479;86
7480;86
7481;86
7482;86
7483;86
7484;86
7485;86
7486;86
7487;86
7488;86
7489;86
7490;86
7491;86
7492;86
7493;86
7494;86
7495;86
7496;86
7497;86
7498;86
7499;86
7500;86
7501;86
7502;86
7503;86
7504;86
7505;86
7506;86
7507;86
7508;86
7509;86
7510;86
7511;86
7512;86
7513;86
7514;86
7515;86
7516;86
7517;86
7518;86
7519;86
7520;86
7521;86
7522;86
7523;86
7524;86
7525;86
7526;86
7527;86
7528;86
7529;86
7530;86
7531;86
7532;86
7533;86
7534;86
7535;86
7536;86
7537;86
7538;86
7539;86
7540;86
7541;86
7542;86
7543;86
7544;86
7545;86
7546;86
7547;86
7548;86
7549;86
7550;86
7551;86
7552;86
7553;86
7554;86
7555;86
7556;86
7557;86
7558;86
7559;86
7560;86
7561;86
7562;86
7563;86
7564;86
7565;86
7566;86
7567;86
7568;86
7569;86
7570;86
7571;86
7572;86
7573;86
7574;86
7575;86
7576;86
7577;86
7578;86
7579;86
7580;86
7581;86
7582;86
7583;86
7584;86
7585;86
7586;86
7587;86
7588;86
7589;86
7590;86
7591;86
7592;86
7593;86
7594;86
7595;86
7596;86
7597;86
7598;86
7599;86
7600;86
7601;86
7602;86
7603;86
7604;86
7605;86
7606;86
7607;86
7608;86
7609;86
7610;86
7611;86
7612;86
7613;86
7614;86
7615;86
7616;86
7617;86
7618;86
7619;86
7620;86
7621;86
7622;86
7623;86
7624;86
7625;86
7626;86
7627;86
7628;86
7629;86
7630;86
7631;86
7632;86
7633;86
7634;86
7635;86
7636;86
7637;86
7638;86
7639;86
7640;86
7641;86
7642;86
7643;86
7644;86
7645;86
7646;86
7647;86
7648;86
7649;86
7650;86
7651;86
7652;86
7653;86
7654;86
7655;86
7656;86
7657;86
7658;86
7659;86
7660;86
7661;86
7662;86
7663;86
7664;86
7665;86
7666;86
7667;86
7668;86
7669;86
7670;86
7671;86
7672;86
7673;86
7674;86
7675;86
7676;86
7677;86
7678;86
7679;86
7680;86
7681;86
7682;86
7683;86
7684;86
7685;86
7686;86
7687;86
7688;86
7689;86
7690;86
7691;86
7692;86
7693;86
7694;86
7695;86
7696;86
7697;86
7698;86
7699;86
7700;86
7701;86
7702;86
7703;86
7704;86
7705;86
7706;86
7707;86
7708;86
7709;86
7710;86
7711;86
7712;86
7713;86
7714;86
7715;86
7716;86
7717;86
7718;86
7719;86
7720;86
7721;86
7722;86
7723;86
7724;86
7725;86
7726;86
7727;86
7728;86
7729;86
7730;86
7731;86
7732;86
7733;86
7734;86
7735;86
7736;86
7737;86
7738;86
7739;86
7740;86
7741;86
7742;86
7743;86
7744;86
7745;86
7746;86
7747;86
7748;86
7749;86
7750;86
7751;86
7752;86
7753;86
7754;86
7755;86
7756;86
7757;86
7758;86
7759;86
7760;86
7761;86
7762;86
7763;86
7764;86
7765;86
7766;86
7767;86
7768;86
7769;86
7770;86
7771;86
7772;86
7773;86
7774;86
7775;86
7776;86
7777;86
7778;86
7779;86
7780;86
7781;86
7782;86
7783;86
7784;86
7785;86
7786;86
7787;86
7788;86
7789;86
7790;86
7791;86
7792;86
7793;86
7794;86
7795;86
7796;86
7797;86
7798;86
7799;86
7800;86
7801;86
7802;86
7803;86
7804;86
7805;86
7806;86
7807;86
7808;86
7809;86
7810;86
7811;86
7812;86
7813;86
7814;86
7815;86
7816;86
7817;86
7818;86
7819;86
7820;86
7821;86
7822;86
7823;86
7824;86
7825;86
7826;86
7827;86
7828;86
7829;86
7830;86
7831;86
7832;86
7833;86
7834;86
7835;86
7836;86
7837;86
7838;86
7839;86
7840;86
7841;86
7842;86
7843;86
7844;86
7845;86
7846;86
7847;86
7848;86
7849;86
7850;86
7851;86
7852;86
7853;86
7854;86
7855;86
7856;86
7857;86
7858;86
7859;86
7860;86
7861;86
7862;86
7863;86
7864;86
7865;86
7866;86
7867;86
7868;86
7869;86
7870;86
7871;86
7872;86
7873;86
7874;86
7875;86
7876;86
7877;86
7878;86
7879;86
7880;86
7881;86
7882;86
7883;86
7884;86
7885;86
7886;86
7887;86
7888;86
7889;86
7890;86
7891;86
7892;86
7893;86
7894;86
7895;86
7896;86
7897;86
7898;86
7899;86
7900;86
7901;86
7902;86
7903;86
7904;86
7905;86
7906;86
7907;86
7908;86
7909;86
7910;86
7911;86
7912;86
7913;86
7914;86
7915;86
7916;86
7917;86
7918;86
7919;86
7920;86
7921;86
7922;86
7923;86
7924;86
7925;86
7926;86
7927;86
7928;86
7929;86
7930;86
7931;86
7932;86
7933;86
7934;86
7935;86
7936;86
7937;86
7938;86
7939;86
7940;86
7941;86
7942;86
7943;86
7944;86
7945;86
7946;86
7947;86
7948;86
7949;86
7950;86
7951;86
7952;86
7953;86
7954;86
7955;86
7956;86
7957;86
7958;86
7959;86
7960;86
7961;86
7962;86
7963;86
7964;86
7965;86
7966;86
7967;86
7968;86
7969;86
7970;86
7971;86
7972;86
7973;86
7974;86
7975;86
7976;86
7977;86
7978;86
7979;86
7980;86
7981;86
7982;86
7983;86
7984;86
7985;86
7986;86
7987;86
7988;86
7989;86
7990;86
7991;86
7992;86
7993;86
7994;86
7995;86
7996;86
7997;86
7998;86
7999;86
8000;86
8001;86
8002;86
8003;86
8004;86
8005;86
8006;86
8007;86
8008;86
8009;86
8010;86
8011;86
8012;86
8013;86
8014;86
8015;86
8016;86
8017;86
8018;86
8019;86
8020;86
8021;86
8022;86
8023;86
8024;86
8025;86
8026;86
8027;86
8028;86
8029;86
8030;86
8031;86
8032;86
8033;86
8034;86
8035;86
8036;86
8037;86
8038;86
8039;86
8040;86
8041;86
8042;86
8043;86
8044;86
8045;86
8046;86
8047;86
8048;86
8049;86
8050;86
8051;86
8052;86
8053;86
8054;86
8055;86
8056;86
8057;86
8058;86
8059;86
8060;86
8061;86
8062;86
8063;86
8064;86
8065;86
8066;86
8067;86
8068;86
8069;86
8070;86
8071;86
8072;86
8073;86
8074;86
8075;86
8076;86
8077;86
8078;86
8079;86
8080;86
8081;86
8082;86
8083;86
8084;86
8085;86
8086;86
8087;86
8088;86
8089;86
8090;86
8091;86
8092;86
8093;86
8094;86
8095;86
8096;86
8097;86
8098;86
8099;86
8100;86
8101;86
8102;86
8103;86
8104;86
8105;86
8106;86
8107;86
8108;86
8109;86
8110;86
8111;86
8112;86
8113;86
8114;86
8115;86
8116;86
8117;86
8118;86
8119;86
8120;86
8121;86
8122;86
8123;86
8124;86
8125;86
8126;86
8127;86
8128;86
8129;86
8130;86
8131;86
8132;86
8133;86
8134;86
8135;86
8136;86
8137;86
8138;86
8139;86
8140;86
8141;86
8142;86
8143;86
8144;86
8145;86
8146;86
8147;86
8148;86
8149;86
8150;86
8151;86
8152;86
8153;86
8154;86
8155;86
8156;86
8157;86
8158;86
8159;86
8160;86
8161;86
8162;86
8163;86
8164;86
8165;86
8166;86
8167;86
8168;86
8169;86
8170;86
8171;86
8172;86
8173;86
8174;86
8175;86
8176;86
8177;86
8178;86
8179;86
8180;86
8181;86
8182;86
8183;86
8184;86
8185;86
8186;86
8187;86
8188;86
8189;86
8190;86
8191;86
8192;86
8193;86
8194;86
8195;86
8196;86
8197;86
8198;86
8199;86
8200;86
8201;86
8202;86
8203;86
8204;86
8205;86
8206;86
8207;86
8208;86
8209;86
8210;86
8211;86
8212;86
8213;86
8214;86
8215;86
8216;86
8217;86
8218;86
8219;86
8220;86
8221;86
8222;86
8223;86
8224;86
8225;86
8226;86
8227;86
8228;86
8229;86
8230;86
8231;86
8232;86
8233;86
8234;86
8235;86
8236;86
8237;86
8238;86
8239;86
8240;86
8241;86
8242;86
8243;86
8244;86
8245;86
8246;86
8247;86
8248;86
8249;86
8250;86
8251;86
8252;86
8253;86
8254;86
8255;86
8256;86
8257;86
8258;86
8259;86
8260;86
8261;86
8262;86
8263;86
8264;86
8265;86
8266;86
8267;86
8268;86
8269;86
8270;86
8271;86
8272;86
8273;86
8274;86
8275;86
8276;86
8277;86
8278;86
8279;86
8280;86
8281;86
8282;86
8283;86
8284;86
8285;86
8286;86
8287;86
8288;86
8289;86
8290;86
8291;86
8292;86
8293;86
8294;86
8295;86
8296;86
8297;86
8298;86
8299;86
8300;86
8301;86
8302;86
8303;86
8304;86
8305;86
8306;86
8307;86
8308;86
8309;86
8310;86
8311;86
8312;86
8313;86
8314;86
8315;86
8316;86
8317;86
8318;86
8319;86
8320;86
8321;86
8322;86
8323;86
8324;86
8325;86
8326;86
8327;86
8328;86
8329;86
8330;86
8331;86
8332;86
8333;86
8334;86
8335;86
8336;86
8337;86
8338;86
8339;86
8340;86
8341;86
8342;86
8343;86
8344;86
8345;86
8346;86
8347;86
8348;86
8349;86
8350;86
8351;86
8352;86
8353;86
8354;86
8355;86
8356;86
8357;86
8358;86
8359;86
8360;86
8361;86
8362;86
8363;86
8364;86
8365;86
8366;86
8367;86
8368;86
8369;86
8370;86
8371;86
8372;86
8373;86
8374;86
8375;86
8376;86
8377;86
8378;86
8379;86
8380;86
8381;86
8382;86
8383;86
8384;86
8385;86
8386;86
8387;86
8388;86
8389;86
8390;86
8391;86
8392;86
8393;86
8394;86
8395;86
8396;86
8397;86
8398;86
8399;86
8400;86
8401;86
8402;86
8403;86
8404;86
8405;86
8406;86
8407;86
8408;86
8409;86
8410;86
8411;86
8412;86
8413;86
8414;86
8415;86
8416;86
8417;86
8418;86
8419;86
8420;86
8421;86
8422;86
8423;86
8424;86
8425;86
8426;86
8427;86
8428;86
8429;86
8430;86
8431;86
8432;86
8433;86
8434;86
8435;86
8436;86
8437;86
8438;86
8439;86
8440;86
8441;86
8442;86
8443;86
8444;86
8445;86
8446;86
8447;86
8448;86
8449;86
8450;86
8451;86
8452;86
8453;86
8454;86
8455;86
8456;86
8457;86
8458;86
8459;86
8460;86
8461;86
8462;86
8463;86
8464;86
8465;86
8466;86
8467;86
8468;86
8469;86
8470;86
8471;86
8472;86
8473;86
8474;86
8475;86
8476;86
8477;86
8478;86
8479;86
8480;86
8481;86
8482;86
8483;86
8484;86
8485;86
8486;86
8487;86
8488;86
8489;86
8490;86
8491;86
8492;86
8493;86
8494;86
8495;86
8496;86
8497;86
8498;86
8499;86
8500;86
8501;86
8502;86
8503;86
8504;86
8505;86
8506;86
8507;86
8508;86
8509;86
8510;86
8511;86
8512;86
8513;86
8514;86
8515;86
8516;86
8517;86
8518;86
8519;86
8520;86
8521;86
8522;86
8523;86
8524;86
8525;86
8526;86
8527;86
8528;86
8529;86
8530;86
8531;86
8532;86
8533;86
8534;86
8535;86
8536;86
8537;86
8538;86
8539;86
8540;86
8541;86
8542;86
8543;86
8544;86
8545;86
8546;86
8547;86
8548;86
8549;86
8550;86
8551;86
8552;86
8553;86
8554;86
8555;86
8556;86
8557;86
8558;86
8559;86
8560;86
8561;86
8562;86
8563;86
8564;86
8565;86
8566;86
8567;86
8568;86
8569;86
8570;86
8571;86
8572;86
8573;86
8574;86
8575;86
8576;86
8577;86
8578;86
8579;86
8580;86
8581;86
8582;86
8583;86
8584;86
8585;86
8586;86
8587;86
8588;86
8589;86
8590;86
8591;86
8592;86
8593;86
8594;86
8595;86
8596;86
8597;86
8598;86
8599;86
8600;86
8601;86
8602;86
8603;86
8604;86
8605;86
8606;86
8607;86
8608;86
8609;86
8610;86
8611;86
8612;86
8613;86
8614;86
8615;86
8616;86
8617;86
8618;86
8619;86
8620;86
8621;86
8622;86
8623;86
8624;86
8625;86
8626;86
8627;86
8628;86
8629;86
8630;86
8631;86
8632;86
8633;86
8634;86
8635;86
8636;86
8637;86
8638;86
8639;86
8640;86
8641;86
8642;86
8643;86
8644;86
8645;86
8646;86
8647;86
8648;86
8649;86
8650;86
8651;86
8652;86
8653;86
8654;86
8655;86
8656;86
8657;86
8658;86
8659;86
8660;86
8661;86
8662;86
8663;86
8664;86
8665;86
8666;86
8667;86
8668;86
8669;86
8670;86
8671;86
8672;86
8673;86
8674;86
8675;86
8676;86
8677;86
8678;86
8679;86
8680;86
8681;86
8682;86
8683;86
8684;86
8685;86
8686;86
8687;86
8688;86
8689;86
8690;86
8691;86
8692;86
8693;86
8694;86
8695;86
8696;86
8697;86
8698;86
8699;86
8700;86
8701;86
8702;86
8703;86
8704;86
8705;86
8706;86
8707;86
8708;86
8709;86
8710;86
8711;86
8712;86
8713;86
8714;86
8715;86
8716;86
8717;86
8718;86
8719;86
8720;86
8721;86
8722;86
8723;86
8724;86
8725;86
8726;86
8727;86
8728;86
8729;86
8730;86
8731;86
8732;86
8733;86
8734;86
8735;86
8736;86
8737;86
8738;86
8739;86
8740;86
8741;86
8742;86
8743;86
8744;86
8745;86
8746;86
8747;86
8748;86
8749;86
8750;86
8751;86
8752;86
8753;86
8754;86
8755;86
8756;86
8757;86
8758;86
8759;86
8760;86
8761;86
8762;86
8763;86
8764;86
8765;86
8766;86
8767;86
8768;86
8769;86
8770;86
8771;86
8772;86
8773;86
8774;86
8775;86
8776;86
8777;86
8778;86
8779;86
8780;86
8781;86
8782;86
8783;86
8784;86
8785;86
8786;86
8787;86
8788;86
8789;86
8790;86
8791;86
8792;86
8793;86
8794;86
8795;86
8796;86
8797;86
8798;86
8799;86
8800;86
8801;86
8802;86
8803;86
8804;86
8805;86
8806;86
8807;86
8808;86
8809;86
8810;86
8811;86
8812;86
8813;86
8814;86
8815;86
8816;86
8817;86
8818;86
8819;86
8820;86
8821;86
8822;86
8823;86
8824;86
8825;86
8826;86
8827;86
8828;86
8829;86
8830;86
8831;86
8832;86
8833;86
8834;86
8835;86
8836;86
8837;86
8838;86
8839;86
8840;86
8841;86
8842;86
8843;86
8844;86
8845;86
8846;86
8847;86
8848;86
8849;86
8850;86
8851;86
8852;86
8853;86
8854;86
8855;86
8856;86
8857;86
8858;86
8859;86
8860;86
8861;86
8862;86
8863;86
8864;86
8865;86
8866;86
8867;86
8868;86
8869;86
8870;86
8871;86
8872;86
8873;86
8874;86
8875;86
8876;86
8877;86
8878;86
8879;86
8880;86
8881;86
8882;86
8883;86
8884;86
8885;86
8886;86
8887;86
8888;86
8889;86
8890;86
8891;86
8892;86
8893;86
8894;86
8895;86
8896;86
8897;86
8898;86
8899;86
8900;86
8901;86
8902;86
8903;86
8904;86
8905;86
8906;86
8907;86
8908;86
8909;86
8910;86
8911;86
8912;86
8913;86
8914;86
8915;86
8916;86
8917;86
8918;86
8919;86
8920;86
8921;86
8922;86
8923;86
8924;86
8925;86
8926;86
8927;86
8928;86
8929;86
8930;86
8931;86
8932;86
8933;86
8934;86
8935;86
8936;86
8937;86
8938;86
8939;86
8940;86
8941;86
8942;86
8943;86
8944;86
8945;86
8946;86
8947;86
8948;86
8949;86
8950;86
8951;86
8952;86
8953;86
8954;86
8955;86
8956;86
8957;86
8958;86
8959;86
8960;86
8961;86
8962;86
8963;86
8964;86
8965;86
8966;86
8967;86
8968;86
8969;86
8970;86
8971;86
8972;86
8973;86
8974;86
8975;86
8976;86
8977;86
8978;86
8979;86
8980;86
8981;86
8982;86
8983;86
8984;86
8985;86
8986;86
8987;86
8988;86
8989;86
8990;86
8991;86
8992;86
8993;86
8994;86
8995;86
8996;86
8997;86
8998;86
8999;86
9000;86
9001;86
9002;86
9003;86
9004;86
9005;86
9006;86
9007;86
9008;86
9009;86
9010;86
9011;86
9012;86
9013;86
9014;86
9015;86
9016;86
9017;86
9018;86
9019;86
9020;86
9021;86
9022;86
9023;86
9024;86
9025;86
9026;86
9027;86
9028;86
9029;86
9030;86
9031;86
9032;86
9033;86
9034;86
9035;86
9036;86
9037;86
9038;86
9039;86
9040;86
9041;86
9042;86
9043;86
9044;86
9045;86
9046;86
9047;86
9048;86
9049;86
9050;86
9051;86
9052;86
9053;86
9054;86
9055;86
9056;86
9057;86
9058;86
9059;86
9060;86
9061;86
9062;86
9063;86
9064;86
9065;86
9066;86
9067;86
9068;86
9069;86
9070;86
9071;86
9072;86
9073;86
9074;86
9075;86
9076;86
9077;86
9078;86
9079;86
9080;86
9081;86
9082;86
9083;86
9084;86
9085;86
9086;86
9087;86
9088;86
9089;86
9090;86
9091;86
9092;86
9093;86
9094;86
9095;86
9096;86
9097;86
9098;86
9099;86
9100;86
9101;86
9102;86
9103;86
9104;86
9105;86
9106;86
9107;86
9108;86
9109;86
9110;86
9111;86
9112;86
9113;86
9114;86
9115;86
9116;86
9117;86
9118;86
9119;86
9120;86
9121;86
9122;86
9123;86
9124;86
9125;86
9126;86
9127;86
9128;86
9129;86
9130;86
9131;86
9132;86
9133;86
9134;86
9135;86
9136;86
9137;86
9138;86
9139;86
9140;86
9141;86
9142;86
9143;86
9144;86
9145;86
9146;86
9147;86
9148;86
9149;86
9150;86
9151;86
9152;86
9153;86
9154;86
9155;86
9156;86
9157;86
9158;86
9159;86
9160;86
9161;86
9162;86
9163;86
9164;86
9165;86
9166;86
9167;86
9168;86
9169;86
9170;86
9171;86
9172;86
9173;86
9174;86
9175;86
9176;86
9177;86
9178;86
9179;86
9180;86
9181;86
9182;86
9183;86
9184;86
9185;86
9186;86
9187;86
9188;86
9189;86
9190;86
9191;86
9192;86
9193;86
9194;86
9195;86
9196;86
9197;86
9198;86
9199;86
9200;86
9201;86
9202;86
9203;86
9204;86
9205;86
9206;86
9207;86
9208;86
9209;86
9210;86
9211;86
9212;86
9213;86
9214;86
9215;86
9216;86
9217;86
9218;86
9219;86
9220;86
9221;86
9222;86
9223;86
9224;86
9225;86
9226;86
9227;86
9228;86
9229;86
9230;86
9231;86
9232;86
9233;86
9234;86
9235;86
9236;86
9237;86
9238;86
9239;86
9240;86
9241;86
9242;86
9243;86
9244;86
9245;86
9246;86
9247;86
9248;86
9249;86
9250;86
9251;86
9252;86
9253;86
9254;86
9255;86
9256;86
9257;86
9258;86
9259;86
9260;86
9261;86
9262;86
9263;86
9264;86
9265;86
9266;86
9267;86
9268;86
9269;86
9270;86
9271;86
9272;86
9273;86
9274;86
9275;86
9276;86
9277;86
9278;86
9279;86
9280;86
9281;86
9282;86
9283;86
9284;86
9285;86
9286;86
9287;86
9288;86
9289;86
9290;86
9291;86
9292;86
9293;86
9294;86
9295;86
9296;86
9297;86
9298;86
9299;86
9300;86
9301;86
9302;86
9303;86
9304;86
9305;86
9306;86
9307;86
9308;86
9309;86
9310;86
9311;86
9312;86
9313;86
9314;86
9315;86
9316;86
9317;86
9318;86
9319;86
9320;86
9321;86
9322;86
9323;86
9324;86
9325;86
9326;86
9327;86
9328;86
9329;86
9330;86
9331;86
9332;86
9333;86
9334;86
9335;86
9336;86
9337;86
9338;86
9339;86
9340;86
9341;86
9342;86
9343;86
9344;86
9345;86
9346;86
9347;86
9348;86
9349;86
9350;86
9351;86
9352;86
9353;86
9354;86
9355;86
9356;86
9357;86
9358;86
9359;86
9360;86
9361;86
9362;86
9363;86
9364;86
9365;86
9366;86
9367;86
9368;86
9369;86
9370;86
9371;86
9372;86
9373;86
9374;86
9375;86
9376;86
9377;86
9378;86
9379;86
9380;86
9381;86
9382;86
9383;86
9384;86
9385;86
9386;86
9387;86
9388;86
9389;86
9390;86
9391;86
9392;86
9393;86
9394;86
9395;86
9396;86
9397;86
9398;86
9399;86
9400;86
9401;86
9402;86
9403;86
9404;86
9405;86
9406;86
9407;86
9408;86
9409;86
9410;86
9411;86
9412;86
9413;86
9414;86
9415;86
9416;86
9417;86
9418;86
9419;86
9420;86
9421;86
9422;86
9423;86
9424;86
9425;86
9426;86
9427;86
9428;86
9429;86
9430;86
9431;86
9432;86
9433;86
9434;86
9435;86
9436;86
9437;86
9438;86
9439;86
9440;86
9441;86
9442;86
9443;86
9444;86
9445;86
9446;86
9447;86
9448;86
9449;86
9450;86
9451;86
9452;86
9453;86
9454;86
9455;86
9456;86
9457;86
9458;86
9459;86
9460;86
9461;86
9462;86
9463;86
9464;86
9465;86
9466;86
9467;86
9468;86
9469;86
9470;86
9471;86
9472;86
9473;86
9474;86
9475;86
9476;86
9477;86
9478;86
9479;86
9480;86
9481;86
9482;86
9483;86
9484;86
9485;86
9486;86
9487;86
9488;86
9489;86
9490;86
9491;86
9492;86
9493;86
9494;86
9495;86
9496;86
9497;86
9498;86
9499;86
9500;86
9501;86
9502;86
9503;86
9504;86
9505;86
9506;86
9507;86
9508;86
9509;86
9510;86
9511;86
9512;86
9513;86
9514;86
9515;86
9516;86
9517;86
9518;86
9519;86
9520;86
9521;86
9522;86
9523;86
9524;86
9525;86
9526;86
9527;86
9528;86
9529;86
9530;86
9531;86
9532;86
9533;86
9534;86
9535;86
9536;86
9537;86
9538;86
9539;86
9540;86
9541;86
9542;86
9543;86
9544;86
9545;86
9546;86
9547;86
9548;86
9549;86
9550;86
9551;86
9552;86
9553;86
9554;86
9555;86
9556;86
9557;86
9558;86
9559;86
9560;86
9561;86
9562;86
9563;86
9564;86
9565;86
9566;86
9567;86
9568;86
9569;86
9570;86
9571;86
9572;86
9573;86
9574;86
9575;86
9576;86
9577;86
9578;86
9579;86
9580;86
9581;86
9582;86
9583;86
9584;86
9585;86
9586;86
9587;86
9588;86
9589;86
9590;86
9591;86
9592;86
9593;86
9594;86
9595;86
9596;86
9597;86
9598;86
9599;86
9600;86
9601;86
9602;86
9603;86
9604;86
9605;86
9606;86
9607;86
9608;86
9609;86
9610;86
9611;86
9612;86
9613;86
9614;86
9615;86
9616;86
9617;86
9618;86
9619;86
9620;86
9621;86
9622;86
9623;86
9624;86
9625;86
9626;86
9627;86
9628;86
9629;86
9630;86
9631;86
9632;86
9633;86
9634;86
9635;86
9636;86
9637;86
9638;86
9639;86
9640;86
9641;86
9642;86
9643;86
9644;86
9645;86
9646;86
9647;86
9648;86
9649;86
9650;86
9651;86
9652;86
9653;86
9654;86
9655;86
9656;86
9657;86
9658;86
9659;86
9660;86
9661;86
9662;86
9663;86
9664;86
9665;86
9666;86
9667;86
9668;86
9669;86
9670;86
9671;86
9672;86
9673;86
9674;86
9675;86
9676;86
9677;86
9678;86
9679;86
9680;86
9681;86
9682;86
9683;86
9684;86
9685;86
9686;86
9687;86
9688;86
9689;86
9690;86
9691;86
9692;86
9693;86
9694;86
9695;86
9696;86
9697;86
9698;86
9699;86
9700;86
9701;86
9702;86
9703;86
9704;86
9705;86
9706;86
9707;86
9708;86
9709;86
9710;86
9711;86
9712;86
9713;86
9714;86
9715;86
9716;86
9717;86
9718;86
9719;86
9720;86
9721;86
9722;86
9723;86
9724;86
9725;86
9726;86
9727;86
9728;86
9729;86
9730;86
9731;86
9732;86
9733;86
9734;86
9735;86
9736;86
9737;86
9738;86
9739;86
9740;86
9741;86
9742;86
9743;86
9744;86
9745;86
9746;86
9747;86
9748;86
9749;86
9750;86
9751;86
9752;86
9753;86
9754;86
9755;86
9756;86
9757;86
9758;86
9759;86
9760;86
9761;86
9762;86
9763;86
9764;86
9765;86
9766;86
9767;86
9768;86
9769;86
9770;86
9771;86
9772;86
9773;86
9774;86
9775;86
9776;86
9777;86
9778;86
9779;86
9780;86
9781;86
9782;86
9783;86
9784;86
9785;86
9786;86
9787;86
9788;86
9789;86
9790;86
9791;86
9792;86
9793;86
9794;86
9795;86
9796;86
9797;86
9798;86
9799;86
9800;86
9801;86
9802;86
9803;86
9804;86
9805;86
9806;86
9807;86
9808;86
9809;86
9810;86
9811;86
9812;86
9813;86
9814;86
9815;86
9816;86
9817;86
9818;86
9819;86
9820;86
9821;86
9822;86
9823;86
9824;86
9825;86
9826;86
9827;86
9828;86
9829;86
9830;86
9831;86
9832;86
9833;86
9834;86
9835;86
9836;86
9837;86
9838;86
9839;86
9840;86
9841;86
9842;86
9843;86
9844;86
9845;86
9846;86
9847;86
9848;86
9849;86
9850;86
9851;86
9852;86
9853;86
9854;86
9855;86
9856;86
9857;86
9858;86
9859;86
9860;86
9861;86
9862;86
9863;86
9864;86
9865;86
9866;86
9867;86
9868;86
9869;86
9870;86
9871;86
9872;86
9873;86
9874;86
9875;86
9876;86
9877;86
9878;86
9879;86
9880;86
9881;86
9882;86
9883;86
9884;86
9885;86
9886;86
9887;86
9888;86
9889;86
9890;86
9891;86
9892;86
9893;86
9894;86
9895;86
9896;86
9897;86
9898;86
9899;86
9900;86
9901;86
9902;86
9903;86
9904;86
9905;86
9906;86
9907;86
9908;86
9909;86
9910;86
9911;86
9912;86
9913;86
9914;86
9915;86
9916;86
9917;86
9918;86
9919;86
9920;86
9921;86
9922;86
9923;86
9924;86
9925;86
9926;86
9927;86
9928;86
9929;86
9930;86
9931;86
9932;86
9933;86
9934;86
9935;86
9936;86
9937;86
9938;86
9939;86
9940;86
9941;86
9942;86
9943;86
9944;86
9945;86
9946;86
9947;86
9948;86
9949;86
9950;86
9951;86
9952;86
9953;86
9954;86
9955;86
9956;86
9957;86
9958;86
9959;86
9960;86
9961;86
9962;86
9963;86
9964;86
9965;86
9966;86
9967;86
9968;86
9969;86
9970;86
9971;86
9972;86
9973;86
9974;86
9975;86
9976;86
9977;86
9978;86
9979;86
9980;86
9981;86
9982;86
9983;86
9984;86
9985;86
9986;86
9987;86
9988;86
9989;86
9990;86
9991;86
9992;86
9993;86
9994;86
9995;86
9996;86
9997;86
9998;86
9999;86