Skipping file: 1.png. Already extracted...
Skipping file: 2.png. Already extracted...
Calculating key point pairs...
Found 687 key point pairs.
Pair calculation time: 275ms
Calculating neighbourhoods...
Analyzing cohesion...
Found 212 coherent pairs. 
Coherence analysis time: 51ms
Running ransac
0;90
1;90
2;590
3;590
4;590
5;590
6;591
7;591
8;591
9;591
10;591
11;591
12;591
13;591
14;591
15;591
16;591
17;591
18;591
19;591
20;591
21;592
22;592
23;592
24;592
25;592
26;592
27;592
28;592
29;592
30;592
31;592
32;592
33;592
34;592
35;592
36;592
37;592
38;592
39;592
40;592
41;592
42;592
43;592
44;592
45;592
46;592
47;592
48;592
49;592
50;592
51;592
52;592
53;592
54;592
55;592
56;592
57;592
58;592
59;592
60;592
61;592
62;592
63;592
64;592
65;592
66;592
67;592
68;592
69;592
70;592
71;592
72;592
73;592
74;592
75;592
76;592
77;592
78;592
79;592
80;592
81;592
82;592
83;592
84;592
85;592
86;592
87;592
88;592
89;592
90;592
91;592
92;592
93;592
94;592
95;592
96;592
97;592
98;592
99;592
100;592
101;592
102;592
103;592
104;592
105;592
106;592
107;592
108;592
109;592
110;592
111;592
112;592
113;592
114;592
115;592
116;592
117;592
118;592
119;592
120;592
121;592
122;592
123;592
124;592
125;592
126;592
127;592
128;592
129;592
130;592
131;592
132;592
133;592
134;592
135;592
136;592
137;592
138;592
139;592
140;592
141;592
142;592
143;592
144;592
145;592
146;592
147;592
148;592
149;592
150;592
151;592
152;592
153;592
154;592
155;592
156;592
157;592
158;592
159;592
160;592
161;592
162;592
163;592
164;592
165;592
166;592
167;592
168;592
169;592
170;592
171;592
172;592
173;592
174;592
175;592
176;592
177;592
178;592
179;592
180;592
181;592
182;592
183;592
184;592
185;592
186;592
187;592
188;592
189;592
190;592
191;592
192;592
193;592
194;592
195;592
196;592
197;592
198;592
199;592
200;592
201;592
202;592
203;592
204;592
205;592
206;592
207;592
208;592
209;592
210;592
211;592
212;592
213;592
214;592
215;592
216;592
217;592
218;592
219;592
220;592
221;592
222;592
223;592
224;592
225;592
226;592
227;592
228;592
229;592
230;592
231;592
232;592
233;592
234;592
235;592
236;592
237;592
238;592
239;592
240;592
241;592
242;592
243;592
244;592
245;592
246;592
247;592
248;592
249;592
250;592
251;592
252;592
253;592
254;592
255;592
256;592
257;592
258;592
259;592
260;592
261;592
262;592
263;592
264;592
265;592
266;592
267;592
268;592
269;592
270;592
271;592
272;592
273;592
274;592
275;592
276;592
277;592
278;592
279;592
280;592
281;592
282;592
283;592
284;592
285;592
286;592
287;592
288;592
289;592
290;592
291;592
292;592
293;592
294;592
295;592
296;592
297;592
298;592
299;592
300;592
301;592
302;592
303;592
304;592
305;592
306;592
307;592
308;592
309;592
310;592
311;592
312;592
313;592
314;592
315;592
316;592
317;592
318;592
319;592
320;592
321;592
322;592
323;592
324;592
325;592
326;592
327;592
328;592
329;592
330;592
331;592
332;592
333;592
334;592
335;592
336;592
337;592
338;592
339;592
340;592
341;592
342;592
343;592
344;592
345;592
346;592
347;592
348;592
349;592
350;592
351;592
352;592
353;592
354;592
355;592
356;592
357;592
358;592
359;592
360;592
361;592
362;592
363;592
364;592
365;592
366;592
367;592
368;592
369;592
370;592
371;592
372;592
373;592
374;592
375;592
376;592
377;592
378;592
379;592
380;592
381;592
382;592
383;592
384;592
385;592
386;592
387;592
388;592
389;592
390;592
391;592
392;592
393;592
394;592
395;592
396;592
397;592
398;592
399;592
400;592
401;592
402;592
403;592
404;592
405;592
406;592
407;592
408;592
409;592
410;592
411;592
412;592
413;592
414;592
415;592
416;592
417;592
418;592
419;592
420;592
421;592
422;592
423;592
424;592
425;592
426;592
427;592
428;592
429;592
430;592
431;592
432;592
433;592
434;592
435;592
436;592
437;592
438;592
439;592
440;592
441;592
442;592
443;592
444;592
445;592
446;592
447;592
448;592
449;592
450;592
451;592
452;592
453;592
454;592
455;592
456;592
457;592
458;592
459;592
460;592
461;592
462;592
463;592
464;592
465;592
466;592
467;592
468;592
469;592
470;592
471;592
472;592
473;592
474;592
475;592
476;592
477;592
478;592
479;592
480;592
481;592
482;592
483;592
484;592
485;592
486;592
487;592
488;592
489;592
490;592
491;592
492;592
493;592
494;592
495;592
496;592
497;592
498;592
499;592
Found 592 pairs matching transform. 
Ransac time: 11ms
